# transform file /out/sourcedata/freesurfer/sub-v1s5x0050731_ses-1/mri/transforms/cc_up.lta
# created by oesteban on Tue Mar 10 05:25:39 2026

type      = 0 # LINEAR_VOX_TO_VOX
nxforms   = 1
mean      = 129.0000 111.0000 118.0000
sigma     = 10000.0000
1 4 4
9.964130520820618e-01 6.550537794828415e-02 -5.357300490140915e-02 -2.490928173065186e+00 
-6.541090458631516e-02 9.978522062301636e-01 3.516873577609658e-03 4.537038421630859e+01 
5.368831753730774e-02 0.000000000000000e+00 9.985576868057251e-01 9.128359794616699e+00 
0.000000000000000e+00 0.000000000000000e+00 0.000000000000000e+00 1.000000000000000e+00 
src volume info
valid = 1  # volume info valid
filename = /out/sourcedata/freesurfer/sub-v1s5x0050731_ses-1/mri/norm.mgz
volume = 256 256 256
voxelsize = 1.000000000000000e+00 1.000000000000000e+00 1.000000000000000e+00
xras   = -9.999998807907104e-01 -5.820766091346741e-10 0.000000000000000e+00
yras   = 0.000000000000000e+00 -9.313225746154785e-10 -9.999999403953552e-01
zras   = -3.026798367500305e-09 9.999998807907104e-01 -1.862645149230957e-09
cras   = 3.813308715820312e+00 1.187365722656250e+01 1.503051757812500e+01
dst volume info
valid = 1  # volume info valid
filename = /out/sourcedata/freesurfer/sub-v1s5x0050731_ses-1/mri/norm.mgz
volume = 256 256 256
voxelsize = 1.000000000000000e+00 1.000000000000000e+00 1.000000000000000e+00
xras   = -9.999998807907104e-01 -5.820766091346741e-10 0.000000000000000e+00
yras   = 0.000000000000000e+00 -9.313225746154785e-10 -9.999999403953552e-01
zras   = -3.026798367500305e-09 9.999998807907104e-01 -1.862645149230957e-09
cras   = 3.813308715820312e+00 1.187365722656250e+01 1.503051757812500e+01
