# transform file transforms/talairach.lta
# created by oesteban on Tue Mar 10 04:00:21 2026

type      = 0 # LINEAR_VOX_TO_VOX
nxforms   = 1
mean      = 129.0000 110.0000 119.0000
sigma     = 10000.0000
1 4 4
1.069532275199890e+00 7.270772755146027e-02 -5.058950558304787e-02 -1.473332786560059e+01 
-3.652424365282059e-02 1.123082399368286e+00 2.614813856780529e-03 4.687969684600830e+00 
5.110105127096176e-02 -3.976866719312966e-04 9.605505466461182e-01 -7.797925949096680e+00 
0.000000000000000e+00 0.000000000000000e+00 0.000000000000000e+00 1.000000000000000e+00 
src volume info
valid = 1  # volume info valid
filename = nu.mgz
volume = 256 256 256
voxelsize = 1.000000000000000e+00 1.000000000000000e+00 1.000000000000000e+00
xras   = -9.999998807907104e-01 -5.820766091346741e-10 0.000000000000000e+00
yras   = 0.000000000000000e+00 -9.313225746154785e-10 -9.999999403953552e-01
zras   = -3.026798367500305e-09 9.999998807907104e-01 -1.862645149230957e-09
cras   = 3.813308715820312e+00 1.187365722656250e+01 1.503051757812500e+01
dst volume info
valid = 1  # volume info valid
filename = /opt/freesurfer/average/RB_all_2020-01-02.gca
volume = 256 256 256
voxelsize = 1.000000000000000e+00 1.000000000000000e+00 1.000000000000000e+00
xras   = -1.000000000000000e+00 0.000000000000000e+00 0.000000000000000e+00
yras   = 0.000000000000000e+00 0.000000000000000e+00 -1.000000000000000e+00
zras   = 0.000000000000000e+00 1.000000000000000e+00 0.000000000000000e+00
cras   = 0.000000000000000e+00 0.000000000000000e+00 0.000000000000000e+00
