# transform file /out/sourcedata/freesurfer/sub-v1s5x0050740_ses-1/mri/transforms/cc_up.lta
# created by oesteban on Tue Mar 10 06:01:33 2026

type      = 0 # LINEAR_VOX_TO_VOX
nxforms   = 1
mean      = 132.0000 99.0000 118.0000
sigma     = 10000.0000
1 4 4
9.930009841918945e-01 1.104944497346878e-01 4.171175137162209e-02 -1.757819747924805e+01 
-1.103970929980278e-01 9.938766360282898e-01 -4.637313075363636e-03 6.067332458496094e+01 
-4.196874052286148e-02 4.656612317965880e-10 9.991188645362854e-01 2.967347145080566e+01 
0.000000000000000e+00 0.000000000000000e+00 0.000000000000000e+00 1.000000000000000e+00 
src volume info
valid = 1  # volume info valid
filename = /out/sourcedata/freesurfer/sub-v1s5x0050740_ses-1/mri/norm.mgz
volume = 256 256 256
voxelsize = 1.000000000000000e+00 1.000000000000000e+00 1.000000000000000e+00
xras   = -1.000000119209290e+00 1.396983861923218e-09 -2.980232238769531e-08
yras   = -1.490116119384766e-08 -3.725290298461914e-09 -9.999999403953552e-01
zras   = 9.313225746154785e-10 9.999999403953552e-01 0.000000000000000e+00
cras   = 2.159217834472656e+00 8.621810913085938e+00 -5.064697265625000e+00
dst volume info
valid = 1  # volume info valid
filename = /out/sourcedata/freesurfer/sub-v1s5x0050740_ses-1/mri/norm.mgz
volume = 256 256 256
voxelsize = 1.000000000000000e+00 1.000000000000000e+00 1.000000000000000e+00
xras   = -1.000000119209290e+00 1.396983861923218e-09 -2.980232238769531e-08
yras   = -1.490116119384766e-08 -3.725290298461914e-09 -9.999999403953552e-01
zras   = 9.313225746154785e-10 9.999999403953552e-01 0.000000000000000e+00
cras   = 2.159217834472656e+00 8.621810913085938e+00 -5.064697265625000e+00
