type      = 1 # LINEAR_RAS_TO_RAS
nxforms   = 1
mean      = 0.0000 0.0000 0.0000
sigma     = 1.0000
1 4 4
1.121235013008118e+00 -4.453599825501442e-02 1.147179976105690e-01 -1.988510012626648e+00 
3.419999964535236e-03 1.026201963424683e+00 1.742680072784424e-01 -2.420229339599609e+01 
-1.165340021252632e-01 -1.319209933280945e-01 1.085028052330017e+00 -2.465670776367188e+01 
0.000000000000000e+00 0.000000000000000e+00 0.000000000000000e+00 1.000000000000000e+00 
src volume info
valid = 1  # volume info valid
filename = /out/sourcedata/freesurfer/sub-v1s5x0050740_ses-1/mri/orig_nu.mgz
volume = 256 256 256
voxelsize = 1.000000000000000e+00 1.000000000000000e+00 1.000000000000000e+00
xras   = -1.000000119209290e+00 1.396983861923218e-09 -2.980232238769531e-08
yras   = -1.490116119384766e-08 -3.725290298461914e-09 -9.999999403953552e-01
zras   = 9.313225746154785e-10 9.999999403953552e-01 0.000000000000000e+00
cras   = 2.159217834472656e+00 8.621810913085938e+00 -5.064697265625000e+00
dst volume info
valid = 1  # volume info valid
filename = /opt/freesurfer/average/mni305.cor.mgz
volume = 256 256 256
voxelsize = 1.000000000000000e+00 1.000000000000000e+00 1.000000000000000e+00
xras   = -1.000000000000000e+00 0.000000000000000e+00 0.000000000000000e+00
yras   = 0.000000000000000e+00 0.000000000000000e+00 -1.000000000000000e+00
zras   = 0.000000000000000e+00 1.000000000000000e+00 0.000000000000000e+00
cras   = 0.000000000000000e+00 0.000000000000000e+00 0.000000000000000e+00
subject fsaverage
fscale 0.100000
