type      = 0 # LINEAR_VOX_TO_VOX
nxforms   = 1
mean      = 0.0000 0.0000 0.0000
sigma     = 1.0000
1 4 4
1.121235132217407e+00 1.147180050611496e-01 4.453599452972412e-02 -3.537010192871094e+01 
-1.165339872241020e-01 1.085027933120728e+00 1.319209784269333e-01 1.868795776367188e+01 
-3.420004155486822e-03 -1.742679923772812e-01 1.026201844215393e+00 3.160415649414062e+00 
0.000000000000000e+00 0.000000000000000e+00 0.000000000000000e+00 1.000000000000000e+00 
src volume info
valid = 1  # volume info valid
filename = /out/sourcedata/freesurfer/sub-v1s5x0050740_ses-1/mri/orig.mgz
volume = 256 256 256
voxelsize = 1.000000000000000e+00 1.000000000000000e+00 1.000000000000000e+00
xras   = -1.000000119209290e+00 1.396983861923218e-09 -2.980232238769531e-08
yras   = -1.490116119384766e-08 -3.725290298461914e-09 -9.999999403953552e-01
zras   = 9.313225746154785e-10 9.999999403953552e-01 0.000000000000000e+00
cras   = 2.159217834472656e+00 8.621810913085938e+00 -5.064697265625000e+00
dst volume info
valid = 1  # volume info valid
filename = /opt/freesurfer/average/mni305.cor.mgz
volume = 256 256 256
voxelsize = 1.000000000000000e+00 1.000000000000000e+00 1.000000000000000e+00
xras   = -1.000000000000000e+00 0.000000000000000e+00 0.000000000000000e+00
yras   = 0.000000000000000e+00 0.000000000000000e+00 -1.000000000000000e+00
zras   = 0.000000000000000e+00 1.000000000000000e+00 0.000000000000000e+00
cras   = 0.000000000000000e+00 0.000000000000000e+00 0.000000000000000e+00
subject fsaverage
fscale 0.100000
