# transform file transforms/talairach.lta
# created by oesteban on Tue Mar 10 04:44:19 2026

type      = 0 # LINEAR_VOX_TO_VOX
nxforms   = 1
mean      = 132.0000 99.0000 118.0000
sigma     = 10000.0000
1 4 4
1.076282739639282e+00 1.288206875324249e-01 3.013102710247040e-02 -3.022028541564941e+01 
-1.443889290094376e-01 1.150259852409363e+00 1.401251256465912e-01 1.606624221801758e+01 
-3.682358935475349e-02 -1.628690958023071e-01 9.783026576042175e-01 1.515369033813477e+01 
0.000000000000000e+00 0.000000000000000e+00 0.000000000000000e+00 1.000000000000000e+00 
src volume info
valid = 1  # volume info valid
filename = nu.mgz
volume = 256 256 256
voxelsize = 1.000000000000000e+00 1.000000000000000e+00 1.000000000000000e+00
xras   = -1.000000119209290e+00 1.396983861923218e-09 -2.980232238769531e-08
yras   = -1.490116119384766e-08 -3.725290298461914e-09 -9.999999403953552e-01
zras   = 9.313225746154785e-10 9.999999403953552e-01 0.000000000000000e+00
cras   = 2.159217834472656e+00 8.621810913085938e+00 -5.064697265625000e+00
dst volume info
valid = 1  # volume info valid
filename = /opt/freesurfer/average/RB_all_2020-01-02.gca
volume = 256 256 256
voxelsize = 1.000000000000000e+00 1.000000000000000e+00 1.000000000000000e+00
xras   = -1.000000000000000e+00 0.000000000000000e+00 0.000000000000000e+00
yras   = 0.000000000000000e+00 0.000000000000000e+00 -1.000000000000000e+00
zras   = 0.000000000000000e+00 1.000000000000000e+00 0.000000000000000e+00
cras   = 0.000000000000000e+00 0.000000000000000e+00 0.000000000000000e+00
