# transform file /out/sourcedata/freesurfer/sub-v1s5x0050735_ses-1/mri/transforms/cc_up.lta
# created by oesteban on Tue Mar 10 05:38:27 2026

type      = 0 # LINEAR_VOX_TO_VOX
nxforms   = 1
mean      = 125.0000 104.0000 112.0000
sigma     = 10000.0000
1 4 4
9.999940395355225e-01 1.150595024228096e-03 -3.264815546572208e-03 2.643634796142578e+00 
-1.150588854216039e-03 9.999994039535522e-01 3.756482556127594e-06 4.214417266845703e+01 
3.264817874878645e-03 0.000000000000000e+00 9.999946951866150e-01 3.259055328369141e+01 
0.000000000000000e+00 0.000000000000000e+00 0.000000000000000e+00 1.000000000000000e+00 
src volume info
valid = 1  # volume info valid
filename = /out/sourcedata/freesurfer/sub-v1s5x0050735_ses-1/mri/norm.mgz
volume = 256 256 256
voxelsize = 1.000000000000000e+00 1.000000000000000e+00 1.000000000000000e+00
xras   = -1.000000000000000e+00 1.047737896442413e-09 -1.862645149230957e-09
yras   = -1.862645149230957e-09 7.450580596923828e-09 -1.000000119209290e+00
zras   = -1.047737896442413e-09 1.000000000000000e+00 0.000000000000000e+00
cras   = 4.031753540039062e-01 4.024421691894531e+00 -1.724324035644531e+01
dst volume info
valid = 1  # volume info valid
filename = /out/sourcedata/freesurfer/sub-v1s5x0050735_ses-1/mri/norm.mgz
volume = 256 256 256
voxelsize = 1.000000000000000e+00 1.000000000000000e+00 1.000000000000000e+00
xras   = -1.000000000000000e+00 1.047737896442413e-09 -1.862645149230957e-09
yras   = -1.862645149230957e-09 7.450580596923828e-09 -1.000000119209290e+00
zras   = -1.047737896442413e-09 1.000000000000000e+00 0.000000000000000e+00
cras   = 4.031753540039062e-01 4.024421691894531e+00 -1.724324035644531e+01
