# transform file transforms/talairach.lta
# created by oesteban on Tue Mar 10 04:16:49 2026

type      = 0 # LINEAR_VOX_TO_VOX
nxforms   = 1
mean      = 125.0000 104.0000 112.0000
sigma     = 10000.0000
1 4 4
1.127115130424500e+00 0.000000000000000e+00 0.000000000000000e+00 -1.549105072021484e+01 
0.000000000000000e+00 1.195666313171387e+00 1.826768964529037e-01 -1.635199928283691e+01 
0.000000000000000e+00 -1.883255988359451e-01 1.064682960510254e+00 7.925330162048340e+00 
0.000000000000000e+00 0.000000000000000e+00 0.000000000000000e+00 1.000000000000000e+00 
src volume info
valid = 1  # volume info valid
filename = nu.mgz
volume = 256 256 256
voxelsize = 1.000000000000000e+00 1.000000000000000e+00 1.000000000000000e+00
xras   = -1.000000000000000e+00 1.047737896442413e-09 -1.862645149230957e-09
yras   = -1.862645149230957e-09 7.450580596923828e-09 -1.000000119209290e+00
zras   = -1.047737896442413e-09 1.000000000000000e+00 0.000000000000000e+00
cras   = 4.031753540039062e-01 4.024421691894531e+00 -1.724324035644531e+01
dst volume info
valid = 1  # volume info valid
filename = /opt/freesurfer/average/RB_all_2020-01-02.gca
volume = 256 256 256
voxelsize = 1.000000000000000e+00 1.000000000000000e+00 1.000000000000000e+00
xras   = -1.000000000000000e+00 0.000000000000000e+00 0.000000000000000e+00
yras   = 0.000000000000000e+00 0.000000000000000e+00 -1.000000000000000e+00
zras   = 0.000000000000000e+00 1.000000000000000e+00 0.000000000000000e+00
cras   = 0.000000000000000e+00 0.000000000000000e+00 0.000000000000000e+00
