type      = 1 # LINEAR_RAS_TO_RAS
nxforms   = 1
mean      = 0.0000 0.0000 0.0000
sigma     = 1.0000
1 4 4
1.215613961219788e+00 1.458000042475760e-03 -2.075299993157387e-02 -2.400588989257812e+00 
3.480900079011917e-02 1.154893994331360e+00 2.609539926052094e-01 -9.375450134277344e+00 
-7.200000109151006e-04 -2.077080011367798e-01 1.186252951622009e+00 -1.094975280761719e+01 
0.000000000000000e+00 0.000000000000000e+00 0.000000000000000e+00 1.000000000000000e+00 
src volume info
valid = 1  # volume info valid
filename = /out/sourcedata/freesurfer/sub-v1s5x0050735_ses-1/mri/orig_nu.mgz
volume = 256 256 256
voxelsize = 1.000000000000000e+00 1.000000000000000e+00 1.000000000000000e+00
xras   = -1.000000000000000e+00 1.047737896442413e-09 -1.862645149230957e-09
yras   = -1.862645149230957e-09 7.450580596923828e-09 -1.000000119209290e+00
zras   = -1.047737896442413e-09 1.000000000000000e+00 0.000000000000000e+00
cras   = 4.031753540039062e-01 4.024421691894531e+00 -1.724324035644531e+01
dst volume info
valid = 1  # volume info valid
filename = /opt/freesurfer/average/mni305.cor.mgz
volume = 256 256 256
voxelsize = 1.000000000000000e+00 1.000000000000000e+00 1.000000000000000e+00
xras   = -1.000000000000000e+00 0.000000000000000e+00 0.000000000000000e+00
yras   = 0.000000000000000e+00 0.000000000000000e+00 -1.000000000000000e+00
zras   = 0.000000000000000e+00 1.000000000000000e+00 0.000000000000000e+00
cras   = 0.000000000000000e+00 0.000000000000000e+00 0.000000000000000e+00
subject fsaverage
fscale 0.100000
