#Insight Transform File V1.0
#Transform 0
Transform: AffineTransform_float_3_3
Parameters: 0.999999 -1.71126e-05 0.000863742 1.55663e-05 0.999997 0.00240016 -0.000863474 -0.00239926 0.999996 -0.093871 -0.131111 -0.00940665
FixedParameters: 0 0 0

#Transform 1
Transform: AffineTransform_float_3_3
Parameters: 0.999999 2.69216e-05 0.000913402 -2.91961e-05 0.999996 0.00275323 -0.000912913 -0.00275341 0.999996 -0.0839972 -0.160064 0.0441903
FixedParameters: 0 0 0

#Transform 2
Transform: AffineTransform_float_3_3
Parameters: 1 -0.000103491 0.000235144 0.000102989 0.999998 0.00233593 -0.000235366 -0.0023359 0.999997 -0.0619865 -0.106678 0.0101832
FixedParameters: 0 0 0

#Transform 3
Transform: AffineTransform_float_3_3
Parameters: 1 -0.00011263 0.000512225 0.000111631 0.999997 0.00251286 -0.000512535 -0.00251282 0.999996 -0.0670435 -0.0925919 0.022556
FixedParameters: 0 0 0

#Transform 4
Transform: AffineTransform_float_3_3
Parameters: 1 -8.79026e-06 0.00063232 7.01502e-06 0.999999 0.00171866 -0.000632174 -0.00171867 0.999999 -0.0687642 -0.101615 0.00624951
FixedParameters: 0 0 0

#Transform 5
Transform: AffineTransform_float_3_3
Parameters: 1 -8.93099e-05 0.00069972 8.79313e-05 0.999998 0.00196888 -0.000699903 -0.00196882 0.999998 -0.0726943 -0.110201 0.0272155
FixedParameters: 0 0 0

#Transform 6
Transform: AffineTransform_float_3_3
Parameters: 0.999999 -4.26595e-05 0.000842454 4.21046e-05 0.999999 0.000910269 -0.000842451 -0.000910246 0.999999 -0.0649513 -0.018527 -0.0143435
FixedParameters: 0 0 0

#Transform 7
Transform: AffineTransform_float_3_3
Parameters: 1 0.000101826 0.00118392 -0.00010319 1 0.000989783 -0.00118372 -0.00099007 0.999999 -0.0892083 -0.160357 -0.0298212
FixedParameters: 0 0 0

#Transform 8
Transform: AffineTransform_float_3_3
Parameters: 0.999999 0.000381349 0.000838448 -0.000382862 0.999999 0.00175107 -0.000836844 -0.00175078 0.999998 -0.0636711 -0.1644 0.0835236
FixedParameters: 0 0 0

#Transform 9
Transform: AffineTransform_float_3_3
Parameters: 1 -8.71767e-05 0.000198131 8.67945e-05 0.999998 0.00196814 -0.0001983 -0.00196812 0.999998 -0.0279939 -0.0153011 0.0842811
FixedParameters: 0 0 0

#Transform 10
Transform: AffineTransform_float_3_3
Parameters: 0.999999 0.000156463 0.00090676 -0.000157862 0.999998 0.00220822 -0.000906711 -0.00220752 0.999997 -0.0563614 -0.0814165 0.0455357
FixedParameters: 0 0 0

#Transform 11
Transform: AffineTransform_float_3_3
Parameters: 0.999999 -5.01217e-05 0.0009501 4.92643e-05 1 0.00107114 -0.000950126 -0.0010711 0.999999 -0.0472156 0.00294806 0.0475377
FixedParameters: 0 0 0

#Transform 12
Transform: AffineTransform_float_3_3
Parameters: 1 -5.27975e-05 0.000667751 5.24373e-05 1 0.00115175 -0.000667793 -0.00115173 0.999999 -0.0571824 -0.112723 -0.017655
FixedParameters: 0 0 0

#Transform 13
Transform: AffineTransform_float_3_3
Parameters: 1 0.000124447 0.000734131 -0.000124488 0.999999 0.000695039 -0.000733878 -0.00069527 1 -0.0404591 -0.0417811 -0.00863272
FixedParameters: 0 0 0

#Transform 14
Transform: AffineTransform_float_3_3
Parameters: 1 0.000128786 0.000653166 -0.000128183 1 -0.000427395 -0.000653176 0.00042822 0.999999 -0.0394014 -0.10506 -0.0776392
FixedParameters: 0 0 0

#Transform 15
Transform: AffineTransform_float_3_3
Parameters: 1 0.000170622 0.000608468 -0.000170066 1 -0.000421064 -0.000608511 0.000421851 0.999999 -0.0311128 -0.0667287 -0.0847316
FixedParameters: 0 0 0

#Transform 16
Transform: AffineTransform_float_3_3
Parameters: 1 0.000191982 7.07011e-05 -0.000192081 0.999999 0.000705587 -7.04307e-05 -0.000705615 0.999999 -0.0104076 0.00148647 0.0644581
FixedParameters: 0 0 0

#Transform 17
Transform: AffineTransform_float_3_3
Parameters: 1 -0.000187579 -0.00018153 0.000187561 1 -5.04026e-05 0.000181549 5.03346e-05 1 0.0117025 -0.0266051 0.0511015
FixedParameters: 0 0 0

#Transform 18
Transform: AffineTransform_float_3_3
Parameters: 1 3.29421e-05 -0.000185578 -3.29294e-05 1 3.42363e-05 0.00018558 -3.4224e-05 1 0.00142144 -0.0280329 0.0444794
FixedParameters: 0 0 0

#Transform 19
Transform: AffineTransform_float_3_3
Parameters: 1 4.68177e-05 -0.000117583 -4.67775e-05 1 0.000170857 0.000117599 -0.000170846 1 -0.0161953 -0.0632626 -0.0240442
FixedParameters: 0 0 0

#Transform 20
Transform: AffineTransform_float_3_3
Parameters: 1 -5.38599e-05 -3.18611e-07 5.38599e-05 1 -4.36041e-06 3.19085e-07 4.36038e-06 1 0.003162 0.00677432 -0.0293027
FixedParameters: 0 0 0

#Transform 21
Transform: AffineTransform_float_3_3
Parameters: 1 6.96986e-05 -0.000141913 -6.97979e-05 1 -0.000349818 0.000141864 0.000349838 1 0.000188611 -0.0518124 -0.0578734
FixedParameters: 0 0 0

#Transform 22
Transform: AffineTransform_float_3_3
Parameters: 1 4.81284e-05 -0.000250534 -4.80542e-05 1 0.000148094 0.000250549 -0.00014807 1 0.0213167 -0.048805 0.0838855
FixedParameters: 0 0 0

#Transform 23
Transform: AffineTransform_float_3_3
Parameters: 1 -0.000265962 -0.000287075 0.000266058 1 0.000167979 0.000286985 -0.000168131 1 0.0284871 -0.0177613 0.0867045
FixedParameters: 0 0 0

#Transform 24
Transform: AffineTransform_float_3_3
Parameters: 1 -0.000134855 -0.000324798 0.000135398 0.999999 0.000835531 0.000324571 -0.000835619 0.999999 -0.0068305 -0.147952 -0.0155315
FixedParameters: 0 0 0

#Transform 25
Transform: AffineTransform_float_3_3
Parameters: 0.999999 -0.000445928 -0.000613188 0.00044595 0.999999 0.00145321 0.000611991 -0.00145368 0.999999 0.0115507 -0.0204488 0.0181702
FixedParameters: 0 0 0

#Transform 26
Transform: AffineTransform_float_3_3
Parameters: 0.999999 -0.000235311 -0.000616624 0.000236282 0.999999 0.00142073 0.000616047 -0.00142099 0.999999 0.00677109 -0.0250516 0.0440563
FixedParameters: 0 0 0

#Transform 27
Transform: AffineTransform_float_3_3
Parameters: 1 -7.18381e-05 -0.000190569 7.15921e-05 0.999999 0.00140132 0.000190461 -0.00140132 0.999999 0.0041609 -0.0514412 0.0773334
FixedParameters: 0 0 0

#Transform 28
Transform: AffineTransform_float_3_3
Parameters: 1 -0.000113869 -0.000684551 0.00011489 0.999999 0.000745891 0.000684467 -0.000746052 1 0.011469 -0.0324229 0.0869835
FixedParameters: 0 0 0

#Transform 29
Transform: AffineTransform_float_3_3
Parameters: 1 -0.000120001 -0.000416974 0.000120725 0.999999 0.0008686 0.000416764 -0.0008687 0.999999 -0.00278649 -0.0289398 -0.00939066
FixedParameters: 0 0 0

#Transform 30
Transform: AffineTransform_float_3_3
Parameters: 1 -0.000383967 -1.49259e-05 0.00038398 1 0.000424146 1.45999e-05 -0.000424157 1 0.010797 -0.00723675 -0.0694844
FixedParameters: 0 0 0

#Transform 31
Transform: AffineTransform_float_3_3
Parameters: 1 -0.000534095 0.000342234 0.00053368 0.999999 0.000606066 -0.000342881 -0.000605701 1 -0.017378 -0.0565359 0.0333319
FixedParameters: 0 0 0

#Transform 32
Transform: AffineTransform_float_3_3
Parameters: 1 -0.000554986 4.8931e-05 0.000554997 1 -0.000105882 -4.88134e-05 0.000105936 1 -0.00987265 -0.0542714 -0.044555
FixedParameters: 0 0 0

#Transform 33
Transform: AffineTransform_float_3_3
Parameters: 1 -0.000502612 0.000125361 0.000502635 1 -9.41279e-05 -0.000125266 9.42537e-05 1 -0.0164403 -0.0566008 -0.0374839
FixedParameters: 0 0 0

#Transform 34
Transform: AffineTransform_float_3_3
Parameters: 1 -0.000478198 -0.000146257 0.000478011 0.999999 -0.000638227 0.000146868 0.000638086 1 -0.0014145 0.0431405 -0.0568345
FixedParameters: 0 0 0

#Transform 35
Transform: AffineTransform_float_3_3
Parameters: 1 -0.000501509 0.000104761 0.00050149 1 -0.000119175 -0.000104742 0.000118286 1 -0.000806007 -0.010942 -0.054207
FixedParameters: 0 0 0

#Transform 36
Transform: AffineTransform_float_3_3
Parameters: 1 -0.000482286 0.00017346 0.000482479 0.999999 -0.000556784 -0.000172923 0.000556951 1 -0.0013263 -0.0400868 0.037627
FixedParameters: 0 0 0

#Transform 37
Transform: AffineTransform_float_3_3
Parameters: 1 -0.000380846 0.000140901 0.000380999 1 -0.000517871 -0.000141498 0.000518078 1 -0.00245936 -0.041107 -0.0319041
FixedParameters: 0 0 0

#Transform 38
Transform: AffineTransform_float_3_3
Parameters: 1 -0.0003874 0.000545002 0.000387527 1 -0.000116063 -0.000544912 0.000116485 1 -0.00857061 -0.0820124 -0.000430569
FixedParameters: 0 0 0

#Transform 39
Transform: AffineTransform_float_3_3
Parameters: 1 -0.000481457 7.31331e-05 0.000481557 0.999999 -0.000685515 -7.24724e-05 0.000685585 1 0.0114895 -0.0361725 0.0395022
FixedParameters: 0 0 0

#Transform 40
Transform: AffineTransform_float_3_3
Parameters: 1 -0.000383312 -0.000119497 0.00038327 1 -0.000177982 0.000119633 0.00017789 1 0.0198075 0.0317093 0.0484582
FixedParameters: 0 0 0

#Transform 41
Transform: AffineTransform_float_3_3
Parameters: 1 -0.000407516 0.000383205 0.000407252 1 0.000344949 -0.000383486 -0.000344637 1 -0.0135175 -0.0102728 0.0694755
FixedParameters: 0 0 0

#Transform 42
Transform: AffineTransform_float_3_3
Parameters: 1 -0.000348122 -0.000203592 0.000347923 1 -0.000975795 0.000204272 0.000975649 0.999999 -0.00560004 0.0118929 -0.0800706
FixedParameters: 0 0 0

#Transform 43
Transform: AffineTransform_float_3_3
Parameters: 1 -0.000355117 -0.000187824 0.00035481 0.999999 -0.000818735 0.000188406 0.000818602 0.999999 0.0165979 0.0556899 -0.044716
FixedParameters: 0 0 0

#Transform 44
Transform: AffineTransform_float_3_3
Parameters: 1 -0.00035097 -0.000197304 0.000350609 0.999999 -0.000913168 0.000197946 0.00091303 0.999999 0.00986442 -0.00171287 -0.0666496
FixedParameters: 0 0 0

#Transform 45
Transform: AffineTransform_float_3_3
Parameters: 1 -0.000327854 -4.62824e-05 0.000327927 0.999999 -0.00144138 4.6325e-05 0.00144144 0.999999 -0.0106544 0.0132337 -0.0690139
FixedParameters: 0 0 0

#Transform 46
Transform: AffineTransform_float_3_3
Parameters: 1 -0.000323624 -5.79598e-05 0.000323643 0.999999 -0.0015376 5.90435e-05 0.00153755 0.999999 0.00877465 0.0582449 -0.0701915
FixedParameters: 0 0 0

#Transform 47
Transform: AffineTransform_float_3_3
Parameters: 1 -0.000319313 0.000312661 0.000319565 0.999998 -0.00163999 -0.000312509 0.00164032 0.999998 0.0082175 -0.00188468 -0.0977899
FixedParameters: 0 0 0

#Transform 48
Transform: AffineTransform_float_3_3
Parameters: 0.999999 -0.000811712 3.04895e-05 0.000811978 0.999999 -0.00100162 -2.98539e-05 0.00100176 0.999999 0.0238791 0.0545174 -0.0636752
FixedParameters: 0 0 0

#Transform 49
Transform: AffineTransform_float_3_3
Parameters: 1 -0.000771886 0.000597917 0.000773351 0.999998 -0.00191062 -0.000595961 0.00191068 0.999998 -0.0111572 -0.00139663 -0.12765
FixedParameters: 0 0 0

#Transform 50
Transform: AffineTransform_float_3_3
Parameters: 0.999999 -0.00117887 0.000588629 0.00117951 0.999999 -0.000574418 -0.000588452 0.000574916 0.999999 0.021927 -0.0405059 0.0690816
FixedParameters: 0 0 0

#Transform 51
Transform: AffineTransform_float_3_3
Parameters: 1 -0.00100492 0.000480907 0.0010044 1 0.000538371 -0.000482076 -0.0005374 0.999999 0.0302603 0.0588685 0.0520262
FixedParameters: 0 0 0

#Transform 52
Transform: AffineTransform_float_3_3
Parameters: 0.999999 -0.00085615 0.000435665 0.000856163 0.999999 -1.39383e-05 -0.00043564 1.4684e-05 1 0.0203442 0.0234261 -0.0315627
FixedParameters: 0 0 0

#Transform 53
Transform: AffineTransform_float_3_3
Parameters: 1 -0.000978821 0.000322268 0.000979132 1 -0.000539137 -0.000322391 0.000538878 1 0.0217027 -0.0638683 -0.0226932
FixedParameters: 0 0 0

#Transform 54
Transform: AffineTransform_float_3_3
Parameters: 1 -0.000504591 0.000160734 0.000504695 1 -0.000323101 -0.000160408 0.000323263 1 0.0140333 -0.0339301 -0.0330292
FixedParameters: 0 0 0

#Transform 55
Transform: AffineTransform_float_3_3
Parameters: 1 -0.00111659 0.000267627 0.00111664 1 -9.20938e-05 -0.000267509 9.26955e-05 1 0.00888071 0.001608 -0.0312441
FixedParameters: 0 0 0

#Transform 56
Transform: AffineTransform_float_3_3
Parameters: 0.999999 -0.000608414 0.0006473 0.000608998 0.999999 -0.000485027 -0.000646809 0.00048482 0.999999 -0.00646688 -0.0151048 -0.0159879
FixedParameters: 0 0 0

#Transform 57
Transform: AffineTransform_float_3_3
Parameters: 0.999999 -0.000716711 0.000195661 0.000716644 0.999999 0.000172086 -0.000195907 -0.000171805 1 0.0282686 0.0452194 0.0754201
FixedParameters: 0 0 0

#Transform 58
Transform: AffineTransform_float_3_3
Parameters: 1 -0.000725929 0.000853031 0.000726482 0.999999 -0.000440291 -0.000852478 0.000441537 0.999999 0.00974741 0.0387061 0.0423391
FixedParameters: 0 0 0

#Transform 59
Transform: AffineTransform_float_3_3
Parameters: 0.999999 -0.000774412 0.000459488 0.00077502 0.999999 0.000397651 -0.000459119 -0.000397083 1 0.0315766 0.0429246 0.079076
FixedParameters: 0 0 0

#Transform 60
Transform: AffineTransform_float_3_3
Parameters: 0.999999 -0.000607548 0.0011157 0.000606802 1 -0.000212931 -0.00111553 0.000213339 1 0.0118171 0.0545217 0.0609229
FixedParameters: 0 0 0

#Transform 61
Transform: AffineTransform_float_3_3
Parameters: 1 -0.000663771 0.000748475 0.000664683 0.999999 -0.00126409 -0.000746787 0.00126512 0.999999 0.0147496 0.0279831 0.0140516
FixedParameters: 0 0 0

#Transform 62
Transform: AffineTransform_float_3_3
Parameters: 0.999999 -0.000518027 0.000595111 0.000518752 0.999999 -0.00129572 -0.000594764 0.00129548 0.999999 0.0205902 0.0616735 0.00179327
FixedParameters: 0 0 0

#Transform 63
Transform: AffineTransform_float_3_3
Parameters: 1 -0.000398258 0.00053396 0.000398814 0.999997 -0.00216258 -0.000533125 0.00216318 0.999997 0.0325293 0.136897 -0.0224447
FixedParameters: 0 0 0

#Transform 64
Transform: AffineTransform_float_3_3
Parameters: 1 -0.000214581 0.000419206 0.000215404 0.999996 -0.00259779 -0.000418803 0.00259813 0.999996 0.0241101 0.10938 -0.0246972
FixedParameters: 0 0 0

#Transform 65
Transform: AffineTransform_float_3_3
Parameters: 0.999999 -0.000505391 0.000381388 0.000506519 0.999995 -0.00298994 -0.000379979 0.00299058 0.999995 0.0338126 0.160683 -0.0753254
FixedParameters: 0 0 0

#Transform 66
Transform: AffineTransform_float_3_3
Parameters: 1 -0.000127022 0.000852158 0.000129266 0.999993 -0.00362741 -0.00085176 0.0036269 0.999993 0.0251738 0.148101 -0.118114
FixedParameters: 0 0 0

#Transform 67
Transform: AffineTransform_float_3_3
Parameters: 0.999999 -0.000128355 0.000974087 0.00013395 0.999987 -0.00515784 -0.00097353 0.00515849 0.999987 0.0418734 0.275856 -0.10756
FixedParameters: 0 0 0

#Transform 68
Transform: AffineTransform_float_3_3
Parameters: 1 0.000441711 -0.000219373 -0.000442819 0.999962 -0.00869189 0.000215043 0.00869196 0.999962 0.0685749 0.319487 -0.213524
FixedParameters: 0 0 0

#Transform 69
Transform: AffineTransform_float_3_3
Parameters: 1 0.000295354 -0.000160671 -0.000296743 0.999971 -0.00771422 0.000158763 0.00771427 0.99997 0.0728878 0.323423 -0.164957
FixedParameters: 0 0 0

#Transform 70
Transform: AffineTransform_float_3_3
Parameters: 1 0.000713713 0.000121443 -0.000712266 0.999963 -0.00857174 -0.000127489 0.00857129 0.999963 0.0575163 0.329063 -0.246336
FixedParameters: 0 0 0

#Transform 71
Transform: AffineTransform_float_3_3
Parameters: 0.999999 0.000855164 -0.00075945 -0.000861552 0.999957 -0.00922669 0.000751343 0.00922725 0.999957 0.0851258 0.335606 -0.124027
FixedParameters: 0 0 0

#Transform 72
Transform: AffineTransform_float_3_3
Parameters: 0.999998 -0.000241709 -0.00162648 0.000223447 0.999931 -0.0117239 0.0016292 0.0117242 0.99993 0.0733315 0.392303 -0.0758228
FixedParameters: 0 0 0

#Transform 73
Transform: AffineTransform_float_3_3
Parameters: 0.999999 -0.00043574 -0.00173124 0.000416336 0.999936 -0.0112694 0.00173549 0.0112681 0.999935 0.0857516 0.435855 -0.19215
FixedParameters: 0 0 0

#Transform 74
Transform: AffineTransform_float_3_3
Parameters: 0.999997 -0.000916859 -0.00200942 0.000890117 0.999912 -0.0132588 0.00202129 0.013257 0.99991 0.0913705 0.485647 -0.0215198
FixedParameters: 0 0 0

#Transform 75
Transform: AffineTransform_float_3_3
Parameters: 0.999992 -0.00215595 -0.00327869 0.00209963 0.999846 -0.0173713 0.0033154 0.0173648 0.999843 0.136307 0.560473 -0.140822
FixedParameters: 0 0 0

#Transform 76
Transform: AffineTransform_float_3_3
Parameters: 0.999989 -0.00207265 -0.00418971 0.00199962 0.999848 -0.0173288 0.00422414 0.0173195 0.999841 0.145973 0.660825 -0.0856726
FixedParameters: 0 0 0

#Transform 77
Transform: AffineTransform_float_3_3
Parameters: 0.999991 -0.00204248 -0.00352708 0.00197558 0.999821 -0.0188189 0.00356485 0.0188122 0.999816 0.140653 0.573499 -0.0738033
FixedParameters: 0 0 0

#Transform 78
Transform: AffineTransform_float_3_3
Parameters: 0.999992 -0.00188142 -0.00363566 0.00180715 0.999791 -0.0203749 0.00367358 0.0203677 0.999786 0.147233 0.721684 -0.246575
FixedParameters: 0 0 0

#Transform 79
Transform: AffineTransform_float_3_3
Parameters: 0.999991 -0.00168641 -0.00380975 0.00160856 0.999794 -0.0202088 0.00384298 0.020203 0.999789 0.130985 0.710108 -0.232809
FixedParameters: 0 0 0

#Transform 80
Transform: AffineTransform_float_3_3
Parameters: 0.99999 -0.00183394 -0.00408549 0.00175496 0.999813 -0.0192208 0.00412042 0.0192137 0.999807 0.125914 0.635723 -0.193608
FixedParameters: 0 0 0

#Transform 81
Transform: AffineTransform_float_3_3
Parameters: 0.99999 -0.00162377 -0.00414635 0.00154105 0.999802 -0.0197944 0.00417795 0.0197875 0.999796 0.126994 0.692459 -0.262971
FixedParameters: 0 0 0

#Transform 82
Transform: AffineTransform_float_3_3
Parameters: 0.999989 -0.00138432 -0.00439641 0.00129838 0.99981 -0.019493 0.00442225 0.0194877 0.9998 0.128387 0.646937 -0.110693
FixedParameters: 0 0 0

#Transform 83
Transform: AffineTransform_float_3_3
Parameters: 0.99999 -0.00149821 -0.00417111 0.00140608 0.999755 -0.0220834 0.00420343 0.0220775 0.999748 0.148713 0.73139 -0.174784
FixedParameters: 0 0 0

#Transform 84
Transform: AffineTransform_float_3_3
Parameters: 0.999979 -0.00222446 -0.00623784 0.00204789 0.9996 -0.0282119 0.00629781 0.028198 0.999582 0.178809 0.842316 -0.178542
FixedParameters: 0 0 0

#Transform 85
Transform: AffineTransform_float_3_3
Parameters: 0.999978 -0.00234723 -0.00617379 0.0021601 0.999545 -0.0300956 0.00624181 0.0300812 0.999528 0.179433 0.917938 -0.385972
FixedParameters: 0 0 0

#Transform 86
Transform: AffineTransform_float_3_3
Parameters: 0.999975 -0.00215935 -0.00665137 0.00195403 0.999523 -0.030818 0.00671458 0.030804 0.999503 0.186597 0.917803 -0.211607
FixedParameters: 0 0 0

#Transform 87
Transform: AffineTransform_float_3_3
Parameters: 0.999974 -0.0021008 -0.00700976 0.00186312 0.99943 -0.0337053 0.00707724 0.0336916 0.999408 0.174903 1.01759 -0.359388
FixedParameters: 0 0 0

#Transform 88
Transform: AffineTransform_float_3_3
Parameters: 0.999967 -0.00200281 -0.00789971 0.00173048 0.999411 -0.0342693 0.00796452 0.0342543 0.999382 0.177474 1.06999 -0.262508
FixedParameters: 0 0 0

#Transform 89
Transform: AffineTransform_float_3_3
Parameters: 0.999959 -0.0016509 -0.00884676 0.00132659 0.999332 -0.0365216 0.00890074 0.0365083 0.999294 0.171301 1.17389 -0.386234
FixedParameters: 0 0 0

#Transform 90
Transform: AffineTransform_float_3_3
Parameters: 0.999971 -0.00178346 -0.00737089 0.00150954 0.999315 -0.0369791 0.00743181 0.0369669 0.999289 0.0907793 1.14494 -0.469035
FixedParameters: 0 0 0

#Transform 91
Transform: AffineTransform_float_3_3
Parameters: 0.999962 -0.00164787 -0.00857957 0.00131866 0.999268 -0.0382526 0.00863591 0.0382398 0.999232 0.167878 1.24955 -0.343413
FixedParameters: 0 0 0

#Transform 92
Transform: AffineTransform_float_3_3
Parameters: 0.999962 -0.00192007 -0.00856797 0.0016007 0.999308 -0.0371538 0.00863294 0.0371382 0.999273 0.169484 1.15302 -0.354165
FixedParameters: 0 0 0

#Transform 93
Transform: AffineTransform_float_3_3
Parameters: 0.999961 -0.00203835 -0.00854542 0.00172795 0.999343 -0.0362065 0.00861409 0.0361911 0.999308 0.18273 1.16411 -0.292411
FixedParameters: 0 0 0

#Transform 94
Transform: AffineTransform_float_3_3
Parameters: 0.99996 -0.00216707 -0.00869058 0.00184422 0.999315 -0.0369658 0.00876465 0.0369481 0.999279 0.195471 1.18603 -0.360367
FixedParameters: 0 0 0

#Transform 95
Transform: AffineTransform_float_3_3
Parameters: 0.999964 -0.00162788 -0.00840896 0.00130382 0.999264 -0.03835 0.00846437 0.0383373 0.999229 0.212227 1.11805 -0.242497
FixedParameters: 0 0 0

#Transform 96
Transform: AffineTransform_float_3_3
Parameters: 0.999962 -0.00133873 -0.00851553 0.000995597 0.999194 -0.0401386 0.00856261 0.0401294 0.999158 0.163264 1.1873 -0.438844
FixedParameters: 0 0 0

#Transform 97
Transform: AffineTransform_float_3_3
Parameters: 0.999963 -0.00151684 -0.00849887 0.00117569 0.999198 -0.0400051 0.00855341 0.0399936 0.999164 0.188833 1.18429 -0.316958
FixedParameters: 0 0 0

#Transform 98
Transform: AffineTransform_float_3_3
Parameters: 0.999964 -0.00178718 -0.00826761 0.00146277 0.999236 -0.0390516 0.00833108 0.0390386 0.999203 0.179039 1.16486 -0.394731
FixedParameters: 0 0 0

#Transform 99
Transform: AffineTransform_float_3_3
Parameters: 0.999965 -0.00159124 -0.00814702 0.00127989 0.999278 -0.0379699 0.00820173 0.0379577 0.999246 0.20684 1.21723 -0.267467
FixedParameters: 0 0 0

#Transform 100
Transform: AffineTransform_float_3_3
Parameters: 0.999959 -0.0015488 -0.00897063 0.00120037 0.999249 -0.0387238 0.00902367 0.0387117 0.99921 0.204131 1.18154 -0.361171
FixedParameters: 0 0 0

#Transform 101
Transform: AffineTransform_float_3_3
Parameters: 0.999964 -0.00160169 -0.00831051 0.00127843 0.999247 -0.038793 0.00836574 0.0387811 0.999212 0.206367 1.1886 -0.282236
FixedParameters: 0 0 0

#Transform 102
Transform: AffineTransform_float_3_3
Parameters: 0.999966 -0.00136279 -0.00802363 0.00104101 0.999202 -0.0399424 0.00807208 0.0399327 0.99917 0.201689 1.20214 -0.314288
FixedParameters: 0 0 0

#Transform 103
Transform: AffineTransform_float_3_3
Parameters: 0.99996 -0.00175077 -0.00881855 0.00139267 0.999182 -0.0404061 0.00888201 0.0403922 0.999144 0.214126 1.25771 -0.29503
FixedParameters: 0 0 0

#Transform 104
Transform: AffineTransform_float_3_3
Parameters: 0.999965 -0.00104296 -0.00827849 0.000703855 0.999162 -0.0409233 0.00831384 0.0409159 0.999128 0.20827 1.22682 -0.275472
FixedParameters: 0 0 0

#Transform 105
Transform: AffineTransform_float_3_3
Parameters: 0.999964 -0.00109111 -0.00833056 0.000745 0.999139 -0.0414756 0.0083687 0.0414685 0.999105 0.207292 1.27214 -0.422384
FixedParameters: 0 0 0

#Transform 106
Transform: AffineTransform_float_3_3
Parameters: 0.999963 -0.00131008 -0.00851569 0.000958373 0.999155 -0.0410926 0.00856253 0.0410829 0.999119 0.224277 1.30412 -0.253671
FixedParameters: 0 0 0

#Transform 107
Transform: AffineTransform_float_3_3
Parameters: 0.99996 -0.00137707 -0.00890484 0.00100638 0.99914 -0.0414614 0.0089549 0.0414514 0.999101 0.208002 1.27102 -0.384254
FixedParameters: 0 0 0

#Transform 108
Transform: AffineTransform_float_3_3
Parameters: 0.999959 -0.00151255 -0.00896009 0.00115031 0.999187 -0.0403081 0.00901456 0.0402967 0.999147 0.238006 1.30363 -0.231618
FixedParameters: 0 0 0

#Transform 109
Transform: AffineTransform_float_3_3
Parameters: 0.999956 -0.00132979 -0.00930492 0.000951291 0.999178 -0.0405342 0.00935141 0.0405242 0.999135 0.215933 1.22599 -0.338468
FixedParameters: 0 0 0

#Transform 110
Transform: AffineTransform_float_3_3
Parameters: 0.999959 -0.00105103 -0.00904339 0.000679544 0.999162 -0.0409217 0.00907923 0.0409136 0.999121 0.236835 1.28818 -0.233929
FixedParameters: 0 0 0

#Transform 111
Transform: AffineTransform_float_3_3
Parameters: 0.999959 -0.00126727 -0.00904186 0.00087811 0.999082 -0.0428413 0.00908804 0.0428315 0.999041 0.214682 1.27257 -0.425949
FixedParameters: 0 0 0

#Transform 112
Transform: AffineTransform_float_3_3
Parameters: 0.999953 -0.00119389 -0.00956236 0.000786513 0.999097 -0.0424941 0.00960474 0.0424854 0.999051 0.221104 1.28011 -0.331729
FixedParameters: 0 0 0

#Transform 113
Transform: AffineTransform_float_3_3
Parameters: 0.999956 -0.00096995 -0.00942399 0.000563871 0.999077 -0.0429575 0.00945751 0.0429496 0.999032 0.212282 1.33066 -0.398991
FixedParameters: 0 0 0

#Transform 114
Transform: AffineTransform_float_3_3
Parameters: 0.999956 -0.00120161 -0.00924534 0.00082314 0.999165 -0.0408335 0.00928697 0.0408246 0.999123 0.217779 1.2107 -0.260573
FixedParameters: 0 0 0

#Transform 115
Transform: AffineTransform_float_3_3
Parameters: 0.999956 -0.00106627 -0.00922074 0.000681729 0.999136 -0.0415574 0.00925684 0.0415487 0.999093 0.230438 1.31638 -0.296614
FixedParameters: 0 0 0

#Transform 116
Transform: AffineTransform_float_3_3
Parameters: 0.999959 -0.00114486 -0.00901895 0.000765685 0.999121 -0.0419043 0.0090588 0.0418962 0.999081 0.232235 1.26556 -0.225712
FixedParameters: 0 0 0

#Transform 117
Transform: AffineTransform_float_3_3
Parameters: 0.999955 -0.00119258 -0.00942543 0.000780914 0.99905 -0.0435698 0.00946864 0.0435607 0.999006 0.2314 1.34666 -0.399429
FixedParameters: 0 0 0

#Transform 118
Transform: AffineTransform_float_3_3
Parameters: 0.999957 -0.00120433 -0.00919823 0.000811704 0.999094 -0.04254 0.00924122 0.0425305 0.999053 0.253763 1.28621 -0.207626
FixedParameters: 0 0 0

#Transform 119
Transform: AffineTransform_float_3_3
Parameters: 0.999956 -0.00119875 -0.00928051 0.000787449 0.999022 -0.0442292 0.00932508 0.0442196 0.998978 0.250638 1.37748 -0.387781
FixedParameters: 0 0 0

#Transform 120
Transform: AffineTransform_float_3_3
Parameters: 0.999956 -0.000834675 -0.00937183 0.000412766 0.998989 -0.0449525 0.00939945 0.044947 0.998946 0.25578 1.36085 -0.425343
FixedParameters: 0 0 0

#Transform 121
Transform: AffineTransform_float_3_3
Parameters: 0.999959 0.000155723 -0.00904485 -0.000584122 0.998877 -0.0473822 0.00902761 0.0473851 0.998836 0.231842 1.38019 -0.662529
FixedParameters: 0 0 0

#Transform 122
Transform: AffineTransform_float_3_3
Parameters: 0.999958 -0.000119895 -0.00916814 -0.000314123 0.998882 -0.0472734 0.00916345 0.0472746 0.99884 0.233476 1.41167 -0.591476
FixedParameters: 0 0 0

#Transform 123
Transform: AffineTransform_float_3_3
Parameters: 0.999954 -0.00043468 -0.00961698 -1.31521e-05 0.998919 -0.0464873 0.00962719 0.046486 0.998873 0.252859 1.45928 -0.648299
FixedParameters: 0 0 0

#Transform 124
Transform: AffineTransform_float_3_3
Parameters: 0.999951 -0.000342674 -0.00998737 -0.000118656 0.998933 -0.046188 0.00999301 0.0461863 0.998883 0.261289 1.4669 -0.520001
FixedParameters: 0 0 0

#Transform 125
Transform: AffineTransform_float_3_3
Parameters: 0.99995 -0.000257919 -0.00997884 -0.000219341 0.998855 -0.0478412 0.00997998 0.047841 0.998806 0.257183 1.50561 -0.677705
FixedParameters: 0 0 0

#Transform 126
Transform: AffineTransform_float_3_3
Parameters: 0.999954 0.000202955 -0.00958255 -0.000661269 0.998854 -0.0478586 0.00956209 0.0478627 0.998809 0.249783 1.51162 -0.558777
FixedParameters: 0 0 0

#Transform 127
Transform: AffineTransform_float_3_3
Parameters: 0.999952 0.000209567 -0.00977691 -0.000687463 0.998805 -0.0488705 0.00975531 0.0488746 0.998757 0.261834 1.53063 -0.704253
FixedParameters: 0 0 0

#Transform 128
Transform: AffineTransform_float_3_3
Parameters: 0.999952 6.89676e-05 -0.00982036 -0.000545112 0.998827 -0.0484285 0.00980608 0.0484314 0.998778 0.257587 1.47413 -0.598482
FixedParameters: 0 0 0

#Transform 129
Transform: AffineTransform_float_3_3
Parameters: 0.99995 0.000108641 -0.00997788 -0.000602093 0.998778 -0.0494285 0.00996063 0.0494319 0.998728 0.267666 1.53826 -0.713678
FixedParameters: 0 0 0

#Transform 130
Transform: AffineTransform_float_3_3
Parameters: 0.999947 0.000363826 -0.0102232 -0.00085786 0.99883 -0.04835 0.0101943 0.048357 0.998778 0.268907 1.51597 -0.568892
FixedParameters: 0 0 0

#Transform 131
Transform: AffineTransform_float_3_3
Parameters: 0.999946 0.000425926 -0.0104194 -0.000939258 0.99878 -0.0493691 0.0103854 0.049376 0.998726 0.26958 1.59078 -0.713256
FixedParameters: 0 0 0

#Transform 132
Transform: AffineTransform_float_3_3
Parameters: 0.999947 0.000496284 -0.0103463 -0.00100039 0.998811 -0.0487393 0.0103099 0.0487464 0.998758 0.282048 1.51948 -0.543446
FixedParameters: 0 0 0

#Transform 133
Transform: AffineTransform_float_3_3
Parameters: 0.999945 0.000528594 -0.0104838 -0.00104936 0.99876 -0.0497699 0.0104445 0.0497784 0.998706 0.278664 1.56658 -0.670395
FixedParameters: 0 0 0

#Transform 134
Transform: AffineTransform_float_3_3
Parameters: 0.999945 0.000237558 -0.0105041 -0.00075159 0.998799 -0.0490047 0.0104797 0.0490106 0.998743 0.260764 1.58528 -0.638423
FixedParameters: 0 0 0

#Transform 135
Transform: AffineTransform_float_3_3
Parameters: 0.999945 0.000324449 -0.0105465 -0.000843188 0.998787 -0.0492335 0.010518 0.0492397 0.998731 0.271961 1.54394 -0.668483
FixedParameters: 0 0 0

#Transform 136
Transform: AffineTransform_float_3_3
Parameters: 0.999947 7.85793e-05 -0.0102031 -0.000577627 0.998805 -0.0488539 0.0101875 0.0488576 0.998753 0.267861 1.53569 -0.626449
FixedParameters: 0 0 0

#Transform 137
Transform: AffineTransform_float_3_3
Parameters: 0.999943 0.00029129 -0.0106784 -0.000811342 0.998812 -0.0487158 0.0106515 0.0487214 0.998755 0.279269 1.53816 -0.607491
FixedParameters: 0 0 0

#Transform 138
Transform: AffineTransform_float_3_3
Parameters: 0.999937 0.000178916 -0.0111986 -0.000726184 0.998802 -0.0489363 0.0111772 0.0489406 0.998739 0.273099 1.57564 -0.666115
FixedParameters: 0 0 0

#Transform 139
Transform: AffineTransform_float_3_3
Parameters: 0.999948 0.000431868 -0.0102151 -0.000923153 0.998838 -0.0481825 0.0101821 0.0481897 0.998786 0.248276 1.50902 -0.588968
FixedParameters: 0 0 0

#Transform 140
Transform: AffineTransform_float_3_3
Parameters: 0.999944 0.000567089 -0.0105662 -0.00108121 0.998813 -0.0486873 0.0105264 0.0486964 0.998758 0.270878 1.51076 -0.703249
FixedParameters: 0 0 0

#Transform 141
Transform: AffineTransform_float_3_3
Parameters: 0.999946 0.000737662 -0.0104219 -0.00124363 0.998816 -0.0486452 0.0103736 0.0486551 0.998762 0.27506 1.56489 -0.524659
FixedParameters: 0 0 0

#Transform 142
Transform: AffineTransform_float_3_3
Parameters: 0.999944 0.000794034 -0.0105067 -0.00131542 0.99876 -0.0497674 0.0104547 0.0497781 0.998705 0.273042 1.52606 -0.730574
FixedParameters: 0 0 0

#Transform 143
Transform: AffineTransform_float_3_3
Parameters: 0.999947 0.000868251 -0.0103082 -0.00137134 0.998799 -0.0489803 0.010254 0.0489921 0.998747 0.285895 1.51282 -0.601027
FixedParameters: 0 0 0

#Transform 144
Transform: AffineTransform_float_3_3
Parameters: 0.999947 0.00109998 -0.0102321 -0.0016113 0.998744 -0.0500791 0.0101644 0.0500924 0.998693 0.265484 1.54915 -0.747219
FixedParameters: 0 0 0

#Transform 145
Transform: AffineTransform_float_3_3
Parameters: 0.999955 -0.00348076 -0.00882431 0.00310431 0.999099 -0.0423315 0.00896405 0.0423023 0.999064 0.321791 1.51735 -0.0994236
FixedParameters: 0 0 0

#Transform 146
Transform: AffineTransform_float_3_3
Parameters: 0.999923 -0.0067399 -0.0104194 0.00619993 0.99868 -0.0510001 0.0107496 0.0509321 0.998644 0.403368 1.58952 -0.543409
FixedParameters: 0 0 0

#Transform 147
Transform: AffineTransform_float_3_3
Parameters: 0.999922 -0.00710268 -0.0103178 0.00657848 0.998728 -0.0499865 0.0106603 0.0499153 0.998697 0.407903 1.57252 -0.406428
FixedParameters: 0 0 0

#Transform 148
Transform: AffineTransform_float_3_3
Parameters: 0.999919 -0.00741755 -0.010332 0.00692035 0.998853 -0.0473806 0.0106717 0.0473052 0.998823 0.408791 1.59453 -0.375044
FixedParameters: 0 0 0

#Transform 149
Transform: AffineTransform_float_3_3
Parameters: 0.99992 -0.00757477 -0.0100801 0.00708453 0.998832 -0.047813 0.01043 0.0477385 0.998806 0.406686 1.5017 -0.357162
FixedParameters: 0 0 0

#Transform 150
Transform: AffineTransform_float_3_3
Parameters: 0.999916 -0.00732425 -0.010641 0.00682231 0.998897 -0.0464575 0.0109692 0.0463812 0.998864 0.409524 1.43548 -0.235445
FixedParameters: 0 0 0

#Transform 151
Transform: AffineTransform_float_3_3
Parameters: 0.999916 -0.00756274 -0.0105232 0.0070578 0.99886 -0.0472202 0.0108684 0.0471422 0.998829 0.42368 1.47553 -0.283323
FixedParameters: 0 0 0

#Transform 152
Transform: AffineTransform_float_3_3
Parameters: 0.999921 -0.00765705 -0.0099588 0.00717711 0.998853 -0.0473561 0.0103102 0.0472808 0.998829 0.404835 1.50786 -0.241005
FixedParameters: 0 0 0

#Transform 153
Transform: AffineTransform_float_3_3
Parameters: 0.999922 -0.00759035 -0.00992486 0.00711047 0.998843 -0.047564 0.0102749 0.0474904 0.998818 0.399516 1.483 -0.209375
FixedParameters: 0 0 0

#Transform 154
Transform: AffineTransform_float_3_3
Parameters: 0.999926 -0.00736283 -0.00966594 0.00689085 0.998824 -0.0480041 0.0100086 0.0479346 0.9988 0.402041 1.52035 -0.269822
FixedParameters: 0 0 0

#Transform 155
Transform: AffineTransform_float_3_3
Parameters: 0.999931 -0.00673001 -0.00963478 0.00622977 0.99868 -0.0509812 0.00996494 0.0509179 0.998653 0.389422 1.53897 -0.355298
FixedParameters: 0 0 0

#Transform 156
Transform: AffineTransform_float_3_3
Parameters: 0.999932 -0.00651083 -0.00965516 0.00599576 0.998604 -0.0524782 0.00998372 0.0524169 0.998575 0.394412 1.64861 -0.379268
FixedParameters: 0 0 0

#Transform 157
Transform: AffineTransform_float_3_3
Parameters: 0.999935 -0.00613898 -0.00968287 0.00559679 0.998464 -0.0551051 0.0100063 0.0550476 0.998433 0.38658 1.70554 -0.585868
FixedParameters: 0 0 0

#Transform 158
Transform: AffineTransform_float_3_3
Parameters: 0.999934 -0.0059406 -0.0098779 0.00538476 0.998449 -0.0554137 0.0101921 0.0553577 0.998415 0.40056 1.79128 -0.524754
FixedParameters: 0 0 0

#Transform 159
Transform: AffineTransform_float_3_3
Parameters: 0.999934 -0.00550325 -0.0100651 0.00493135 0.998419 -0.0559826 0.0103577 0.0559291 0.998381 0.399642 1.80807 -0.544107
FixedParameters: 0 0 0

#Transform 160
Transform: AffineTransform_float_3_3
Parameters: 0.99993 -0.00539687 -0.0105477 0.00478155 0.998334 -0.0575065 0.0108405 0.0574516 0.998289 0.409887 1.8249 -0.622463
FixedParameters: 0 0 0

#Transform 161
Transform: AffineTransform_float_3_3
Parameters: 0.999928 -0.00519384 -0.0108494 0.00456214 0.998335 -0.0575139 0.0111304 0.0574606 0.998286 0.423335 1.86309 -0.549777
FixedParameters: 0 0 0

#Transform 162
Transform: AffineTransform_float_3_3
Parameters: 0.999929 -0.00506428 -0.0108378 0.00441676 0.998249 -0.0590014 0.0111175 0.0589493 0.998199 0.42451 1.86271 -0.720556
FixedParameters: 0 0 0

#Transform 163
Transform: AffineTransform_float_3_3
Parameters: 0.999926 -0.00517252 -0.010969 0.00452817 0.998303 -0.0580572 0.0112508 0.0580032 0.998253 0.424807 1.90699 -0.585333
FixedParameters: 0 0 0

#Transform 164
Transform: AffineTransform_float_3_3
Parameters: 0.999927 -0.00505839 -0.0109635 0.00439797 0.99822 -0.0594695 0.0112447 0.0594163 0.99817 0.440761 1.92115 -0.780996
FixedParameters: 0 0 0

#Transform 165
Transform: AffineTransform_float_3_3
Parameters: 0.999925 -0.00488081 -0.0111946 0.00421513 0.998268 -0.0586724 0.0114622 0.0586211 0.998214 0.4353 1.91874 -0.627549
FixedParameters: 0 0 0

#Transform 166
Transform: AffineTransform_float_3_3
Parameters: 0.999931 -0.00486188 -0.0106578 0.00421627 0.9982 -0.059834 0.0109295 0.0597847 0.998151 0.43713 1.97272 -0.735644
FixedParameters: 0 0 0

#Transform 167
Transform: AffineTransform_float_3_3
Parameters: 0.999928 -0.00462498 -0.0110406 0.00395787 0.998206 -0.0597442 0.0112976 0.0596954 0.998152 0.442758 1.89924 -0.654841
FixedParameters: 0 0 0

#Transform 168
Transform: AffineTransform_float_3_3
Parameters: 0.999927 -0.00483199 -0.0110042 0.00415422 0.998144 -0.0607602 0.011277 0.0607102 0.998092 0.437883 1.91538 -0.762132
FixedParameters: 0 0 0

#Transform 169
Transform: AffineTransform_float_3_3
Parameters: 0.99992 -0.0049811 -0.0116116 0.00426812 0.998153 -0.0606097 0.0118916 0.0605551 0.998094 0.457093 1.96132 -0.779635
FixedParameters: 0 0 0

#Transform 170
Transform: AffineTransform_float_3_3
Parameters: 0.999923 -0.00486602 -0.0114554 0.00416457 0.998159 -0.0605185 0.0117288 0.0604665 0.998101 0.440021 1.97534 -0.660306
FixedParameters: 0 0 0

#Transform 171
Transform: AffineTransform_float_3_3
Parameters: 0.999922 -0.00493635 -0.0114988 0.00422102 0.998108 -0.06134 0.0117798 0.0612869 0.99805 0.454596 1.98348 -0.819189
FixedParameters: 0 0 0

#Transform 172
Transform: AffineTransform_float_3_3
Parameters: 0.999921 -0.00474565 -0.0117066 0.0040348 0.998189 -0.0600157 0.0119699 0.0599639 0.998129 0.449199 1.96097 -0.590435
FixedParameters: 0 0 0

#Transform 173
Transform: AffineTransform_float_3_3
Parameters: 0.999914 -0.00482379 -0.0121876 0.00407573 0.998147 -0.0607102 0.0124582 0.060655 0.998081 0.473813 1.92348 -0.683153
FixedParameters: 0 0 0

#Transform 174
Transform: AffineTransform_float_3_3
Parameters: 0.999913 -0.00492184 -0.0122363 0.0041765 0.998175 -0.0602349 0.0125103 0.0601781 0.998109 0.457092 1.94674 -0.678832
FixedParameters: 0 0 0

#Transform 175
Transform: AffineTransform_float_3_3
Parameters: 0.999923 -0.00474353 -0.0114545 0.00404211 0.998162 -0.0604691 0.0117203 0.0604184 0.998104 0.460021 2.00661 -0.687476
FixedParameters: 0 0 0

#Transform 176
Transform: AffineTransform_float_3_3
Parameters: 0.999923 -0.00495921 -0.0113995 0.00426615 0.998185 -0.0600711 0.011677 0.0600179 0.998129 0.468236 1.89284 -0.696555
FixedParameters: 0 0 0

#Transform 177
Transform: AffineTransform_float_3_3
Parameters: 0.999921 -0.00459462 -0.0117437 0.00387848 0.998173 -0.0602981 0.0119995 0.0602478 0.998112 0.461597 1.92596 -0.647195
FixedParameters: 0 0 0

#Transform 178
Transform: AffineTransform_float_3_3
Parameters: 0.999922 -0.00477158 -0.0114912 0.00404858 0.998063 -0.0620896 0.0117652 0.0620378 0.998005 0.452223 1.98544 -0.832826
FixedParameters: 0 0 0

#Transform 179
Transform: AffineTransform_float_3_3
Parameters: 0.999925 -0.00463244 -0.0114023 0.00391313 0.998052 -0.062256 0.0116684 0.0622067 0.997995 0.450937 1.96548 -0.735784
FixedParameters: 0 0 0

#Transform 180
Transform: AffineTransform_float_3_3
Parameters: 0.999923 -0.00455089 -0.0115101 0.00381839 0.998017 -0.0628207 0.0117732 0.0627719 0.997958 0.468645 1.97152 -0.766593
FixedParameters: 0 0 0

#Transform 181
Transform: AffineTransform_float_3_3
Parameters: 0.999925 -0.00431878 -0.0114279 0.00358807 0.997998 -0.0631418 0.0116782 0.0630961 0.997939 0.468219 1.98171 -0.798376
FixedParameters: 0 0 0

#Transform 182
Transform: AffineTransform_float_3_3
Parameters: 0.99993 -0.00412544 -0.0110868 0.00342543 0.998046 -0.0623913 0.0113226 0.0623488 0.997991 0.444707 1.97507 -0.697609
FixedParameters: 0 0 0

#Transform 183
Transform: AffineTransform_float_3_3
Parameters: 0.999927 -0.00417868 -0.0112792 0.00345491 0.997983 -0.0633875 0.0115213 0.0633438 0.997925 0.44385 2.03655 -0.852554
FixedParameters: 0 0 0

#Transform 184
Transform: AffineTransform_float_3_3
Parameters: 0.999924 -0.00447296 -0.0115129 0.0037414 0.998018 -0.0628176 0.0117713 0.0627701 0.997959 0.453048 1.99044 -0.737427
FixedParameters: 0 0 0

#Transform 185
Transform: AffineTransform_float_3_3
Parameters: 0.99992 -0.00455459 -0.0118028 0.00380098 0.998001 -0.0630881 0.012066 0.0630384 0.997938 0.460489 1.97811 -0.792749
FixedParameters: 0 0 0

#Transform 186
Transform: AffineTransform_float_3_3
Parameters: 0.999922 -0.00459711 -0.0116138 0.00386553 0.998052 -0.062255 0.011878 0.062205 0.997993 0.455148 1.99098 -0.688271
FixedParameters: 0 0 0

#Transform 187
Transform: AffineTransform_float_3_3
Parameters: 0.999921 -0.00458213 -0.0117449 0.00382582 0.997962 -0.0636903 0.0120128 0.0636399 0.997901 0.472957 2.0275 -0.891379
FixedParameters: 0 0 0

#Transform 188
Transform: AffineTransform_float_3_3
Parameters: 0.999919 -0.00432952 -0.011947 0.00357242 0.998023 -0.0627524 0.0121951 0.0627039 0.997957 0.490405 2.03663 -0.737536
FixedParameters: 0 0 0

#Transform 189
Transform: AffineTransform_float_3_3
Parameters: 0.999916 -0.00435138 -0.0121477 0.00357179 0.997981 -0.0634226 0.0123995 0.0633741 0.997913 0.465252 1.97653 -0.835727
FixedParameters: 0 0 0

#Transform 190
Transform: AffineTransform_float_3_3
Parameters: 0.999923 -0.0043087 -0.0115993 0.00357444 0.998034 -0.0625839 0.0118467 0.0625373 0.997972 0.45576 2.0171 -0.705137
FixedParameters: 0 0 0

#Transform 191
Transform: AffineTransform_float_3_3
Parameters: 0.999918 -0.00443961 -0.012065 0.00367032 0.998003 -0.0630561 0.0123215 0.0630065 0.997937 0.482393 1.95277 -0.820075
FixedParameters: 0 0 0

#Transform 192
Transform: AffineTransform_float_3_3
