#Insight Transform File V1.0
#Transform 0
Transform: AffineTransform_float_3_3
Parameters: 1 3.33028e-05 6.98785e-05 -3.31629e-05 0.999998 -0.00161715 -6.99448e-05 0.00161715 0.999998 0.0242984 0.0514452 0.0227562
FixedParameters: 0 0 0

#Transform 1
Transform: AffineTransform_float_3_3
Parameters: 1 2.3826e-05 5.00841e-05 -2.37962e-05 1 -0.00115867 -5.00982e-05 0.00115867 1 0.0254491 0.0623543 0.101602
FixedParameters: 0 0 0

#Transform 2
Transform: AffineTransform_float_3_3
Parameters: 1 9.18042e-05 -5.45303e-05 -9.2076e-05 0.999998 -0.0017054 5.42579e-05 0.00170542 0.999998 0.0254462 0.0713285 0.0468595
FixedParameters: 0 0 0

#Transform 3
Transform: AffineTransform_float_3_3
Parameters: 1 1.99525e-05 -0.00037082 -2.06999e-05 0.999999 -0.00100774 0.00037082 0.00100776 1 0.01405 0.0339738 0.0528581
FixedParameters: 0 0 0

#Transform 4
Transform: AffineTransform_float_3_3
Parameters: 1 2.33648e-05 -0.000363443 -2.43078e-05 1 -0.00117854 0.000363428 0.00117856 0.999999 0.0102119 0.0265745 0.000690926
FixedParameters: 0 0 0

#Transform 5
Transform: AffineTransform_float_3_3
Parameters: 1 0.000127353 -4.18209e-07 -0.000127353 0.999999 -0.000942476 1.17646e-06 0.000942519 0.999999 -0.00168477 0.039668 -0.0289233
FixedParameters: 0 0 0

#Transform 6
Transform: AffineTransform_float_3_3
Parameters: 1 0.000141954 0.000214373 -0.000141341 0.999998 -0.00162972 -0.000213796 0.0016297 0.999998 0.00439849 0.0247385 -0.0838395
FixedParameters: 0 0 0

#Transform 7
Transform: AffineTransform_float_3_3
Parameters: 1 0.000293136 0.000278886 -0.000293706 0.999999 -0.000760866 -0.000278335 0.000760766 0.999999 -0.0095482 0.00981734 -0.0782018
FixedParameters: 0 0 0

#Transform 8
Transform: AffineTransform_float_3_3
Parameters: 1 9.26976e-05 -6.86557e-05 -9.28157e-05 0.999999 -0.000868043 6.94929e-05 0.000868099 0.999999 -0.00130619 0.0184513 -0.0750273
FixedParameters: 0 0 0

#Transform 9
Transform: AffineTransform_float_3_3
Parameters: 1 0.000123398 0.000155039 -0.000123319 1 -0.00025308 -0.000155101 0.000253042 1 -0.0127857 0.0394311 -0.0678648
FixedParameters: 0 0 0

#Transform 10
Transform: AffineTransform_float_3_3
Parameters: 1 -2.09671e-05 0.000179414 2.12598e-05 0.999999 -0.000815615 -0.000179379 0.000815623 0.999999 -0.0166321 0.0191758 -0.0738072
FixedParameters: 0 0 0

#Transform 11
Transform: AffineTransform_float_3_3
Parameters: 1 0.000178299 -0.000360209 -0.000178284 1 2.01923e-05 0.000360216 -2.00638e-05 1 -0.00698998 0.00874514 -0.0660047
FixedParameters: 0 0 0

#Transform 12
Transform: AffineTransform_float_3_3
Parameters: 1 0.000176177 0.000137984 -0.000176043 1 -0.000485002 -0.000138155 0.000484953 1 -0.00887917 -0.00782344 -0.0704437
FixedParameters: 0 0 0

#Transform 13
Transform: AffineTransform_float_3_3
Parameters: 1 6.01442e-05 0.000138045 -6.01576e-05 1 4.82425e-05 -0.00013804 -4.82591e-05 1 0.00833064 -0.0358605 -0.0501746
FixedParameters: 0 0 0

#Transform 14
Transform: AffineTransform_float_3_3
Parameters: 1 -2.53167e-05 -0.000226723 2.50282e-05 1 -0.000636041 0.000226755 0.000636029 1 -0.0029755 0.123681 -0.0515145
FixedParameters: 0 0 0

#Transform 15
Transform: AffineTransform_float_3_3
Parameters: 1 -3.69365e-05 -0.000122601 3.69223e-05 1 -5.81233e-05 0.000122605 5.81142e-05 1 0.00779669 -0.0440947 -0.0518192
FixedParameters: 0 0 0

#Transform 16
Transform: AffineTransform_float_3_3
Parameters: 1 -3.3125e-05 0.000163048 3.31997e-05 1 -0.000228897 -0.000163033 0.000228907 1 -0.00289429 0.036262 -0.042832
FixedParameters: 0 0 0

#Transform 17
Transform: AffineTransform_float_3_3
Parameters: 1 -3.63372e-05 -0.000355042 3.62668e-05 1 -9.92031e-05 0.000355049 9.91773e-05 1 0.0113517 -0.0386472 -0.0631448
FixedParameters: 0 0 0

#Transform 18
Transform: AffineTransform_float_3_3
Parameters: 1 -2.57564e-05 -6.00462e-05 2.56841e-05 1 -0.000601811 6.00772e-05 0.000601808 1 0.00364169 0.0750962 0.0167036
FixedParameters: 0 0 0

#Transform 19
Transform: AffineTransform_float_3_3
Parameters: 1 -2.80241e-05 -0.000277383 2.77433e-05 1 -0.000506137 0.000277411 0.000506122 1 0.00592728 0.0616024 -0.0719722
FixedParameters: 0 0 0

#Transform 20
Transform: AffineTransform_float_3_3
Parameters: 1 -4.47357e-05 -0.000250095 4.48961e-05 1 0.000320637 0.000250067 -0.000320659 1 0.00507539 -0.0029001 0.0146516
FixedParameters: 0 0 0

#Transform 21
Transform: AffineTransform_float_3_3
Parameters: 1 -2.89469e-05 -0.000339228 2.86315e-05 1 -0.000464781 0.000339254 0.000464762 1 0.00858631 0.0276041 -0.0602608
FixedParameters: 0 0 0

#Transform 22
Transform: AffineTransform_float_3_3
Parameters: 1 6.51854e-05 4.52138e-05 -6.51893e-05 1 4.23359e-05 -4.52082e-05 -4.23418e-05 1 0.000448182 0.00883823 0.0201594
FixedParameters: 0 0 0

#Transform 23
Transform: AffineTransform_float_3_3
Parameters: 1 -2.87091e-05 -0.000112181 2.86056e-05 1 -0.000460963 0.000112207 0.000460957 1 0.000154113 0.0380227 -0.0755159
FixedParameters: 0 0 0

#Transform 24
Transform: AffineTransform_float_3_3
Parameters: 1 -4.26733e-05 8.16312e-06 4.26695e-05 1 0.000227738 -8.18257e-06 -0.000227737 1 0.000498274 0.0315996 -0.0519731
FixedParameters: 0 0 0

#Transform 25
Transform: AffineTransform_float_3_3
Parameters: 1 -3.46854e-05 -8.98731e-05 3.46554e-05 1 -0.000166787 8.98846e-05 0.00016678 1 0.00215099 0.00221827 -0.0753297
FixedParameters: 0 0 0

#Transform 26
Transform: AffineTransform_float_3_3
Parameters: 1 -3.34594e-05 0.000149369 3.35232e-05 1 -0.000213477 -0.000149354 0.000213487 1 0.0176121 0.0376452 -0.0311575
FixedParameters: 0 0 0

#Transform 27
Transform: AffineTransform_float_3_3
Parameters: 1 -3.23665e-05 -0.000122911 3.22971e-05 1 -0.000282298 0.00012293 0.00028229 1 0.0273589 0.0038278 -0.0556198
FixedParameters: 0 0 0

#Transform 28
Transform: AffineTransform_float_3_3
Parameters: 1 5.91653e-05 -0.000241455 -5.89836e-05 1 0.00037623 0.000241499 -0.000376201 1 0.0156567 0.023227 0.0697948
FixedParameters: 0 0 0

#Transform 29
Transform: AffineTransform_float_3_3
Parameters: 1 9.06858e-05 -0.000129424 -9.08101e-05 1 -0.000480262 0.000129337 0.000480285 1 0.00395238 0.0301356 0.0148847
FixedParameters: 0 0 0

#Transform 30
Transform: AffineTransform_float_3_3
Parameters: 1 -4.36276e-06 -0.000376548 4.66257e-06 1 0.000398101 0.000376544 -0.000398104 1 0.00648871 0.00711947 -0.0162446
FixedParameters: 0 0 0

#Transform 31
Transform: AffineTransform_float_3_3
Parameters: 1 1.49973e-06 -0.00036398 -1.42152e-06 1 0.000107436 0.00036398 -0.000107435 1 0.0131243 0.0098774 -0.0715709
FixedParameters: 0 0 0

#Transform 32
Transform: AffineTransform_float_3_3
Parameters: 1 -0.000115571 -0.000387752 0.000115083 1 0.000655607 0.0003876 -0.000655676 0.999999 0.00908437 -0.0164395 -0.0484424
FixedParameters: 0 0 0

#Transform 33
Transform: AffineTransform_float_3_3
Parameters: 1 0.000101481 -0.000364062 -0.000102398 1 0.000109544 0.000364084 -0.000109449 1 0.00308194 0.0429865 -0.0542373
FixedParameters: 0 0 0

#Transform 34
Transform: AffineTransform_float_3_3
Parameters: 1 8.99e-05 -0.000375994 -8.96097e-05 1 0.00038608 0.000376063 -0.000386012 1 0.00498214 -0.0227058 0.00403315
FixedParameters: 0 0 0

#Transform 35
Transform: AffineTransform_float_3_3
Parameters: 1 0.000134538 -0.000357542 -0.000134568 1 -4.16768e-05 0.000357531 4.1773e-05 1 0.00867931 0.0506256 0.0420341
FixedParameters: 0 0 0

#Transform 36
Transform: AffineTransform_float_3_3
Parameters: 1 -0.000208282 -0.000354822 0.000208208 1 -0.00010379 0.000354865 0.000103642 1 0.0141783 -0.0289012 -0.0282009
FixedParameters: 0 0 0

#Transform 37
Transform: AffineTransform_float_3_3
Parameters: 1 -1.91858e-05 -0.00068901 1.92932e-05 1 7.79282e-05 0.000689007 -7.79546e-05 1 0.0203371 0.0361799 0.0492337
FixedParameters: 0 0 0

#Transform 38
Transform: AffineTransform_float_3_3
Parameters: 1 -1.25337e-05 -0.000604648 1.22281e-05 1 -0.00025266 0.000604654 0.000252646 1 0.0136147 -0.0101884 -0.0100917
FixedParameters: 0 0 0

#Transform 39
Transform: AffineTransform_float_3_3
Parameters: 1 -2.27688e-05 -0.00103873 2.33723e-05 1 0.000248933 0.00103872 -0.000248981 1 0.0151424 -0.00570671 -0.0303868
FixedParameters: 0 0 0

#Transform 40
Transform: AffineTransform_float_3_3
Parameters: 1 -0.000137136 -0.000435399 0.000137297 1 0.000184534 0.000435349 -0.000184654 1 0.0190099 0.0117761 -0.030055
FixedParameters: 0 0 0

#Transform 41
Transform: AffineTransform_float_3_3
Parameters: 0.999999 -0.000213465 -0.00083362 0.000212694 1 0.000134617 0.000833562 -0.000134952 0.999999 0.0186268 -0.000559657 0.0399574
FixedParameters: 0 0 0

#Transform 42
Transform: AffineTransform_float_3_3
Parameters: 1 -1.7663e-05 -0.000405988 1.76745e-05 1 1.41149e-05 0.000405988 -1.41292e-05 1 0.0255205 0.070082 0.0423036
FixedParameters: 0 0 0

#Transform 43
Transform: AffineTransform_float_3_3
Parameters: 0.999999 -2.22057e-05 -0.000914459 2.26123e-05 1 0.000222286 0.000914449 -0.000222327 0.999999 0.0417453 0.00534319 0.0621343
FixedParameters: 0 0 0

#Transform 44
Transform: AffineTransform_float_3_3
Parameters: 1 -2.29837e-05 -0.00114814 2.36584e-05 1 0.000256209 0.00114813 -0.000256262 1 0.0558852 0.0603617 0.0468359
FixedParameters: 0 0 0

#Transform 45
Transform: AffineTransform_float_3_3
Parameters: 1 -3.10275e-05 -0.00107408 3.15629e-05 1 0.000672724 0.00107404 -0.00067277 0.999999 0.0505169 -0.0257104 0.0633801
FixedParameters: 0 0 0

#Transform 46
Transform: AffineTransform_float_3_3
Parameters: 0.999999 -2.57084e-05 -0.000877192 2.64137e-05 1 0.000402023 0.000877171 -0.000402069 0.999999 0.0398435 0.045121 0.0907544
FixedParameters: 0 0 0

#Transform 47
Transform: AffineTransform_float_3_3
Parameters: 1 -0.000109112 -0.00105873 0.00010989 1 0.000317283 0.00105862 -0.000316515 1 0.0533458 0.00532287 0.0265415
FixedParameters: 0 0 0

#Transform 48
Transform: AffineTransform_float_3_3
Parameters: 0.999999 -9.94091e-05 -0.001488 9.99166e-05 1 0.000476108 0.00148791 -0.000476384 0.999999 0.0503304 0.0330232 0.0606533
FixedParameters: 0 0 0

#Transform 49
Transform: AffineTransform_float_3_3
Parameters: 0.999999 -0.000176065 -0.00148493 0.000177353 1 0.000404453 0.00148479 -0.000404978 0.999999 0.0519475 -0.00614666 0.0145563
FixedParameters: 0 0 0

#Transform 50
Transform: AffineTransform_float_3_3
Parameters: 0.999999 -0.000180151 -0.0012772 0.000180832 1 0.00062264 0.00127697 -0.00062308 0.999999 0.0464169 0.0747934 0.0910951
FixedParameters: 0 0 0

#Transform 51
Transform: AffineTransform_float_3_3
Parameters: 1 -0.0003621 -0.000968106 0.000362996 1 0.000417887 0.000967803 -0.000418589 1 0.0450685 0.0172841 0.0360902
FixedParameters: 0 0 0

#Transform 52
Transform: AffineTransform_float_3_3
Parameters: 1 0.000225276 -0.00104947 -0.000224265 1 0.000965637 0.00104995 -0.000966144 0.999999 0.039694 0.039889 0.088058
FixedParameters: 0 0 0

#Transform 53
Transform: AffineTransform_float_3_3
Parameters: 1 -0.00017525 -0.00119021 0.000176239 1 0.000371215 0.00119004 -0.000370634 0.999999 0.053711 0.0509324 0.0165454
FixedParameters: 0 0 0

#Transform 54
Transform: AffineTransform_float_3_3
Parameters: 0.999999 -0.000184666 -0.00183492 0.000186991 0.999999 0.000857606 0.0018346 -0.000858267 0.999998 0.0558541 0.0397332 0.0441992
FixedParameters: 0 0 0

#Transform 55
Transform: AffineTransform_float_3_3
Parameters: 1 -0.000187132 -0.00105061 0.000188201 1 0.000982726 0.00105024 -0.0009831 0.999999 0.0513613 0.0183883 -0.0263273
FixedParameters: 0 0 0

#Transform 56
Transform: AffineTransform_float_3_3
Parameters: 1 -9.24453e-05 -0.00107748 9.32518e-05 0.999999 0.000796391 0.00107733 -0.00079657 0.999999 0.0509334 0.0402498 0.0677941
FixedParameters: 0 0 0

#Transform 57
Transform: AffineTransform_float_3_3
Parameters: 0.999999 -0.000180095 -0.00149413 0.000181027 1 0.000616224 0.0014939 -0.000616743 0.999998 0.0813174 0.0236631 0.0446282
FixedParameters: 0 0 0

#Transform 58
Transform: AffineTransform_float_3_3
Parameters: 1 -0.000178039 -0.00108743 0.000179249 1 0.000516776 0.00108724 -0.000517165 1 0.124308 -0.015309 0.27988
FixedParameters: 0 0 0

#Transform 59
Transform: AffineTransform_float_3_3
Parameters: 0.999999 -0.000323615 -0.00144964 0.000322522 1 -0.000407169 0.00144991 0.000406232 0.999999 0.114204 0.0857858 0.150296
FixedParameters: 0 0 0

#Transform 60
Transform: AffineTransform_float_3_3
Parameters: 0.999999 -0.000461491 -0.00147675 0.000462232 1 0.000214318 0.0014765 -0.000214683 0.999999 0.129594 0.0590451 0.305553
FixedParameters: 0 0 0

#Transform 61
Transform: AffineTransform_float_3_3
Parameters: 0.999999 -0.000218775 -0.00138432 0.000218353 1 -0.000183778 0.0013844 0.000183173 0.999999 0.112773 0.083269 0.19056
FixedParameters: 0 0 0

#Transform 62
Transform: AffineTransform_float_3_3
Parameters: 0.999999 -0.000166283 -0.00148771 0.000166768 1 0.000468642 0.00148755 -0.000469116 0.999999 0.117487 0.0198504 0.271206
FixedParameters: 0 0 0

#Transform 63
Transform: AffineTransform_float_3_3
Parameters: 0.999999 -0.000225454 -0.00184353 0.000226375 1 0.000202573 0.00184343 -0.000203406 0.999999 0.135967 0.0834568 0.134441
FixedParameters: 0 0 0

#Transform 64
Transform: AffineTransform_float_3_3
Parameters: 0.999999 0.000187855 -0.00150099 -0.00018642 0.999999 0.000781203 0.00150128 -0.00078062 0.999998 0.142923 0.0539235 0.21305
FixedParameters: 0 0 0

#Transform 65
Transform: AffineTransform_float_3_3
Parameters: 0.999998 -0.00020569 -0.00170915 0.00020635 0.999999 0.000750501 0.00170888 -0.000751162 0.999999 0.158086 0.0318058 0.152417
FixedParameters: 0 0 0

#Transform 66
Transform: AffineTransform_float_3_3
Parameters: 0.999997 -4.76073e-05 -0.00237577 4.89196e-05 1 0.000637055 0.00237566 -0.000636244 0.999997 0.168143 0.0341095 0.203373
FixedParameters: 0 0 0

#Transform 67
Transform: AffineTransform_float_3_3
Parameters: 0.999997 -0.000207567 -0.00264013 0.000209084 1 0.000406647 0.00263992 -0.000406727 0.999997 0.171278 0.0719053 0.127126
FixedParameters: 0 0 0

#Transform 68
Transform: AffineTransform_float_3_3
Parameters: 0.999998 -0.00011443 -0.00204018 0.000116501 0.999999 0.000953411 0.00204 -0.000953839 0.999998 0.163683 0.0249967 0.21036
FixedParameters: 0 0 0

#Transform 69
Transform: AffineTransform_float_3_3
Parameters: 0.999998 -0.000312236 -0.00185903 0.000312739 1 0.000351146 0.00185876 -0.000351288 0.999998 0.160202 0.0993746 0.210156
FixedParameters: 0 0 0

#Transform 70
Transform: AffineTransform_float_3_3
Parameters: 0.999997 -0.000138577 -0.00251769 0.000140022 1 0.000630817 0.00251751 -0.000631477 0.999996 0.165711 0.0111061 0.133225
FixedParameters: 0 0 0

#Transform 71
Transform: AffineTransform_float_3_3
Parameters: 0.999998 -0.000138228 -0.00226481 0.000139285 1 0.000615768 0.00226463 -0.000616355 0.999997 0.169562 -0.00986797 0.223262
FixedParameters: 0 0 0

#Transform 72
Transform: AffineTransform_float_3_3
Parameters: 0.999998 -0.000132626 -0.00198853 0.000133058 1 0.000315514 0.00198845 -0.000316021 0.999998 0.15739 0.0199527 0.167293
FixedParameters: 0 0 0

#Transform 73
Transform: AffineTransform_float_3_3
Parameters: 0.999997 -0.000139049 -0.00220766 0.000140165 0.999999 0.000660275 0.00220747 -0.00065985 0.999998 0.152548 0.0539763 0.20711
FixedParameters: 0 0 0

#Transform 74
Transform: AffineTransform_float_3_3
Parameters: 0.999998 8.33343e-05 -0.00197368 -8.28913e-05 1 0.000321019 0.00197373 -0.00032067 0.999998 0.132408 0.07545 0.2642
FixedParameters: 0 0 0

#Transform 75
Transform: AffineTransform_float_3_3
Parameters: 0.999997 -0.000114455 -0.00273436 0.000115674 1 0.000341651 0.00273428 -0.00034226 0.999996 0.126926 0.0738527 0.178996
FixedParameters: 0 0 0

#Transform 76
Transform: AffineTransform_float_3_3
Parameters: 0.999998 -3.58937e-05 -0.00225127 3.6365e-05 1 0.000489545 0.00225123 -0.000489666 0.999998 0.128734 0.0311712 0.241643
FixedParameters: 0 0 0

#Transform 77
Transform: AffineTransform_float_3_3
Parameters: 0.999998 -0.000351099 -0.00223522 0.000351607 1 0.000277814 0.00223499 -0.000279366 0.999997 0.131031 0.0396885 0.169183
FixedParameters: 0 0 0

#Transform 78
Transform: AffineTransform_float_3_3
Parameters: 0.999998 -0.000277899 -0.00227823 0.000279654 0.999999 0.000761165 0.00227776 -0.000761394 0.999997 0.13154 0.0122398 0.219198
FixedParameters: 0 0 0

#Transform 79
Transform: AffineTransform_float_3_3
Parameters: 0.999997 -0.000278524 -0.00243678 0.00028066 0.999999 0.000793292 0.00243633 -0.000794613 0.999996 0.132644 0.0181661 0.162127
FixedParameters: 0 0 0

#Transform 80
Transform: AffineTransform_float_3_3
Parameters: 0.999998 -3.69258e-05 -0.00202719 3.83308e-05 1 0.000816569 0.00202713 -0.000816681 0.999997 0.123677 0.0412129 0.228387
FixedParameters: 0 0 0

#Transform 81
Transform: AffineTransform_float_3_3
Parameters: 0.999998 8.80236e-07 -0.00208536 1.70935e-07 1 0.000449482 0.00208536 -0.00044946 0.999997 0.123005 0.0471435 0.159938
FixedParameters: 0 0 0

#Transform 82
Transform: AffineTransform_float_3_3
Parameters: 0.999997 -1.0265e-05 -0.00220052 1.29933e-05 1 0.00105294 0.00220054 -0.00105295 0.999997 0.12797 -0.00859555 0.220863
FixedParameters: 0 0 0

#Transform 83
Transform: AffineTransform_float_3_3
Parameters: 0.999996 -1.41332e-05 -0.00267259 1.81367e-05 0.999999 0.00127571 0.00267259 -0.00127573 0.999995 0.130783 0.0727308 0.159437
FixedParameters: 0 0 0

#Transform 84
Transform: AffineTransform_float_3_3
Parameters: 0.999998 -2.49676e-05 -0.00205869 2.85869e-05 0.999998 0.00184665 0.00205867 -0.00184668 0.999996 0.125465 -0.007712 0.233986
FixedParameters: 0 0 0

#Transform 85
Transform: AffineTransform_float_3_3
Parameters: 0.999998 -0.000315891 -0.00200796 0.000318355 1 0.00108242 0.00200827 -0.00108261 0.999998 0.126448 0.0245982 0.204026
FixedParameters: 0 0 0

#Transform 86
Transform: AffineTransform_float_3_3
Parameters: 0.999998 -0.000306092 -0.00198149 0.000308826 0.999999 0.00141719 0.00198061 -0.00141734 0.999997 0.124412 0.0673715 0.241717
FixedParameters: 0 0 0

#Transform 87
Transform: AffineTransform_float_3_3
Parameters: 0.999997 -0.000110934 -0.00224221 0.000112275 0.999999 0.000926732 0.00224204 -0.000927169 0.999997 0.114384 0.0184082 0.100345
FixedParameters: 0 0 0

#Transform 88
Transform: AffineTransform_float_3_3
Parameters: 0.999999 4.3236e-05 -0.000996956 -4.04563e-05 0.999995 0.00310843 0.000997419 -0.00310828 0.999994 0.073148 -0.0827749 0.130729
FixedParameters: 0 0 0

#Transform 89
Transform: AffineTransform_float_3_3
Parameters: 0.999998 -0.000207714 -0.0017968 0.00021292 0.999996 0.00293115 0.00179577 -0.00293179 0.999994 0.0921643 0.115995 0.228709
FixedParameters: 0 0 0

#Transform 90
Transform: AffineTransform_float_3_3
Parameters: 0.999998 -0.000381909 -0.00207037 0.000387403 0.999996 0.00281123 0.00206937 -0.00281265 0.999994 0.124521 0.0887853 0.232203
FixedParameters: 0 0 0

#Transform 91
Transform: AffineTransform_float_3_3
Parameters: 0.999998 -0.000374439 -0.00197475 0.00037864 0.999997 0.00261535 0.00197385 -0.00261567 0.999994 0.123247 0.0919122 0.247092
FixedParameters: 0 0 0

#Transform 92
Transform: AffineTransform_float_3_3
Parameters: 0.999998 -0.000367568 -0.00204597 0.000371738 0.999998 0.00225197 0.00204538 -0.00225233 0.999996 0.141608 0.0559973 0.216891
FixedParameters: 0 0 0

#Transform 93
Transform: AffineTransform_float_3_3
Parameters: 0.999998 -0.00037791 -0.00207037 0.000383404 0.999996 0.00281132 0.00206938 -0.00281272 0.999994 0.143924 0.0299519 0.23013
FixedParameters: 0 0 0

#Transform 94
Transform: AffineTransform_float_3_3
Parameters: 0.999998 -0.00067863 -0.00205142 0.000684266 0.999997 0.00235984 0.00205028 -0.00236146 0.999995 0.137391 0.0735672 0.257958
FixedParameters: 0 0 0

#Transform 95
Transform: AffineTransform_float_3_3
Parameters: 0.999998 -0.000364269 -0.00203827 0.00036777 0.999997 0.00207518 0.00203778 -0.00207553 0.999996 0.125133 0.0554068 0.187792
FixedParameters: 0 0 0

#Transform 96
Transform: AffineTransform_float_3_3
Parameters: 0.999998 -0.000370285 -0.00231565 0.000375531 0.999997 0.00242236 0.00231496 -0.00242392 0.999995 0.131536 0.024945 0.231797
FixedParameters: 0 0 0

#Transform 97
Transform: AffineTransform_float_3_3
Parameters: 0.999997 -0.000363725 -0.00253089 0.000368376 0.999997 0.00207874 0.0025294 -0.00207947 0.999994 0.138979 0.00595679 0.200339
FixedParameters: 0 0 0

#Transform 98
Transform: AffineTransform_float_3_3
Parameters: 0.999996 -0.000381076 -0.00281448 0.000389345 0.999995 0.00307313 0.00281326 -0.00307407 0.999992 0.139072 0.0460135 0.282473
FixedParameters: 0 0 0

#Transform 99
Transform: AffineTransform_float_3_3
Parameters: 0.999997 -0.000362713 -0.00271923 0.000368009 0.999997 0.00203651 0.00271878 -0.00203733 0.999994 0.138786 0.00492299 0.208569
FixedParameters: 0 0 0

#Transform 100
Transform: AffineTransform_float_3_3
Parameters: 0.999996 -0.000383699 -0.00285271 0.000391292 0.999997 0.00254879 0.0028518 -0.0025498 0.999992 0.140416 0.0371526 0.277132
FixedParameters: 0 0 0

#Transform 101
Transform: AffineTransform_float_3_3
Parameters: 0.999996 -0.000437398 -0.00259758 0.000442669 0.999998 0.00195198 0.0025969 -0.00195311 0.999994 0.152418 0.0611358 0.258237
FixedParameters: 0 0 0

#Transform 102
Transform: AffineTransform_float_3_3
Parameters: 0.999996 5.9513e-05 -0.00266491 -5.33254e-05 0.999997 0.00246912 0.00266534 -0.00246867 0.999994 0.131642 0.0574879 0.263707
FixedParameters: 0 0 0

#Transform 103
Transform: AffineTransform_float_3_3
Parameters: 0.999997 -0.000348216 -0.00247875 0.000353671 0.999998 0.00210038 0.00247831 -0.00210097 0.999994 0.156475 0.049583 0.24119
FixedParameters: 0 0 0

#Transform 104
Transform: AffineTransform_float_3_3
Parameters: 0.999995 -0.000348222 -0.00302196 0.000354293 0.999998 0.00213979 0.00302153 -0.00214072 0.999993 0.161989 0.0242071 0.236016
FixedParameters: 0 0 0

#Transform 105
Transform: AffineTransform_float_3_3
Parameters: 0.999996 -0.000352257 -0.00293764 0.000359281 0.999997 0.00236361 0.00293703 -0.00236451 0.999993 0.158984 0.0509467 0.216892
FixedParameters: 0 0 0

#Transform 106
Transform: AffineTransform_float_3_3
Parameters: 0.999996 -0.000356311 -0.00292726 0.000362967 0.999997 0.00230891 0.00292667 -0.00230982 0.999993 0.160794 0.0216229 0.249611
FixedParameters: 0 0 0

#Transform 107
Transform: AffineTransform_float_3_3
Parameters: 0.999995 -0.000490419 -0.00293658 0.000496255 0.999998 0.00180477 0.00293579 -0.00180552 0.999994 0.16025 0.0842068 0.260699
FixedParameters: 0 0 0

#Transform 108
Transform: AffineTransform_float_3_3
Parameters: 0.999995 -0.00018063 -0.00321708 0.000187497 0.999998 0.00212323 0.00321737 -0.00212422 0.999992 0.17836 0.0706284 0.274346
FixedParameters: 0 0 0

#Transform 109
Transform: AffineTransform_float_3_3
Parameters: 0.999995 -0.000299747 -0.00302485 0.000305081 0.999998 0.00200165 0.00302471 -0.00200229 0.999994 0.192399 0.113291 0.264553
FixedParameters: 0 0 0

#Transform 110
Transform: AffineTransform_float_3_3
Parameters: 0.999994 -0.00019124 -0.00339144 0.000199761 0.999997 0.00240473 0.00339165 -0.00240584 0.999992 0.200838 0.0326531 0.300368
FixedParameters: 0 0 0

#Transform 111
Transform: AffineTransform_float_3_3
Parameters: 0.999995 -0.000238518 -0.00303271 0.000243437 0.999998 0.00193167 0.00303185 -0.00193298 0.999993 0.19284 0.105718 0.299321
FixedParameters: 0 0 0

#Transform 112
Transform: AffineTransform_float_3_3
Parameters: 0.999994 -0.000324362 -0.00336284 0.000332004 0.999997 0.00229168 0.00336241 -0.00229268 0.999991 0.192719 0.0437708 0.261776
FixedParameters: 0 0 0

#Transform 113
Transform: AffineTransform_float_3_3
Parameters: 0.999996 -0.000235302 -0.00293241 0.000239726 0.999999 0.00174288 0.00293266 -0.0017441 0.999994 0.192916 0.0726166 0.307159
FixedParameters: 0 0 0

#Transform 114
Transform: AffineTransform_float_3_3
Parameters: 0.999994 -0.000537541 -0.00336778 0.000550112 0.999994 0.0035148 0.00336618 -0.00351713 0.999988 0.202593 0.0515941 0.32506
FixedParameters: 0 0 0

#Transform 115
Transform: AffineTransform_float_3_3
Parameters: 0.999994 -0.000438721 -0.00338204 0.000443859 0.999999 0.00144113 0.0033808 -0.00144301 0.999993 0.157848 0.0635899 0.332934
FixedParameters: 0 0 0

#Transform 116
Transform: AffineTransform_float_3_3
Parameters: 0.999994 -0.000242959 -0.00334106 0.000249951 0.999998 0.00220948 0.00334104 -0.00220991 0.999992 0.154668 0.0636594 0.337108
FixedParameters: 0 0 0

#Transform 117
Transform: AffineTransform_float_3_3
Parameters: 0.999994 -0.000504272 -0.00347261 0.000509984 0.999998 0.00177001 0.0034718 -0.00177135 0.999993 0.184086 0.0299753 0.306715
FixedParameters: 0 0 0

#Transform 118
Transform: AffineTransform_float_3_3
Parameters: 0.999993 -0.000366176 -0.00369188 0.000374689 0.999998 0.00219123 0.00369128 -0.00219175 0.999991 0.187912 0.0539293 0.34333
FixedParameters: 0 0 0

#Transform 119
Transform: AffineTransform_float_3_3
Parameters: 0.999994 -0.000239072 -0.00339648 0.000245866 0.999998 0.0019879 0.00339563 -0.0019894 0.999993 0.193097 0.070164 0.288031
FixedParameters: 0 0 0

#Transform 120
Transform: AffineTransform_float_3_3
Parameters: 0.999993 -0.00025433 -0.00383985 0.000265078 0.999996 0.00293037 0.00383947 -0.00293107 0.999989 0.198456 0.042703 0.322958
FixedParameters: 0 0 0

#Transform 121
Transform: AffineTransform_float_3_3
Parameters: 0.999993 -0.000535353 -0.00355824 0.00054125 0.999998 0.00189568 0.00355723 -0.0018983 0.999992 0.181756 0.0578189 0.271073
FixedParameters: 0 0 0

#Transform 122
Transform: AffineTransform_float_3_3
Parameters: 0.999993 -0.000247484 -0.0038471 0.000257193 0.999997 0.00252174 0.00384698 -0.00252343 0.99999 0.187715 0.0487989 0.326353
FixedParameters: 0 0 0

#Transform 123
Transform: AffineTransform_float_3_3
Parameters: 0.999995 -0.000236513 -0.00319234 0.000241475 0.999998 0.00182766 0.00319254 -0.001829 0.999993 0.200907 0.0775137 0.314156
FixedParameters: 0 0 0

#Transform 124
Transform: AffineTransform_float_3_3
Parameters: 0.999993 -0.000171146 -0.00367279 0.000179108 0.999998 0.0021307 0.00367211 -0.00213082 0.999991 0.212679 0.104784 0.313145
FixedParameters: 0 0 0

#Transform 125
Transform: AffineTransform_float_3_3
Parameters: 0.999992 -0.000235678 -0.00384755 0.000242138 0.999998 0.00181821 0.00384675 -0.00181988 0.999991 0.211306 0.0771829 0.312177
FixedParameters: 0 0 0

#Transform 126
Transform: AffineTransform_float_3_3
Parameters: 0.999991 -0.000211617 -0.0042057 0.000222102 0.999997 0.00250703 0.00420576 -0.00250858 0.999988 0.216658 0.0752718 0.339386
FixedParameters: 0 0 0

#Transform 127
Transform: AffineTransform_float_3_3
Parameters: 0.999991 -0.000283491 -0.00417102 0.00029029 0.999999 0.00170486 0.00417107 -0.00170604 0.99999 0.21602 0.0878058 0.277758
FixedParameters: 0 0 0

#Transform 128
Transform: AffineTransform_float_3_3
Parameters: 0.999992 -0.000150499 -0.00404651 0.000161025 0.999997 0.0024864 0.00404581 -0.00248645 0.999988 0.215427 0.046117 0.375567
FixedParameters: 0 0 0

#Transform 129
Transform: AffineTransform_float_3_3
Parameters: 0.999991 -0.000248056 -0.00416981 0.000254632 0.999999 0.00167875 0.00417 -0.00167964 0.99999 0.217989 0.0445453 0.302279
FixedParameters: 0 0 0

#Transform 130
Transform: AffineTransform_float_3_3
Parameters: 0.999992 -0.000312516 -0.00385388 0.000321936 0.999996 0.00246681 0.00385243 -0.00246804 0.99999 0.21459 0.0362182 0.381815
FixedParameters: 0 0 0

#Transform 131
Transform: AffineTransform_float_3_3
Parameters: 0.999991 -0.0001863 -0.0041222 0.000194333 0.999998 0.00187555 0.00412151 -0.00187595 0.999989 0.215374 0.0729573 0.315808
FixedParameters: 0 0 0

#Transform 132
Transform: AffineTransform_float_3_3
Parameters: 0.999992 -0.000192034 -0.00408712 0.000200679 0.999998 0.00222034 0.00408732 -0.00222069 0.999989 0.214667 0.0883295 0.360342
FixedParameters: 0 0 0

#Transform 133
Transform: AffineTransform_float_3_3
Parameters: 0.999992 -0.000331226 -0.00417852 0.000339555 0.999998 0.00187453 0.00417825 -0.00187612 0.999989 0.218551 0.0658487 0.339072
FixedParameters: 0 0 0

#Transform 134
Transform: AffineTransform_float_3_3
Parameters: 0.99999 -0.000475053 -0.00433712 0.00048244 0.999998 0.00181001 0.00433538 -0.00181198 0.999989 0.224057 0.0537132 0.395841
FixedParameters: 0 0 0

#Transform 135
Transform: AffineTransform_float_3_3
Parameters: 0.99999 -0.000446331 -0.00454969 0.000453876 0.999998 0.0018425 0.00454901 -0.00184434 0.999988 0.226161 0.0508794 0.323166
FixedParameters: 0 0 0

#Transform 136
Transform: AffineTransform_float_3_3
Parameters: 0.999991 -0.000509858 -0.00426003 0.000518814 0.999998 0.00203676 0.00425892 -0.00203892 0.999989 0.235339 0.0886629 0.358179
FixedParameters: 0 0 0

#Transform 137
Transform: AffineTransform_float_3_3
Parameters: 0.999992 -0.000538693 -0.00387859 0.000544198 0.999999 0.00127884 0.00387716 -0.00128094 0.999991 0.200473 0.032219 0.296805
FixedParameters: 0 0 0

#Transform 138
Transform: AffineTransform_float_3_3
Parameters: 0.999975 0.00210842 -0.00684652 -0.00216063 0.999969 -0.00757074 0.00683077 0.00758557 0.999947 0.0656575 0.126669 0.909383
FixedParameters: 0 0 0

#Transform 139
Transform: AffineTransform_float_3_3
Parameters: 0.999978 0.000874504 -0.00643953 -0.000904914 0.999988 -0.00482374 0.00643459 0.00482971 0.999967 0.112969 0.105291 0.626252
FixedParameters: 0 0 0

#Transform 140
Transform: AffineTransform_float_3_3
Parameters: 0.99998 0.00062746 -0.00630545 -0.000645065 0.999996 -0.00284857 0.00630309 0.0028533 0.999976 0.11215 0.257511 0.650565
FixedParameters: 0 0 0

#Transform 141
Transform: AffineTransform_float_3_3
Parameters: 0.999978 0.000668436 -0.00653668 -0.000677995 0.999999 -0.00139367 0.00653502 0.00139734 0.999977 0.121342 0.0942368 0.49705
FixedParameters: 0 0 0

#Transform 142
Transform: AffineTransform_float_3_3
Parameters: 0.999977 0.000670676 -0.00672132 -0.000673435 0.999999 -0.000418408 0.00672092 0.000423428 0.999978 0.117239 0.0955602 0.538946
FixedParameters: 0 0 0

#Transform 143
Transform: AffineTransform_float_3_3
Parameters: 0.999982 0.000651209 -0.00592789 -0.00065555 0.999999 -0.000740553 0.00592709 0.000744244 0.999982 0.113674 0.126515 0.445817
FixedParameters: 0 0 0

#Transform 144
Transform: AffineTransform_float_3_3
Parameters: 0.999979 0.000729521 -0.00642454 -0.000730132 0.999999 -0.00010086 0.00642461 0.000105266 0.99998 0.118743 0.0658964 0.516454
FixedParameters: 0 0 0

#Transform 145
Transform: AffineTransform_float_3_3
Parameters: 0.999979 0.000465411 -0.00636465 -0.00046848 1 -0.000448797 0.00636536 0.00045177 0.999979 0.119548 0.105252 0.518019
FixedParameters: 0 0 0

#Transform 146
Transform: AffineTransform_float_3_3
Parameters: 0.999979 0.000585663 -0.00642411 -0.000585569 1 2.94283e-05 0.00642432 -2.58562e-05 0.99998 0.112503 0.10988 0.460088
FixedParameters: 0 0 0

#Transform 147
Transform: AffineTransform_float_3_3
Parameters: 0.99998 0.000639155 -0.00640271 -0.000638577 1 6.78156e-05 0.00640197 -6.36304e-05 0.99998 0.121346 0.052873 0.509454
FixedParameters: 0 0 0

#Transform 148
Transform: AffineTransform_float_3_3
Parameters: 0.999977 0.000538265 -0.00679036 -0.000535862 0.999999 0.00033186 0.00679088 -0.000328477 0.999977 0.12107 0.0937229 0.462508
FixedParameters: 0 0 0

#Transform 149
Transform: AffineTransform_float_3_3
Parameters: 0.99998 0.00065896 -0.00628736 -0.000660716 1 -0.000267108 0.00628722 0.000270413 0.99998 0.103227 0.0475413 0.606909
FixedParameters: 0 0 0

#Transform 150
Transform: AffineTransform_float_3_3
Parameters: 0.999979 0.000643041 -0.00643472 -0.000647464 0.999999 -0.000708291 0.00643397 0.00071254 0.999979 0.101733 0.117646 0.513239
FixedParameters: 0 0 0

#Transform 151
Transform: AffineTransform_float_3_3
Parameters: 0.999979 0.000403211 -0.00653697 -0.000406288 1 -0.000374747 0.0065368 0.000377044 0.999979 0.109702 0.117169 0.59
FixedParameters: 0 0 0

#Transform 152
Transform: AffineTransform_float_3_3
Parameters: 0.999979 0.000355579 -0.00648093 -0.000358071 1 -0.000327592 0.00648078 0.000330222 0.999979 0.117139 0.126186 0.519467
FixedParameters: 0 0 0

#Transform 153
Transform: AffineTransform_float_3_3
Parameters: 0.99998 0.00033895 -0.00628229 -0.000339008 1 -5.82515e-05 0.00628234 6.05356e-05 0.999981 0.11751 0.122039 0.592479
FixedParameters: 0 0 0

#Transform 154
Transform: AffineTransform_float_3_3
Parameters: 0.999981 0.000228263 -0.00626017 -0.000231644 1 -0.000642929 0.00625996 0.000643751 0.99998 0.124242 0.100117 0.536388
FixedParameters: 0 0 0

#Transform 155
Transform: AffineTransform_float_3_3
Parameters: 0.999978 0.000304466 -0.00674779 -0.000302253 1 0.000316289 0.00674806 -0.000314108 0.999977 0.129465 0.112825 0.557042
FixedParameters: 0 0 0

#Transform 156
Transform: AffineTransform_float_3_3
Parameters: 0.999982 0.000550987 -0.00600875 -0.000553403 1 -0.000322178 0.00600856 0.000324821 0.999982 0.112089 0.130243 0.549395
FixedParameters: 0 0 0

#Transform 157
Transform: AffineTransform_float_3_3
Parameters: 0.999978 0.000543682 -0.00650701 -0.000542787 1 0.000165915 0.00650732 -0.000161778 0.999979 0.130358 0.156366 0.582789
FixedParameters: 0 0 0

#Transform 158
Transform: AffineTransform_float_3_3
Parameters: 0.99998 0.000552693 -0.00640884 -0.000556002 1 -0.000469352 0.00640849 0.000472443 0.99998 0.139525 0.141791 0.590241
FixedParameters: 0 0 0

#Transform 159
Transform: AffineTransform_float_3_3
Parameters: 0.999979 0.000384707 -0.00647858 -0.000386411 1 -0.000265647 0.0064785 0.000267648 0.999979 0.137222 0.15584 0.575653
FixedParameters: 0 0 0

#Transform 160
Transform: AffineTransform_float_3_3
Parameters: 0.999977 0.000299377 -0.00678561 -0.000302983 1 -0.000481344 0.00678541 0.000483416 0.999977 0.145547 0.132017 0.597359
FixedParameters: 0 0 0

#Transform 161
Transform: AffineTransform_float_3_3
Parameters: 0.999978 6.11298e-05 -0.00655064 -5.87987e-05 1 0.000268089 0.00655071 -0.000267238 0.999979 0.14432 0.119655 0.581173
FixedParameters: 0 0 0

#Transform 162
Transform: AffineTransform_float_3_3
Parameters: 0.999987 -0.000266234 -0.00505759 0.000273643 0.999999 0.00142342 0.00505785 -0.00142494 0.999986 0.160606 0.166427 0.580303
FixedParameters: 0 0 0

#Transform 163
Transform: AffineTransform_float_3_3
Parameters: 0.999986 0.000649274 -0.00523634 -0.00064177 0.999999 0.00128301 0.00523716 -0.00127915 0.999986 0.129225 0.128068 0.647063
FixedParameters: 0 0 0

#Transform 164
Transform: AffineTransform_float_3_3
Parameters: 0.999986 0.000241546 -0.00541433 -0.000239159 1 0.000473011 0.00541464 -0.000472322 0.999985 0.136805 0.075966 0.558578
FixedParameters: 0 0 0

#Transform 165
Transform: AffineTransform_float_3_3
Parameters: 0.999983 0.000522023 -0.00574472 -0.000515991 0.999999 0.0011129 0.00574504 -0.0011098 0.999983 0.126707 0.080392 0.627695
FixedParameters: 0 0 0

#Transform 166
Transform: AffineTransform_float_3_3
Parameters: 0.999981 0.000341734 -0.00611639 -0.000346654 0.999999 -0.000939062 0.00611584 0.000941174 0.999981 0.141947 0.0504124 0.56108
FixedParameters: 0 0 0

#Transform 167
Transform: AffineTransform_float_3_3
Parameters: 0.999977 0.00032621 -0.00675028 -0.000329565 1 -0.000465083 0.00675006 0.000467493 0.999977 0.144896 0.116992 0.664083
FixedParameters: 0 0 0

#Transform 168
Transform: AffineTransform_float_3_3
Parameters: 0.999976 0.000395892 -0.00688743 -0.000392992 1 0.000282745 0.00688778 -0.000280244 0.999976 0.144042 0.15426 0.655529
FixedParameters: 0 0 0

#Transform 169
Transform: AffineTransform_float_3_3
Parameters: 0.999984 -1.85598e-05 -0.00564635 1.89649e-05 1 1.70041e-06 0.00564635 -1.89007e-06 0.999984 0.11002 0.151662 0.737203
FixedParameters: 0 0 0

#Transform 170
Transform: AffineTransform_float_3_3
Parameters: 0.99998 -2.35335e-05 -0.00633775 2.63299e-05 1 0.000320049 0.00633773 -0.000320302 0.99998 0.14214 0.113315 0.711181
FixedParameters: 0 0 0

#Transform 171
Transform: AffineTransform_float_3_3
Parameters: 0.999982 6.03634e-05 -0.00610419 -6.14167e-05 1 -0.000220221 0.00610416 0.000220966 0.999982 0.134987 0.163377 0.649844
FixedParameters: 0 0 0

#Transform 172
Transform: AffineTransform_float_3_3
Parameters: 0.99998 0.000276568 -0.00628653 -0.000268674 0.999999 0.00129942 0.00628736 -0.00129678 0.99998 0.167151 0.0961166 0.689062
FixedParameters: 0 0 0

#Transform 173
Transform: AffineTransform_float_3_3
Parameters: 0.999982 0.000162926 -0.00590223 -0.000160492 1 0.000506032 0.00590247 -0.000505016 0.999983 0.172522 0.0868474 0.626853
FixedParameters: 0 0 0

#Transform 174
Transform: AffineTransform_float_3_3
Parameters: 0.999978 0.000157793 -0.00658526 -0.000152685 1 0.00086391 0.00658561 -0.000862697 0.999978 0.191943 0.0893477 0.665819
FixedParameters: 0 0 0

#Transform 175
Transform: AffineTransform_float_3_3
Parameters: 0.999979 -0.00013571 -0.00649136 0.000137727 1 0.000398509 0.00649124 -0.00040018 0.999979 0.191344 0.133318 0.615332
FixedParameters: 0 0 0

#Transform 176
Transform: AffineTransform_float_3_3
Parameters: 0.999979 0.000163247 -0.00647259 -0.00016025 1 0.000478463 0.00647278 -0.000477263 0.999979 0.189864 0.104824 0.667131
FixedParameters: 0 0 0

#Transform 177
Transform: AffineTransform_float_3_3
Parameters: 0.99998 -0.000126771 -0.00632652 0.000129658 1 0.000405874 0.00632641 -0.000407412 0.99998 0.191151 0.0787102 0.627017
FixedParameters: 0 0 0

#Transform 178
Transform: AffineTransform_float_3_3
Parameters: 0.99998 -0.000236535 -0.00630166 0.000237548 1 0.000177761 0.00630253 -0.000179643 0.99998 0.177521 0.147661 0.669393
FixedParameters: 0 0 0

#Transform 179
Transform: AffineTransform_float_3_3
Parameters: 0.999981 0.000157276 -0.00615225 -0.000151702 1 0.000895545 0.00615256 -0.000894498 0.99998 0.159168 0.194791 0.664488
FixedParameters: 0 0 0

#Transform 180
Transform: AffineTransform_float_3_3
Parameters: 0.99998 0.000164124 -0.0062687 -0.000162288 1 0.000416205 0.00626896 -0.00041605 0.999981 0.170578 0.184281 0.659174
FixedParameters: 0 0 0

#Transform 181
Transform: AffineTransform_float_3_3
Parameters: 0.999979 0.000154109 -0.00640425 -0.000147079 0.999999 0.00112288 0.00640466 -0.00112176 0.999979 0.173459 0.0830743 0.733736
FixedParameters: 0 0 0

#Transform 182
Transform: AffineTransform_float_3_3
Parameters: 0.99998 -0.00017981 -0.00642309 0.000178595 1 -0.000160363 0.0064231 0.000159082 0.99998 0.190312 0.169508 0.660306
FixedParameters: 0 0 0

#Transform 183
Transform: AffineTransform_float_3_3
Parameters: 0.99998 -0.000242606 -0.00635437 0.000247548 1 0.000884125 0.00635493 -0.00088603 0.99998 0.193901 0.0879113 0.751726
FixedParameters: 0 0 0

#Transform 184
Transform: AffineTransform_float_3_3
Parameters: 0.999979 9.01873e-05 -0.00637839 -8.97328e-05 1 5.70743e-05 0.0063784 -5.58836e-05 0.999979 0.186894 0.158473 0.652871
FixedParameters: 0 0 0

#Transform 185
Transform: AffineTransform_float_3_3
Parameters: 0.999979 0.000153503 -0.00645218 -0.000146793 0.999999 0.00116686 0.00645261 -0.00116572 0.999978 0.181037 0.0891792 0.759769
FixedParameters: 0 0 0

#Transform 186
Transform: AffineTransform_float_3_3
Parameters: 0.999978 3.8805e-05 -0.00652306 -3.97208e-05 1 -0.000208856 0.00652304 0.000209371 0.999978 0.190537 0.149235 0.663732
FixedParameters: 0 0 0

#Transform 187
Transform: AffineTransform_float_3_3
Parameters: 0.999977 0.000275586 -0.00682816 -0.000270611 1 0.000812621 0.00682872 -0.000810721 0.999977 0.170594 0.121998 0.72694
FixedParameters: 0 0 0

#Transform 188
Transform: AffineTransform_float_3_3
Parameters: 0.999968 0.000367909 -0.00808528 -0.000362689 1 0.000650128 0.00808588 -0.00064705 0.999967 0.126899 0.1167 0.691323
FixedParameters: 0 0 0

#Transform 189
Transform: AffineTransform_float_3_3
Parameters: 0.999968 0.000269132 -0.0079515 -0.000261791 1 0.000866269 0.00795208 -0.000863856 0.999968 0.131019 0.161686 0.720328
FixedParameters: 0 0 0

#Transform 190
Transform: AffineTransform_float_3_3
Parameters: 0.999967 0.000262958 -0.00810696 -0.000251293 1 0.00136296 0.00810686 -0.00136156 0.999966 0.128099 0.107845 0.693693
FixedParameters: 0 0 0

#Transform 191
Transform: AffineTransform_float_3_3
Parameters: 0.999969 0.000333417 -0.007924 -0.000321257 0.999999 0.00155705 0.00792522 -0.00155455 0.999968 0.142011 0.0953103 0.712162
FixedParameters: 0 0 0

#Transform 192
Transform: AffineTransform_float_3_3
