# transform file /out/sourcedata/freesurfer/sub-v1s5x0050722_ses-1/mri/transforms/cc_up.lta
# created by oesteban on Tue Mar 10 04:52:19 2026

type      = 0 # LINEAR_VOX_TO_VOX
nxforms   = 1
mean      = 132.0000 105.0000 118.0000
sigma     = 10000.0000
1 4 4
9.927351474761963e-01 7.596263661980629e-03 1.200795695185661e-01 -1.613891601562500e+01 
-7.541296072304249e-03 9.999710917472839e-01 -9.121824987232685e-04 4.509252166748047e+01 
-1.200830340385437e-01 5.820765397457350e-11 9.927638173103333e-01 3.455634689331055e+01 
0.000000000000000e+00 0.000000000000000e+00 0.000000000000000e+00 1.000000000000000e+00 
src volume info
valid = 1  # volume info valid
filename = /out/sourcedata/freesurfer/sub-v1s5x0050722_ses-1/mri/norm.mgz
volume = 256 256 256
voxelsize = 1.000000000000000e+00 1.000000000000000e+00 1.000000000000000e+00
xras   = -9.999999403953552e-01 3.201421350240707e-09 -7.450580596923828e-09
yras   = 0.000000000000000e+00 -9.313225746154785e-10 -9.999999403953552e-01
zras   = -3.026798367500305e-09 9.999998807907104e-01 0.000000000000000e+00
cras   = -3.323074340820312e+00 7.814666748046875e+00 -4.656578063964844e+00
dst volume info
valid = 1  # volume info valid
filename = /out/sourcedata/freesurfer/sub-v1s5x0050722_ses-1/mri/norm.mgz
volume = 256 256 256
voxelsize = 1.000000000000000e+00 1.000000000000000e+00 1.000000000000000e+00
xras   = -9.999999403953552e-01 3.201421350240707e-09 -7.450580596923828e-09
yras   = 0.000000000000000e+00 -9.313225746154785e-10 -9.999999403953552e-01
zras   = -3.026798367500305e-09 9.999998807907104e-01 0.000000000000000e+00
cras   = -3.323074340820312e+00 7.814666748046875e+00 -4.656578063964844e+00
