type      = 0 # LINEAR_VOX_TO_VOX
nxforms   = 1
mean      = 0.0000 0.0000 0.0000
sigma     = 1.0000
1 4 4
1.139390826225281e+00 2.433999441564083e-03 1.328399777412415e-01 -3.668119812011719e+01 
-3.661898896098137e-02 1.079602837562561e+00 1.836969852447510e-01 -2.117248535156250e+00 
-1.726729869842529e-01 -1.730669885873795e-01 1.100996851921082e+00 2.107249450683594e+01 
0.000000000000000e+00 0.000000000000000e+00 0.000000000000000e+00 1.000000000000000e+00 
src volume info
valid = 1  # volume info valid
filename = /out/sourcedata/freesurfer/sub-v1s5x0050722_ses-1/mri/orig.mgz
volume = 256 256 256
voxelsize = 1.000000000000000e+00 1.000000000000000e+00 1.000000000000000e+00
xras   = -9.999999403953552e-01 3.201421350240707e-09 -7.450580596923828e-09
yras   = 0.000000000000000e+00 -9.313225746154785e-10 -9.999999403953552e-01
zras   = -3.026798367500305e-09 9.999998807907104e-01 0.000000000000000e+00
cras   = -3.323074340820312e+00 7.814666748046875e+00 -4.656578063964844e+00
dst volume info
valid = 1  # volume info valid
filename = /opt/freesurfer/average/mni305.cor.mgz
volume = 256 256 256
voxelsize = 1.000000000000000e+00 1.000000000000000e+00 1.000000000000000e+00
xras   = -1.000000000000000e+00 0.000000000000000e+00 0.000000000000000e+00
yras   = 0.000000000000000e+00 0.000000000000000e+00 -1.000000000000000e+00
zras   = 0.000000000000000e+00 1.000000000000000e+00 0.000000000000000e+00
cras   = 0.000000000000000e+00 0.000000000000000e+00 0.000000000000000e+00
subject fsaverage
fscale 0.100000
