# transform file transforms/talairach.lta
# created by oesteban on Tue Mar 10 03:41:58 2026

type      = 0 # LINEAR_VOX_TO_VOX
nxforms   = 1
mean      = 132.0000 105.0000 118.0000
sigma     = 10000.0000
1 4 4
1.112291216850281e+00 -1.919233426451683e-02 1.423269510269165e-01 -3.385087966918945e+01 
-3.759251674637198e-03 1.125940918922424e+00 1.733437627553940e-01 -1.048419857025146e+01 
-1.706745475530624e-01 -1.592796146869659e-01 9.964997172355652e-01 3.092737960815430e+01 
0.000000000000000e+00 0.000000000000000e+00 0.000000000000000e+00 1.000000000000000e+00 
src volume info
valid = 1  # volume info valid
filename = nu.mgz
volume = 256 256 256
voxelsize = 1.000000000000000e+00 1.000000000000000e+00 1.000000000000000e+00
xras   = -9.999999403953552e-01 3.201421350240707e-09 -7.450580596923828e-09
yras   = 0.000000000000000e+00 -9.313225746154785e-10 -9.999999403953552e-01
zras   = -3.026798367500305e-09 9.999998807907104e-01 0.000000000000000e+00
cras   = -3.323074340820312e+00 7.814666748046875e+00 -4.656578063964844e+00
dst volume info
valid = 1  # volume info valid
filename = /opt/freesurfer/average/RB_all_2020-01-02.gca
volume = 256 256 256
voxelsize = 1.000000000000000e+00 1.000000000000000e+00 1.000000000000000e+00
xras   = -1.000000000000000e+00 0.000000000000000e+00 0.000000000000000e+00
yras   = 0.000000000000000e+00 0.000000000000000e+00 -1.000000000000000e+00
zras   = 0.000000000000000e+00 1.000000000000000e+00 0.000000000000000e+00
cras   = 0.000000000000000e+00 0.000000000000000e+00 0.000000000000000e+00
