# transform file /out/sourcedata/freesurfer/sub-v1s5x0050753_ses-1/mri/transforms/cc_up.lta
# created by oesteban on Tue Mar 10 06:46:52 2026

type      = 0 # LINEAR_VOX_TO_VOX
nxforms   = 1
mean      = 125.0000 109.0000 117.0000
sigma     = 10000.0000
1 4 4
9.798308014869690e-01 -1.721422076225281e-01 1.014827638864517e-01 1.167723178863525e+01 
1.712262779474258e-01 9.850721359252930e-01 1.773420162498951e-02 1.004295349121094e+01 
-1.030206531286240e-01 -1.862645149230957e-09 9.946792721748352e-01 4.354876327514648e+01 
0.000000000000000e+00 0.000000000000000e+00 0.000000000000000e+00 1.000000000000000e+00 
src volume info
valid = 1  # volume info valid
filename = /out/sourcedata/freesurfer/sub-v1s5x0050753_ses-1/mri/norm.mgz
volume = 256 256 256
voxelsize = 1.000000000000000e+00 1.000000000000000e+00 1.000000000000000e+00
xras   = -9.999999403953552e-01 -6.519258022308350e-09 0.000000000000000e+00
yras   = 2.980232238769531e-08 7.450580596923828e-09 -9.999999403953552e-01
zras   = 0.000000000000000e+00 1.000000119209290e+00 -1.490116119384766e-08
cras   = 2.708663940429688e+00 4.261192321777344e+00 1.617926025390625e+01
dst volume info
valid = 1  # volume info valid
filename = /out/sourcedata/freesurfer/sub-v1s5x0050753_ses-1/mri/norm.mgz
volume = 256 256 256
voxelsize = 1.000000000000000e+00 1.000000000000000e+00 1.000000000000000e+00
xras   = -9.999999403953552e-01 -6.519258022308350e-09 0.000000000000000e+00
yras   = 2.980232238769531e-08 7.450580596923828e-09 -9.999999403953552e-01
zras   = 0.000000000000000e+00 1.000000119209290e+00 -1.490116119384766e-08
cras   = 2.708663940429688e+00 4.261192321777344e+00 1.617926025390625e+01
