# transform file transforms/talairach.lta
# created by oesteban on Tue Mar 10 05:29:29 2026

type      = 0 # LINEAR_VOX_TO_VOX
nxforms   = 1
mean      = 125.0000 110.0000 117.0000
sigma     = 10000.0000
1 4 4
1.018910169601440e+00 -1.545276194810867e-01 9.498565644025803e-02 3.112780332565308e+00 
1.152563467621803e-01 1.122982859611511e+00 1.528905481100082e-01 -2.778544425964355e+01 
-1.391238421201706e-01 -1.212347149848938e-01 1.003555417060852e+00 2.460423088073730e+01 
0.000000000000000e+00 0.000000000000000e+00 0.000000000000000e+00 1.000000000000000e+00 
src volume info
valid = 1  # volume info valid
filename = nu.mgz
volume = 256 256 256
voxelsize = 1.000000000000000e+00 1.000000000000000e+00 1.000000000000000e+00
xras   = -9.999999403953552e-01 -6.519258022308350e-09 0.000000000000000e+00
yras   = 2.980232238769531e-08 7.450580596923828e-09 -9.999999403953552e-01
zras   = 0.000000000000000e+00 1.000000119209290e+00 -1.490116119384766e-08
cras   = 2.708663940429688e+00 4.261192321777344e+00 1.617926025390625e+01
dst volume info
valid = 1  # volume info valid
filename = /opt/freesurfer/average/RB_all_2020-01-02.gca
volume = 256 256 256
voxelsize = 1.000000000000000e+00 1.000000000000000e+00 1.000000000000000e+00
xras   = -1.000000000000000e+00 0.000000000000000e+00 0.000000000000000e+00
yras   = 0.000000000000000e+00 0.000000000000000e+00 -1.000000000000000e+00
zras   = 0.000000000000000e+00 1.000000000000000e+00 0.000000000000000e+00
cras   = 0.000000000000000e+00 0.000000000000000e+00 0.000000000000000e+00
