type      = 1 # LINEAR_RAS_TO_RAS
nxforms   = 1
mean      = 0.0000 0.0000 0.0000
sigma     = 1.0000
1 4 4
1.024703979492188e+00 -9.768799692392349e-02 -1.673209965229034e-01 9.029080271720886e-01 
7.020200043916702e-02 1.042837023735046e+00 1.478019952774048e-01 -1.570089721679688e+01 
1.606909930706024e-01 -1.921160072088242e-01 1.051413059234619e+00 -3.783041381835938e+01 
0.000000000000000e+00 0.000000000000000e+00 0.000000000000000e+00 1.000000000000000e+00 
src volume info
valid = 1  # volume info valid
filename = /out/sourcedata/freesurfer/sub-v1s5x0050753_ses-1/mri/orig_nu.mgz
volume = 256 256 256
voxelsize = 1.000000000000000e+00 1.000000000000000e+00 1.000000000000000e+00
xras   = -9.999999403953552e-01 -6.519258022308350e-09 0.000000000000000e+00
yras   = 2.980232238769531e-08 7.450580596923828e-09 -9.999999403953552e-01
zras   = 0.000000000000000e+00 1.000000119209290e+00 -1.490116119384766e-08
cras   = 2.708663940429688e+00 4.261192321777344e+00 1.617926025390625e+01
dst volume info
valid = 1  # volume info valid
filename = /opt/freesurfer/average/mni305.cor.mgz
volume = 256 256 256
voxelsize = 1.000000000000000e+00 1.000000000000000e+00 1.000000000000000e+00
xras   = -1.000000000000000e+00 0.000000000000000e+00 0.000000000000000e+00
yras   = 0.000000000000000e+00 0.000000000000000e+00 -1.000000000000000e+00
zras   = 0.000000000000000e+00 1.000000000000000e+00 0.000000000000000e+00
cras   = 0.000000000000000e+00 0.000000000000000e+00 0.000000000000000e+00
subject fsaverage
fscale 0.100000
