#Insight Transform File V1.0
#Transform 0
Transform: AffineTransform_float_3_3
Parameters: 0.999999 -0.000219588 -0.000734814 0.000220027 1 0.000314828 0.000734717 -0.000314152 0.999999 0.0459821 -0.0128396 0.0473595
FixedParameters: 0 0 0

#Transform 1
Transform: AffineTransform_float_3_3
Parameters: 0.999999 4.53093e-06 -0.00086081 -4.20232e-06 1 0.000190878 0.000860812 -0.000190871 0.999999 0.0343889 -0.0247273 0.00552919
FixedParameters: 0 0 0

#Transform 2
Transform: AffineTransform_float_3_3
Parameters: 1 1.39562e-05 -0.00105484 -1.38136e-05 1 0.000579157 0.00105485 -0.000579152 1 0.0607796 -0.0296954 0.00632445
FixedParameters: 0 0 0

#Transform 3
Transform: AffineTransform_float_3_3
Parameters: 1 5.315e-07 -0.000587492 -5.02808e-07 1 2.44216e-05 0.000587492 -2.4421e-05 1 0.0396396 -0.054761 0.0391355
FixedParameters: 0 0 0

#Transform 4
Transform: AffineTransform_float_3_3
Parameters: 0.999999 -4.22606e-06 -0.00134403 3.69883e-06 1 -0.000165268 0.00134403 0.000165255 0.999999 0.070178 0.0357882 -0.0188236
FixedParameters: 0 0 0

#Transform 5
Transform: AffineTransform_float_3_3
Parameters: 0.999999 -1.02274e-05 -0.000897221 9.47375e-06 1 -0.000419983 0.000897229 0.000419965 0.999999 0.0528565 -0.0175683 0.0357057
FixedParameters: 0 0 0

#Transform 6
Transform: AffineTransform_float_3_3
Parameters: 0.999999 -1.82492e-05 -0.000797084 1.80414e-05 0.999999 -0.000755325 0.000797066 0.00075532 1 0.0494431 -0.00378351 0.00748879
FixedParameters: 0 0 0

#Transform 7
Transform: AffineTransform_float_3_3
Parameters: 0.999999 -2.209e-06 -0.000710333 2.08179e-06 1 -8.95444e-05 0.000710334 8.95414e-05 0.999999 0.0442374 -0.0468575 0.0493865
FixedParameters: 0 0 0

#Transform 8
Transform: AffineTransform_float_3_3
Parameters: 0.999999 -7.11572e-06 -0.000729838 6.68679e-06 1 -0.000293858 0.000729842 0.000293848 0.999999 0.0217278 -1.6187e-05 0.0261406
FixedParameters: 0 0 0

#Transform 9
Transform: AffineTransform_float_3_3
Parameters: 1 4.9102e-05 -0.00116448 -4.98303e-05 1 -0.000277033 0.00116446 0.000277146 1 0.0536917 -0.000744332 0.0209125
FixedParameters: 0 0 0

#Transform 10
Transform: AffineTransform_float_3_3
Parameters: 1 9.73122e-05 -0.00055753 -9.7905e-05 1 -0.000531658 0.000557427 0.000531767 0.999999 0.0130415 -0.0212692 0.020898
FixedParameters: 0 0 0

#Transform 11
Transform: AffineTransform_float_3_3
Parameters: 1 -8.21636e-06 -0.000567724 7.82734e-06 1 -0.000342622 0.00056773 0.000342613 1 0.0196595 0.0829209 -0.0224137
FixedParameters: 0 0 0

#Transform 12
Transform: AffineTransform_float_3_3
Parameters: 1 6.58814e-06 -0.000581934 -6.26419e-06 1 0.000278345 0.000581938 -0.000278337 1 0.0212319 -0.0374568 0.0223199
FixedParameters: 0 0 0

#Transform 13
Transform: AffineTransform_float_3_3
Parameters: 1 -1.86029e-05 -0.000260023 1.81922e-05 0.999999 -0.000789669 0.000260052 0.00078966 0.999999 0.00373737 0.0195832 -0.0234171
FixedParameters: 0 0 0

#Transform 14
Transform: AffineTransform_float_3_3
Parameters: 1 -2.76226e-06 -0.000467167 2.65513e-06 1 -0.000114661 0.000467168 0.000114659 1 0.0147064 0.0641871 -0.00248689
FixedParameters: 0 0 0

#Transform 15
Transform: AffineTransform_float_3_3
Parameters: 1 -1.05146e-05 -2.17697e-05 1.0495e-05 1 -0.000451363 2.17792e-05 0.000451363 1 0.00210126 0.00173091 0.0336584
FixedParameters: 0 0 0

#Transform 16
Transform: AffineTransform_float_3_3
Parameters: 1 -1.23636e-05 -0.000324998 1.20237e-05 1 -0.000522812 0.000325011 0.000522804 1 0.00692386 0.0373601 0.0053079
FixedParameters: 0 0 0

#Transform 17
Transform: AffineTransform_float_3_3
Parameters: 1 1.94665e-06 -0.000352826 -1.88758e-06 1 8.37081e-05 0.000352826 -8.37068e-05 1 0.00928916 0.043307 0.00832663
FixedParameters: 0 0 0

#Transform 18
Transform: AffineTransform_float_3_3
Parameters: 1 2.7273e-06 -0.000143261 -2.69377e-06 1 0.000117021 0.000143261 -0.000117021 1 -0.0011594 0.0014861 0.0173197
FixedParameters: 0 0 0

#Transform 19
Transform: AffineTransform_float_3_3
Parameters: 1 -7.18632e-06 -0.00029688 7.00591e-06 1 -0.000303848 0.000296884 0.000303844 1 0.00697638 0.0269928 -0.0468501
FixedParameters: 0 0 0

#Transform 20
Transform: AffineTransform_float_3_3
Parameters: 1 -9.49085e-06 -0.000164942 9.35745e-06 1 -0.000404389 0.00016495 0.000404386 1 0.00600705 0.0225013 -0.0169741
FixedParameters: 0 0 0

#Transform 21
Transform: AffineTransform_float_3_3
Parameters: 1 -8.2727e-06 -0.000162783 8.15796e-06 1 -0.000352447 0.000162789 0.000352445 1 0.000813402 0.0135698 -0.0454548
FixedParameters: 0 0 0

#Transform 22
Transform: AffineTransform_float_3_3
Parameters: 1 -2.41717e-06 -9.53662e-05 2.39751e-06 1 -0.000103099 9.53667e-05 0.000103099 1 5.21498e-05 0.0520419 -0.0444163
FixedParameters: 0 0 0

#Transform 23
Transform: AffineTransform_float_3_3
Parameters: 1 -5.18149e-06 -0.000157301 5.11209e-06 1 -0.000220597 0.000157303 0.000220595 1 0.0103238 -0.0169801 0.024958
FixedParameters: 0 0 0

#Transform 24
Transform: AffineTransform_float_3_3
Parameters: 1 -1.17403e-05 -0.000168928 1.15713e-05 1 -0.00050028 0.00016894 0.000500276 1 0.00262687 0.0807675 -0.00355924
FixedParameters: 0 0 0

#Transform 25
Transform: AffineTransform_float_3_3
Parameters: 1 -0.000132218 -0.000145005 0.000132241 1 7.81667e-05 0.000144984 -7.8205e-05 1 0.00864919 0.0247763 0.0245652
FixedParameters: 0 0 0

#Transform 26
Transform: AffineTransform_float_3_3
Parameters: 1 -0.00016364 0.000206608 0.000163884 1 -0.000590407 -0.000206415 0.000590475 1 -0.0128768 0.0372913 -0.0513247
FixedParameters: 0 0 0

#Transform 27
Transform: AffineTransform_float_3_3
Parameters: 1 -4.22201e-06 4.44783e-05 4.2382e-06 1 -0.000181955 -4.44768e-05 0.000181956 1 -0.00704908 0.0269698 -0.0348546
FixedParameters: 0 0 0

#Transform 28
Transform: AffineTransform_float_3_3
Parameters: 1 -8.36892e-06 0.000337076 8.61581e-06 1 -0.000366218 -0.00033707 0.000366223 1 -0.0161086 0.115565 -0.0150275
FixedParameters: 0 0 0

#Transform 29
Transform: AffineTransform_float_3_3
Parameters: 1 -0.000204271 0.000192405 0.000204341 1 -0.000183411 -0.00019233 0.000183489 1 -0.0115274 0.0345026 -0.0514952
FixedParameters: 0 0 0

#Transform 30
Transform: AffineTransform_float_3_3
Parameters: 1 -0.000206236 0.000143447 0.000206289 1 -0.000181339 -0.000143372 0.000181398 1 -0.00436068 0.03945 -0.0381217
FixedParameters: 0 0 0

#Transform 31
Transform: AffineTransform_float_3_3
Parameters: 1 -0.000258407 0.00041323 0.000258565 1 -0.000191266 -0.000413132 0.000191479 1 -0.0203125 0.0350234 -0.050035
FixedParameters: 0 0 0

#Transform 32
Transform: AffineTransform_float_3_3
Parameters: 1 -4.22966e-06 5.54688e-05 4.2499e-06 1 -0.000182412 -5.54673e-05 0.000182413 1 0.00658879 0.0779959 0.0251461
FixedParameters: 0 0 0

#Transform 33
Transform: AffineTransform_float_3_3
Parameters: 1 0.000270396 0.000107924 -0.000270446 1 0.000229464 -0.0001078 -0.000229522 1 -0.00612724 -0.0115374 -0.00959686
FixedParameters: 0 0 0

#Transform 34
Transform: AffineTransform_float_3_3
Parameters: 1 -8.44141e-06 0.000160938 8.55918e-06 1 -0.000365901 -0.000160931 0.000365904 1 -0.0111965 0.0463655 -0.0388042
FixedParameters: 0 0 0

#Transform 35
Transform: AffineTransform_float_3_3
Parameters: 1 -5.52708e-06 -0.000416991 5.33376e-06 1 -0.000231816 0.000416994 0.000231812 1 0.0140154 0.0330539 -0.0263592
FixedParameters: 0 0 0

#Transform 36
Transform: AffineTransform_float_3_3
Parameters: 1 -5.8218e-06 3.86152e-05 5.84116e-06 1 -0.000250753 -3.86123e-05 0.000250753 1 -0.00654109 0.0397891 -0.0278389
FixedParameters: 0 0 0

#Transform 37
Transform: AffineTransform_float_3_3
Parameters: 1 -0.000140785 3.86603e-05 0.000140805 1 -0.000247607 -3.85906e-05 0.000247618 1 -0.00560071 0.0354228 -0.0465718
FixedParameters: 0 0 0

#Transform 38
Transform: AffineTransform_float_3_3
Parameters: 1 -6.0339e-06 0.000384317 6.23768e-06 1 -0.000265121 -0.000384313 0.000265125 1 -0.0193999 0.0598817 -0.0476127
FixedParameters: 0 0 0

#Transform 39
Transform: AffineTransform_float_3_3
Parameters: 1 -0.000375406 0.000470676 0.000375255 1 0.000160528 -0.000470796 -0.000160175 1 -0.0252208 0.0253875 -0.0935189
FixedParameters: 0 0 0

#Transform 40
Transform: AffineTransform_float_3_3
Parameters: 1 -0.000306941 0.000554378 0.000306937 1 4.28002e-06 -0.00055438 -3.93973e-06 1 -0.0273142 0.0341797 -0.0447739
FixedParameters: 0 0 0

#Transform 41
Transform: AffineTransform_float_3_3
Parameters: 1 -6.19283e-06 0.000382028 6.40068e-06 1 -0.00027203 -0.000382024 0.000272035 1 -0.0300807 0.00974463 -0.0767789
FixedParameters: 0 0 0

#Transform 42
Transform: AffineTransform_float_3_3
Parameters: 1 -0.000225837 0.00031863 0.000225859 1 -3.49538e-05 -0.000318614 3.50977e-05 1 -0.0197838 0.0265287 -0.0240305
FixedParameters: 0 0 0

#Transform 43
Transform: AffineTransform_float_3_3
Parameters: 1 -1.33135e-05 0.000296136 1.36574e-05 1 -0.000580642 -0.00029612 0.00058065 1 -0.0197893 0.0292364 -0.0629973
FixedParameters: 0 0 0

#Transform 44
Transform: AffineTransform_float_3_3
Parameters: 1 -8.58902e-06 0.000178673 8.72219e-06 1 -0.000372642 -0.000178666 0.000372645 1 -0.0134648 0.0660307 -0.0482215
FixedParameters: 0 0 0

#Transform 45
Transform: AffineTransform_float_3_3
Parameters: 1 -1.32853e-05 0.000199219 1.3515e-05 1 -0.000576615 -0.000199204 0.00057662 1 -0.017349 0.00877126 -0.0338554
FixedParameters: 0 0 0

#Transform 46
Transform: AffineTransform_float_3_3
Parameters: 1 -1.51328e-05 0.000202892 1.53993e-05 1 -0.000656815 -0.000202872 0.000656821 1 -0.015293 0.0614257 -0.0403612
FixedParameters: 0 0 0

#Transform 47
Transform: AffineTransform_float_3_3
Parameters: 1 -0.000180888 0.000464068 0.000181452 1 -0.000608668 -0.000463847 0.000608836 0.999999 -0.0150618 0.0370293 -0.0200635
FixedParameters: 0 0 0

#Transform 48
Transform: AffineTransform_float_3_3
Parameters: 1 -1.57987e-05 0.000310636 1.62269e-05 1 -0.000689308 -0.000310614 0.000689318 0.999999 -0.00989903 0.0398783 -0.0418027
FixedParameters: 0 0 0

#Transform 49
Transform: AffineTransform_float_3_3
Parameters: 1 -1.01817e-05 0.000121813 1.0289e-05 1 -0.00044032 -0.000121804 0.000440323 1 0.00566046 0.0534771 -0.018545
FixedParameters: 0 0 0

#Transform 50
Transform: AffineTransform_float_3_3
Parameters: 1 -2.03013e-05 0.000307496 2.08457e-05 0.999999 -0.000885292 -0.00030746 0.000885304 0.999999 -0.00502355 0.0229551 -0.0281396
FixedParameters: 0 0 0

#Transform 51
Transform: AffineTransform_float_3_3
Parameters: 1 -1.89231e-05 0.000314982 1.94431e-05 0.999999 -0.000825568 -0.00031495 0.00082558 0.999999 -0.00389854 0.0651162 -0.00823721
FixedParameters: 0 0 0

#Transform 52
Transform: AffineTransform_float_3_3
Parameters: 1 6.47749e-05 0.000119947 -6.46064e-05 1 -0.000702292 -0.000120038 0.000702277 0.999999 -0.00123956 0.0592514 -0.03929
FixedParameters: 0 0 0

#Transform 53
Transform: AffineTransform_float_3_3
Parameters: 1 -1.89077e-05 2.82297e-05 1.89537e-05 0.999999 -0.000813653 -2.81989e-05 0.000813654 0.999999 0.00688695 0.0611138 -0.0394655
FixedParameters: 0 0 0

#Transform 54
Transform: AffineTransform_float_3_3
Parameters: 1 6.13849e-05 0.000207412 -6.11572e-05 1 -0.000548677 -0.000207479 0.000548651 1 -0.0158713 0.0456778 -0.0291422
FixedParameters: 0 0 0

#Transform 55
Transform: AffineTransform_float_3_3
Parameters: 1 -2.21105e-05 0.000112425 2.23252e-05 0.999999 -0.000955233 -0.000112382 0.000955238 0.999999 -0.00901664 0.120348 -0.0405766
FixedParameters: 0 0 0

#Transform 56
Transform: AffineTransform_float_3_3
Parameters: 1 0.000228551 -0.000142574 -0.00022874 1 -0.000662116 0.000142271 0.000662182 1 0.0127454 0.0283648 -0.00264925
FixedParameters: 0 0 0

#Transform 57
Transform: AffineTransform_float_3_3
Parameters: 1 0.000353172 0.000108957 -0.000353999 0.999999 -0.000774685 -0.000108509 0.000774544 0.999999 0.00470687 0.0391616 -0.0295358
FixedParameters: 0 0 0

#Transform 58
Transform: AffineTransform_float_3_3
Parameters: 1 0.000322306 0.000118094 -0.00032199 1 -0.000986564 -0.00011873 0.000986489 0.999999 0.00564735 0.0891176 -0.0130713
FixedParameters: 0 0 0

#Transform 59
Transform: AffineTransform_float_3_3
Parameters: 1 0.000375633 1.77527e-05 -0.000376511 1 -0.000968611 -1.74849e-05 0.000968534 0.999999 0.00672598 0.038342 0.0236725
FixedParameters: 0 0 0

#Transform 60
Transform: AffineTransform_float_3_3
Parameters: 1 -3.03413e-05 -0.000163977 2.99992e-05 0.999999 -0.00129596 0.000164009 0.00129595 0.999999 0.017772 0.0847514 0.0038423
FixedParameters: 0 0 0

#Transform 61
Transform: AffineTransform_float_3_3
Parameters: 1 -2.37045e-05 1.95746e-05 2.38275e-05 1 -0.00102142 -1.95725e-05 0.00102142 1 0.0086984 0.0466673 0.0219749
FixedParameters: 0 0 0

#Transform 62
Transform: AffineTransform_float_3_3
Parameters: 0.999999 0.000576808 -0.000415968 -0.000577929 0.999999 -0.00145058 0.000414246 0.00145106 0.999999 0.0218321 0.11162 -0.0276062
FixedParameters: 0 0 0

#Transform 63
Transform: AffineTransform_float_3_3
Parameters: 1 0.000272666 2.91352e-05 -0.000273616 0.999999 -0.000792486 -2.95699e-05 0.000792447 0.999999 0.00949763 0.0857723 -0.0256737
FixedParameters: 0 0 0

#Transform 64
Transform: AffineTransform_float_3_3
Parameters: 1 9.61852e-05 8.57337e-06 -9.60798e-05 0.999999 -0.00128505 -8.86681e-06 0.00128505 0.999999 -0.00545015 0.107224 -0.0408394
FixedParameters: 0 0 0

#Transform 65
Transform: AffineTransform_float_3_3
Parameters: 1 0.000229458 -0.000142094 -0.000229684 0.999999 -0.000794309 0.000141729 0.000794374 0.999999 0.0144763 0.0254742 -0.0253481
FixedParameters: 0 0 0

#Transform 66
Transform: AffineTransform_float_3_3
Parameters: 1 0.000245517 9.03626e-06 -0.000245411 0.999999 -0.00127254 -9.70735e-06 0.00127254 0.999999 0.00533931 0.082605 -0.0654252
FixedParameters: 0 0 0

#Transform 67
Transform: AffineTransform_float_3_3
Parameters: 1 0.000244892 -1.60279e-05 -0.000244913 1 -0.000651769 1.57087e-05 0.000651776 1 -0.00505903 0.0912479 -0.0221241
FixedParameters: 0 0 0

#Transform 68
Transform: AffineTransform_float_3_3
Parameters: 1 1.9519e-05 -6.71118e-05 -1.9646e-05 0.999999 -0.00156544 6.70041e-05 0.00156545 0.999999 0.00536265 0.0888803 -0.0871771
FixedParameters: 0 0 0

#Transform 69
Transform: AffineTransform_float_3_3
Parameters: 1 0.000247142 -0.000437507 -0.000247218 0.999999 -0.00134799 0.000437753 0.00134719 0.999999 0.0369337 0.103498 -0.00821398
FixedParameters: 0 0 0

#Transform 70
Transform: AffineTransform_float_3_3
Parameters: 1 0.000246894 -0.000456813 -0.000247736 0.999998 -0.00228727 0.000455544 0.00228752 0.999998 0.0485668 0.111108 0.0164064
FixedParameters: 0 0 0

#Transform 71
Transform: AffineTransform_float_3_3
Parameters: 1 0.000388473 -0.000416286 -0.000388704 0.999999 -0.00167549 0.000415938 0.0016758 0.999998 0.0340754 0.0944684 0.00509707
FixedParameters: 0 0 0

#Transform 72
Transform: AffineTransform_float_3_3
Parameters: 1 0.000340123 -0.000189893 -0.000340715 0.999998 -0.00222051 0.000189287 0.0022206 0.999997 0.0222483 0.0438065 -0.00378781
FixedParameters: 0 0 0

#Transform 73
Transform: AffineTransform_float_3_3
Parameters: 1 0.000422841 -0.000242855 -0.000422489 0.999999 -0.00150135 0.00024254 0.00150154 0.999999 0.0209097 0.131524 0.0111506
FixedParameters: 0 0 0

#Transform 74
Transform: AffineTransform_float_3_3
Parameters: 1 0.000389673 -2.32634e-05 -0.000389599 0.999998 -0.00204043 2.15806e-05 0.00204045 0.999998 0.0184512 0.0779055 0.0232425
FixedParameters: 0 0 0

#Transform 75
Transform: AffineTransform_float_3_3
Parameters: 1 0.000607973 -0.000823215 -0.000609705 0.999999 -0.00170842 0.000822087 0.00170941 0.999998 0.0424379 0.114626 0.0115852
FixedParameters: 0 0 0

#Transform 76
Transform: AffineTransform_float_3_3
Parameters: 1 0.00021368 -0.00047841 -0.000214468 0.999998 -0.00203932 0.000478444 0.00203951 0.999998 0.0320805 0.122158 0.00878327
FixedParameters: 0 0 0

#Transform 77
Transform: AffineTransform_float_3_3
Parameters: 0.999999 0.000316807 -0.000831879 -0.000317843 0.999998 -0.00192073 0.000831569 0.00192127 0.999998 0.0415513 0.0572321 0.0440834
FixedParameters: 0 0 0

#Transform 78
Transform: AffineTransform_float_3_3
Parameters: 0.999999 0.00041257 -0.000645242 -0.000413062 0.999997 -0.00207389 0.000644397 0.00207343 0.999997 0.0325559 0.134758 0.00296431
FixedParameters: 0 0 0

#Transform 79
Transform: AffineTransform_float_3_3
Parameters: 0.999999 0.000482068 -0.000857854 -0.000484168 0.999996 -0.00253308 0.000856222 0.00253392 0.999997 0.0382796 0.100859 -0.0271352
FixedParameters: 0 0 0

#Transform 80
Transform: AffineTransform_float_3_3
Parameters: 1 0.000468053 -0.000262319 -0.000468144 0.999996 -0.0025578 0.000260785 0.00255803 0.999996 0.0195187 0.093001 -0.0288127
FixedParameters: 0 0 0

#Transform 81
Transform: AffineTransform_float_3_3
Parameters: 1 0.000386612 -0.000542857 -0.000388127 0.999996 -0.00254416 0.000542745 0.00254452 0.999996 0.0296302 0.0903395 -0.01633
FixedParameters: 0 0 0

#Transform 82
Transform: AffineTransform_float_3_3
Parameters: 1 0.000397244 -0.000301678 -0.000398527 0.999996 -0.00254452 0.000300512 0.00254473 0.999996 0.00875524 0.0582307 -0.0106258
FixedParameters: 0 0 0

#Transform 83
Transform: AffineTransform_float_3_3
Parameters: 0.999999 0.000442167 -0.000862872 -0.000444418 0.999997 -0.00265411 0.000861334 0.00265489 0.999996 0.0416958 0.131998 -0.00916796
FixedParameters: 0 0 0

#Transform 84
Transform: AffineTransform_float_3_3
Parameters: 1 0.000381332 -0.000629183 -0.000382609 0.999995 -0.00288379 0.000628753 0.00288324 0.999995 0.0185477 0.123523 -0.0333594
FixedParameters: 0 0 0

#Transform 85
Transform: AffineTransform_float_3_3
Parameters: 0.999999 0.000563661 -0.000667814 -0.000565933 0.999996 -0.00269912 0.000666577 0.00269982 0.999996 0.0342115 0.174885 0.0149928
FixedParameters: 0 0 0

#Transform 86
Transform: AffineTransform_float_3_3
Parameters: 1 0.000582901 -0.000882766 -0.000586078 0.999995 -0.00311999 0.000880933 0.00312099 0.999995 0.0324387 0.133582 -0.0224858
FixedParameters: 0 0 0

#Transform 87
Transform: AffineTransform_float_3_3
Parameters: 1 0.000602141 -0.000866662 -0.00060464 0.999996 -0.00273765 0.000865218 0.00273866 0.999996 0.0284556 0.166663 0.00431314
FixedParameters: 0 0 0

#Transform 88
Transform: AffineTransform_float_3_3
Parameters: 0.999999 0.000570791 -0.00058395 -0.000572256 0.999997 -0.00232437 0.000582153 0.00232503 0.999997 0.0142629 0.064834 -0.0293437
FixedParameters: 0 0 0

#Transform 89
Transform: AffineTransform_float_3_3
Parameters: 1 0.000682903 -0.000888391 -0.000685236 0.999995 -0.00324713 0.000886674 0.0032473 0.999995 0.0176234 0.196217 0.0195892
FixedParameters: 0 0 0

#Transform 90
Transform: AffineTransform_float_3_3
Parameters: 0.999999 0.000889364 -0.000881082 -0.000892404 0.999995 -0.00306389 0.000878394 0.00306439 0.999995 0.0300503 0.18159 -0.0399111
FixedParameters: 0 0 0

#Transform 91
Transform: AffineTransform_float_3_3
Parameters: 1 0.000634683 -0.000864055 -0.000637057 0.999996 -0.00267442 0.000862514 0.00267549 0.999996 0.0288738 0.108753 0.0119454
FixedParameters: 0 0 0

#Transform 92
Transform: AffineTransform_float_3_3
Parameters: 1 0.000866309 -0.0008882 -0.000868612 0.999995 -0.00323225 0.000885318 0.00323274 0.999995 0.0348919 0.130668 -0.0255647
FixedParameters: 0 0 0

#Transform 93
Transform: AffineTransform_float_3_3
Parameters: 1 0.000718686 -0.000859006 -0.000720822 0.999997 -0.00255138 0.000857193 0.00255258 0.999997 0.0428842 0.132501 -0.000273041
FixedParameters: 0 0 0

#Transform 94
Transform: AffineTransform_float_3_3
Parameters: 1 0.000716862 -0.000883199 -0.000720047 0.999995 -0.00312299 0.000881523 0.00312419 0.999995 0.0275945 0.150808 -0.0250708
FixedParameters: 0 0 0

#Transform 95
Transform: AffineTransform_float_3_3
Parameters: 1 0.000615978 -0.000984753 -0.000618762 0.999996 -0.00252374 0.000983503 0.00252392 0.999996 0.0448412 0.128663 -0.0537077
FixedParameters: 0 0 0

#Transform 96
Transform: AffineTransform_float_3_3
Parameters: 0.999999 0.000478946 -0.00087205 -0.0004816 0.999995 -0.00287081 0.000871066 0.00287062 0.999995 0.0286113 0.171114 0.00757495
FixedParameters: 0 0 0

#Transform 97
Transform: AffineTransform_float_3_3
Parameters: 1 0.000343815 -0.000547338 -0.000345923 0.999995 -0.00329587 0.000545786 0.00329624 0.999995 0.0173158 0.189606 -0.0444907
FixedParameters: 0 0 0

#Transform 98
Transform: AffineTransform_float_3_3
Parameters: 0.999999 0.000340482 -0.000876061 -0.000343254 0.999996 -0.00297265 0.000874757 0.00297226 0.999995 0.029388 0.159932 -0.0169844
FixedParameters: 0 0 0

#Transform 99
Transform: AffineTransform_float_3_3
Parameters: 1 0.000333382 -0.000432266 -0.000334981 0.999993 -0.00358376 0.00043159 0.00358401 0.999993 0.0124316 0.184084 -0.068462
FixedParameters: 0 0 0

#Transform 100
Transform: AffineTransform_float_3_3
Parameters: 1 0.000325421 -0.000674403 -0.000326799 0.999996 -0.00274747 0.000673427 0.00274793 0.999996 0.0195921 0.169103 -0.0827439
FixedParameters: 0 0 0

#Transform 101
Transform: AffineTransform_float_3_3
Parameters: 1 0.000278974 -0.000215798 -0.000279884 0.999995 -0.003079 0.000214844 0.00307909 0.999995 0.0019935 0.15874 -0.0373857
FixedParameters: 0 0 0

#Transform 102
Transform: AffineTransform_float_3_3
Parameters: 1 -9.00126e-05 -0.000215748 8.89334e-05 0.999992 -0.00384432 0.000216111 0.00384429 0.999992 0.00471081 0.23891 -0.0892205
FixedParameters: 0 0 0

#Transform 103
Transform: AffineTransform_float_3_3
Parameters: 1 -6.37563e-05 -0.000169364 6.31643e-05 0.999997 -0.00272659 0.000169525 0.00272657 0.999997 0.00291271 0.199059 -0.0841758
FixedParameters: 0 0 0

#Transform 104
Transform: AffineTransform_float_3_3
Parameters: 1 -7.41045e-05 -0.000179695 7.338e-05 0.999995 -0.00316842 0.00017993 0.0031684 0.999995 0.00127923 0.166236 -0.0863204
FixedParameters: 0 0 0

#Transform 105
Transform: AffineTransform_float_3_3
Parameters: 1 -6.31916e-05 -0.000155423 6.26826e-05 0.999997 -0.00270415 0.000155578 0.00270414 0.999997 0.00132146 0.184045 -0.0644064
FixedParameters: 0 0 0

#Transform 106
Transform: AffineTransform_float_3_3
Parameters: 1 2.82637e-06 -0.000152711 -3.40668e-06 0.999994 -0.00326142 0.000152459 0.00326143 0.999994 -0.00916897 0.185623 -0.0903081
FixedParameters: 0 0 0

#Transform 107
Transform: AffineTransform_float_3_3
Parameters: 1 -6.93898e-05 0.000225749 7.0172e-05 0.999996 -0.00302117 -0.000225561 0.00302119 0.999996 -0.031977 0.205079 -0.118658
FixedParameters: 0 0 0

#Transform 108
Transform: AffineTransform_float_3_3
Parameters: 1 -6.98664e-05 -5.08041e-05 6.99755e-05 0.999996 -0.00300467 5.09922e-05 0.00300467 0.999996 -0.0152861 0.168647 -0.0729737
FixedParameters: 0 0 0

#Transform 109
Transform: AffineTransform_float_3_3
Parameters: 1 -8.06769e-05 0.000205486 8.16199e-05 0.999994 -0.00350961 -0.000205196 0.00350963 0.999994 -0.0156748 0.232488 -0.0931603
FixedParameters: 0 0 0

#Transform 110
Transform: AffineTransform_float_3_3
Parameters: 1 0.000185074 -0.000319721 -0.000186746 0.999994 -0.00327171 0.000318273 0.00327184 0.999994 -0.00106896 0.222607 -0.0907007
FixedParameters: 0 0 0

#Transform 111
Transform: AffineTransform_float_3_3
Parameters: 1 -7.95177e-05 0.000207555 8.04546e-05 0.999994 -0.00345967 -0.000207281 0.00345969 0.999994 -0.0236798 0.165717 -0.0694821
FixedParameters: 0 0 0

#Transform 112
Transform: AffineTransform_float_3_3
Parameters: 1 0.000279114 -0.00019465 -0.000279893 0.999995 -0.00307588 0.000193696 0.00307596 0.999996 -0.00734369 0.216513 -0.0856723
FixedParameters: 0 0 0

#Transform 113
Transform: AffineTransform_float_3_3
Parameters: 1 0.000102341 1.96283e-05 -0.000102895 0.999996 -0.00274734 -2.03796e-05 0.00274732 0.999996 -0.00914096 0.187311 -0.0786647
FixedParameters: 0 0 0

#Transform 114
Transform: AffineTransform_float_3_3
Parameters: 1 0.000193819 0.000214662 -0.000193015 0.999994 -0.0032732 -0.000215122 0.00327406 0.999994 -0.018632 0.15098 -0.0940112
FixedParameters: 0 0 0

#Transform 115
Transform: AffineTransform_float_3_3
Parameters: 1 0.000307401 -0.000185047 -0.000308134 0.999995 -0.00310797 0.000184898 0.00310802 0.999995 -0.00300423 0.165778 -0.0413355
FixedParameters: 0 0 0

#Transform 116
Transform: AffineTransform_float_3_3
Parameters: 1 0.000316505 -0.000239399 -0.000316611 0.999995 -0.00335317 0.000237998 0.00335332 0.999995 -0.00216515 0.147296 -0.0400888
FixedParameters: 0 0 0

#Transform 117
Transform: AffineTransform_float_3_3
Parameters: 1 0.000502177 -0.000219649 -0.000503152 0.999994 -0.00337235 0.000217976 0.00337249 0.999995 -0.00119319 0.19133 -0.0761567
FixedParameters: 0 0 0

#Transform 118
Transform: AffineTransform_float_3_3
Parameters: 0.999999 0.000825863 -0.000321883 -0.000827365 0.999995 -0.00286192 0.00031996 0.00286233 0.999996 0.011834 0.179234 -0.0470791
FixedParameters: 0 0 0

#Transform 119
Transform: AffineTransform_float_3_3
Parameters: 1 0.00047179 -0.000292584 -0.000472495 0.999991 -0.00406035 0.000290376 0.00406058 0.999991 0.00344456 0.266938 -0.0589092
FixedParameters: 0 0 0

#Transform 120
Transform: AffineTransform_float_3_3
Parameters: 0.999999 0.000607692 -0.000468532 -0.000609221 0.999995 -0.00314503 0.000467469 0.00314551 0.999995 0.0213542 0.185104 -0.0729393
FixedParameters: 0 0 0

#Transform 121
Transform: AffineTransform_float_3_3
Parameters: 0.999999 0.00083439 -0.000341453 -0.000836257 0.999993 -0.00360516 0.000338145 0.00360562 0.999993 0.016795 0.183482 -0.053154
FixedParameters: 0 0 0

#Transform 122
Transform: AffineTransform_float_3_3
Parameters: 1 0.000500322 -0.000472853 -0.000501287 0.999993 -0.00375207 0.00047077 0.00375252 0.999993 0.0110818 0.238885 -0.105433
FixedParameters: 0 0 0

#Transform 123
Transform: AffineTransform_float_3_3
Parameters: 1 0.000357751 -0.00038261 -0.000358971 0.999993 -0.0036625 0.000381658 0.00366272 0.999993 0.00769601 0.228684 -0.0988321
FixedParameters: 0 0 0

#Transform 124
Transform: AffineTransform_float_3_3
Parameters: 1 0.000190746 0.000172762 -0.000189513 0.999991 -0.00427452 -0.000173809 0.00427441 0.999991 -0.0107315 0.25798 -0.14833
FixedParameters: 0 0 0

#Transform 125
Transform: AffineTransform_float_3_3
Parameters: 1 0.000326282 -0.000216106 -0.00032633 0.999992 -0.00396608 0.000215144 0.00396617 0.999992 0.00362201 0.243886 -0.100735
FixedParameters: 0 0 0

#Transform 126
Transform: AffineTransform_float_3_3
Parameters: 1 0.000464093 0.000192405 -0.000464039 0.999993 -0.00378626 -0.000194252 0.00378596 0.999993 -0.016674 0.226038 -0.0957157
FixedParameters: 0 0 0

#Transform 127
Transform: AffineTransform_float_3_3
Parameters: 1 0.000322264 0.000165882 -0.00032195 0.99999 -0.00442754 -0.000167206 0.00442732 0.99999 -0.0111575 0.303818 -0.169167
FixedParameters: 0 0 0

#Transform 128
Transform: AffineTransform_float_3_3
Parameters: 1 0.000412574 0.000189836 -0.000412516 0.999992 -0.00385101 -0.000191346 0.00385073 0.999992 -0.0156118 0.224484 -0.133952
FixedParameters: 0 0 0

#Transform 129
Transform: AffineTransform_float_3_3
Parameters: 1 5.67138e-05 0.000173221 -5.64747e-05 0.999991 -0.0042744 -0.000174126 0.00427435 0.999991 -0.0124285 0.253954 -0.149966
FixedParameters: 0 0 0

#Transform 130
Transform: AffineTransform_float_3_3
Parameters: 1 0.000133669 0.000187288 -0.000132526 0.999993 -0.00393139 -0.000187709 0.00393129 0.999993 -0.00867403 0.285153 -0.148037
FixedParameters: 0 0 0

#Transform 131
Transform: AffineTransform_float_3_3
Parameters: 1 7.21263e-05 0.000175693 -7.08907e-05 0.999991 -0.00421378 -0.000176716 0.00421374 0.999991 -0.0105371 0.30828 -0.13945
FixedParameters: 0 0 0

#Transform 132
Transform: AffineTransform_float_3_3
Parameters: 1 0.000261818 9.79426e-05 -0.000261234 0.999991 -0.00421501 -9.95687e-05 0.00421491 0.999991 -0.00773981 0.311118 -0.155093
FixedParameters: 0 0 0

#Transform 133
Transform: AffineTransform_float_3_3
Parameters: 1 0.000364769 -0.000172196 -0.000365498 0.999992 -0.00382366 0.000171075 0.00382372 0.999992 0.0108283 0.239676 -0.093436
FixedParameters: 0 0 0

#Transform 134
Transform: AffineTransform_float_3_3
Parameters: 1 -0.00010607 0.000159796 0.000106462 0.99999 -0.00461038 -0.00015933 0.00461039 0.99999 0.00372563 0.2452 -0.140179
FixedParameters: 0 0 0

#Transform 135
Transform: AffineTransform_float_3_3
Parameters: 1 0.000245742 -0.000283323 -0.000247362 0.999991 -0.00419069 0.000281837 0.0041908 0.999991 0.0235029 0.245569 -0.139628
FixedParameters: 0 0 0

#Transform 136
Transform: AffineTransform_float_3_3
Parameters: 1 0.000288977 0.000190994 -0.000287922 0.999992 -0.00383209 -0.000192534 0.00383193 0.999992 0.000269785 0.230832 -0.0905971
FixedParameters: 0 0 0

#Transform 137
Transform: AffineTransform_float_3_3
Parameters: 1 0.000464879 -0.000128563 -0.000466222 0.99999 -0.00430139 0.000126134 0.00430142 0.999991 0.00960666 0.23161 -0.148758
FixedParameters: 0 0 0

#Transform 138
Transform: AffineTransform_float_3_3
Parameters: 1 0.000349627 -0.000112447 -0.00034984 0.999992 -0.00392693 0.000111325 0.00392694 0.999993 0.0154672 0.28146 -0.137371
FixedParameters: 0 0 0

#Transform 139
Transform: AffineTransform_float_3_3
Parameters: 1 0.000193749 -0.000108698 -0.000193933 0.999993 -0.00392045 0.000107804 0.00392046 0.999993 0.0130559 0.218163 -0.124774
FixedParameters: 0 0 0

#Transform 140
Transform: AffineTransform_float_3_3
Parameters: 1 0.000419279 3.81406e-06 -0.000419489 0.999991 -0.00417973 -4.74525e-06 0.0041796 0.999992 0.00866058 0.315794 -0.152201
FixedParameters: 0 0 0

#Transform 141
Transform: AffineTransform_float_3_3
Parameters: 1 0.000503926 -9.546e-05 -0.000503964 0.999991 -0.00417753 9.28278e-05 0.00417756 0.999992 0.013867 0.283747 -0.148391
FixedParameters: 0 0 0

#Transform 142
Transform: AffineTransform_float_3_3
Parameters: 1 0.000400934 7.99295e-05 -0.000400497 0.999991 -0.00425157 -8.07622e-05 0.00425138 0.999991 0.00561634 0.244516 -0.152681
FixedParameters: 0 0 0

#Transform 143
Transform: AffineTransform_float_3_3
Parameters: 1 0.000489932 -0.000285852 -0.000490493 0.999993 -0.0037567 0.000283842 0.00375694 0.999993 0.019007 0.223897 -0.106616
FixedParameters: 0 0 0

#Transform 144
Transform: AffineTransform_float_3_3
Parameters: 0.999999 0.000544725 -0.000703205 -0.000547882 0.999991 -0.00420294 0.000700195 0.00420369 0.999991 0.0378303 0.289478 -0.107274
FixedParameters: 0 0 0

#Transform 145
Transform: AffineTransform_float_3_3
Parameters: 1 0.000685723 -0.000872907 -0.00068974 0.999989 -0.00446528 0.000869306 0.00446544 0.999989 0.055207 0.226966 -0.107974
FixedParameters: 0 0 0

#Transform 146
Transform: AffineTransform_float_3_3
Parameters: 1 0.000277357 -0.000591659 -0.000280222 0.999987 -0.00495338 0.00059034 0.0049537 0.999987 0.0353659 0.326914 -0.136481
FixedParameters: 0 0 0

#Transform 147
Transform: AffineTransform_float_3_3
Parameters: 1 0.000253119 -0.000563837 -0.000255216 0.99999 -0.00429223 0.000563237 0.0042925 0.99999 0.0191385 0.253364 -0.12873
FixedParameters: 0 0 0

#Transform 148
Transform: AffineTransform_float_3_3
Parameters: 1 0.000290609 -0.000485275 -0.000292021 0.999991 -0.00437246 0.000483265 0.00437277 0.999991 0.0243084 0.261518 -0.0941098
FixedParameters: 0 0 0

#Transform 149
Transform: AffineTransform_float_3_3
Parameters: 1 0.000429852 -0.000573872 -0.00043218 0.999989 -0.00451611 0.000572471 0.00451554 0.999989 0.0269365 0.222996 -0.116384
FixedParameters: 0 0 0

#Transform 150
Transform: AffineTransform_float_3_3
Parameters: 1 0.000406619 -0.000443441 -0.000408571 0.999991 -0.00408256 0.000441739 0.00408287 0.999991 0.0310461 0.232359 -0.0995715
FixedParameters: 0 0 0

#Transform 151
Transform: AffineTransform_float_3_3
Parameters: 1 0.00040945 -0.000597427 -0.000412433 0.999987 -0.00507731 0.000595648 0.00507775 0.999987 0.0327001 0.301794 -0.0913569
FixedParameters: 0 0 0

#Transform 152
Transform: AffineTransform_float_3_3
Parameters: 1 0.000720186 -0.000751953 -0.000723384 0.999988 -0.00467841 0.000748732 0.00467941 0.999989 0.0359203 0.256875 -0.0697121
FixedParameters: 0 0 0

#Transform 153
Transform: AffineTransform_float_3_3
Parameters: 1 9.32728e-05 -0.00122981 -9.62647e-05 0.999996 -0.00297233 0.00122906 0.00297267 0.999995 0.0539893 0.14393 0.044875
FixedParameters: 0 0 0

#Transform 154
Transform: AffineTransform_float_3_3
Parameters: 0.999999 0.000386106 -0.00134033 -0.000391892 0.99999 -0.0042767 0.00133855 0.00427679 0.99999 0.0320231 0.210792 -0.040444
FixedParameters: 0 0 0

#Transform 155
Transform: AffineTransform_float_3_3
Parameters: 0.999999 0.000455648 -0.0015092 -0.000461707 0.999993 -0.00386067 0.0015073 0.0038611 0.999991 0.0657268 0.250271 -0.0113202
FixedParameters: 0 0 0

#Transform 156
Transform: AffineTransform_float_3_3
Parameters: 0.999999 0.000346771 -0.00152553 -0.000353087 0.99999 -0.00425704 0.0015241 0.00425718 0.99999 0.0613829 0.267313 -0.0567599
FixedParameters: 0 0 0

#Transform 157
Transform: AffineTransform_float_3_3
Parameters: 0.999998 0.000405957 -0.00190956 -0.000412094 0.999996 -0.00298378 0.00190789 0.00298442 0.999993 0.0913188 0.152835 -0.0618257
FixedParameters: 0 0 0

#Transform 158
Transform: AffineTransform_float_3_3
Parameters: 0.999999 0.000461457 -0.00153165 -0.000468151 0.99999 -0.00439246 0.00152906 0.00439296 0.999989 0.0582233 0.215556 -0.0366301
FixedParameters: 0 0 0

#Transform 159
Transform: AffineTransform_float_3_3
Parameters: 0.999998 0.000619992 -0.00201529 -0.000629353 0.999989 -0.00476296 0.0020118 0.00476458 0.999986 0.0780853 0.238536 -0.0625017
FixedParameters: 0 0 0

#Transform 160
Transform: AffineTransform_float_3_3
Parameters: 0.999999 0.000484277 -0.00153536 -0.000491293 0.999989 -0.00447891 0.00153253 0.00448048 0.999989 0.059622 0.254412 -0.0321978
FixedParameters: 0 0 0

#Transform 161
Transform: AffineTransform_float_3_3
Parameters: 0.999999 0.000423838 -0.00153931 -0.000430116 0.99999 -0.00457752 0.0015369 0.00457893 0.999989 0.0733953 0.190542 -0.0325373
FixedParameters: 0 0 0

#Transform 162
Transform: AffineTransform_float_3_3
Parameters: 0.999999 0.000729203 -0.00176835 -0.000737416 0.99999 -0.00452348 0.00176518 0.00452409 0.999988 0.0834607 0.20717 -0.0558576
FixedParameters: 0 0 0

#Transform 163
Transform: AffineTransform_float_3_3
Parameters: 0.999998 0.00058589 -0.00154162 -0.000593282 0.999989 -0.00461804 0.00153863 0.00461889 0.999988 0.0759468 0.242591 -0.0478718
FixedParameters: 0 0 0

#Transform 164
Transform: AffineTransform_float_3_3
Parameters: 0.999999 0.000499235 -0.00156443 -0.000507334 0.999987 -0.00516681 0.00156163 0.00516844 0.999985 0.0775718 0.265273 -0.0631601
FixedParameters: 0 0 0

#Transform 165
Transform: AffineTransform_float_3_3
Parameters: 0.999999 0.000468286 -0.00155408 -0.000476581 0.999988 -0.0049243 0.00155183 0.00492481 0.999986 0.0876455 0.254803 -0.033069
FixedParameters: 0 0 0

#Transform 166
Transform: AffineTransform_float_3_3
Parameters: 0.999999 0.000453101 -0.00149323 -0.000461555 0.999984 -0.00559529 0.00149133 0.00559568 0.999984 0.0731895 0.25495 -0.041158
FixedParameters: 0 0 0

#Transform 167
Transform: AffineTransform_float_3_3
Parameters: 0.999998 0.000681404 -0.00156336 -0.000689325 0.999987 -0.00512279 0.0015597 0.00512395 0.999985 0.0750291 0.296359 -0.0587281
FixedParameters: 0 0 0

#Transform 168
Transform: AffineTransform_float_3_3
Parameters: 0.999999 0.000504272 -0.00132329 -0.000511331 0.999988 -0.0049308 0.00132073 0.00493216 0.999987 0.0667872 0.283659 -0.0823668
FixedParameters: 0 0 0

#Transform 169
Transform: AffineTransform_float_3_3
Parameters: 0.999999 0.000398039 -0.00156602 -0.000405287 0.999986 -0.00521456 0.00156415 0.00521491 0.999985 0.0598919 0.251382 -0.100857
FixedParameters: 0 0 0

#Transform 170
Transform: AffineTransform_float_3_3
Parameters: 0.999999 0.000652095 -0.00147616 -0.000660329 0.999986 -0.00519392 0.0014727 0.00519486 0.999985 0.0544025 0.262635 -0.0486751
FixedParameters: 0 0 0

#Transform 171
Transform: AffineTransform_float_3_3
Parameters: 0.999999 0.000523066 -0.00158017 -0.000531305 0.999985 -0.00553708 0.0015766 0.00553784 0.999983 0.0606801 0.287654 -0.0948208
FixedParameters: 0 0 0

#Transform 172
Transform: AffineTransform_float_3_3
Parameters: 0.999998 0.000724005 -0.0015813 -0.000733264 0.999984 -0.00554146 0.00157749 0.00554275 0.999983 0.0582654 0.263487 -0.0716131
FixedParameters: 0 0 0

#Transform 173
Transform: AffineTransform_float_3_3
Parameters: 0.999999 0.000561299 -0.00121931 -0.000568593 0.999982 -0.00606474 0.00121563 0.00606613 0.999981 0.0502844 0.276432 -0.094863
FixedParameters: 0 0 0

#Transform 174
Transform: AffineTransform_float_3_3
Parameters: 1 0.000559695 -0.00114782 -0.000566696 0.999983 -0.00581843 0.00114449 0.00581871 0.999982 0.0482011 0.329023 -0.106719
FixedParameters: 0 0 0

#Transform 175
Transform: AffineTransform_float_3_3
Parameters: 0.999999 0.000666861 -0.00128207 -0.000673894 0.999987 -0.00512336 0.00127856 0.00512405 0.999986 0.0494919 0.30043 -0.10345
FixedParameters: 0 0 0

#Transform 176
Transform: AffineTransform_float_3_3
Parameters: 1 0.000760928 -0.000933078 -0.000765842 0.999985 -0.00540453 0.000929173 0.00540586 0.999985 0.0489305 0.293335 -0.13398
FixedParameters: 0 0 0

#Transform 177
Transform: AffineTransform_float_3_3
Parameters: 0.999999 0.00051352 -0.00096311 -0.000518777 0.999985 -0.00545475 0.000959784 0.00545573 0.999984 0.0498517 0.23189 -0.0751538
FixedParameters: 0 0 0

#Transform 178
Transform: AffineTransform_float_3_3
Parameters: 1 0.000549075 -0.00107904 -0.000555738 0.999981 -0.00611043 0.00107542 0.00611061 0.999981 0.0680551 0.318588 -0.127737
FixedParameters: 0 0 0

#Transform 179
Transform: AffineTransform_float_3_3
Parameters: 1 0.000541476 -0.00107552 -0.000547626 0.999986 -0.00522239 0.00107223 0.00522355 0.999986 0.0578712 0.285864 -0.109086
FixedParameters: 0 0 0

#Transform 180
Transform: AffineTransform_float_3_3
Parameters: 0.999999 0.000559992 -0.00129953 -0.000567083 0.999985 -0.00552371 0.00129657 0.00552417 0.999984 0.0673616 0.310368 -0.107552
FixedParameters: 0 0 0

#Transform 181
Transform: AffineTransform_float_3_3
Parameters: 1 0.000498909 -0.00103795 -0.000505951 0.999982 -0.00604398 0.00103404 0.00604502 0.999981 0.0562197 0.296545 -0.139151
FixedParameters: 0 0 0

#Transform 182
Transform: AffineTransform_float_3_3
Parameters: 1 0.000468708 -0.00107675 -0.00047513 0.999986 -0.00537789 0.00107503 0.00537886 0.999985 0.0589661 0.297978 -0.127441
FixedParameters: 0 0 0

#Transform 183
Transform: AffineTransform_float_3_3
Parameters: 1 0.000574758 -0.00100993 -0.000581221 0.999983 -0.00589268 0.00100728 0.00589276 0.999982 0.0698313 0.261685 -0.146832
FixedParameters: 0 0 0

#Transform 184
Transform: AffineTransform_float_3_3
Parameters: 1 0.000738908 -0.000973586 -0.00074478 0.999983 -0.00577175 0.000969235 0.00577211 0.999983 0.05195 0.302686 -0.087642
FixedParameters: 0 0 0

#Transform 185
Transform: AffineTransform_float_3_3
Parameters: 1 0.00068514 -0.000830406 -0.000689813 0.999981 -0.00613099 0.000826137 0.00613205 0.999981 0.0473206 0.317796 -0.12876
FixedParameters: 0 0 0

#Transform 186
Transform: AffineTransform_float_3_3
Parameters: 0.999999 0.000749309 -0.0011027 -0.00075529 0.999984 -0.00555827 0.0010986 0.00555886 0.999984 0.057657 0.294066 -0.108287
FixedParameters: 0 0 0

#Transform 187
Transform: AffineTransform_float_3_3
Parameters: 0.999999 0.000583553 -0.00123439 -0.000590855 0.999982 -0.00596849 0.0012315 0.00596891 0.999982 0.0705698 0.281909 -0.0654424
FixedParameters: 0 0 0

#Transform 188
Transform: AffineTransform_float_3_3
Parameters: 1 0.000636525 -0.00108569 -0.000643523 0.99998 -0.00625628 0.0010818 0.00625762 0.99998 0.0682809 0.303542 -0.113425
FixedParameters: 0 0 0

#Transform 189
Transform: AffineTransform_float_3_3
Parameters: 0.999999 0.000432477 -0.00144775 -0.000440798 0.999983 -0.00575392 0.00144595 0.00575421 0.999982 0.0995618 0.299625 -0.0520466
FixedParameters: 0 0 0

#Transform 190
Transform: AffineTransform_float_3_3
Parameters: 0.999999 0.000801179 -0.00107524 -0.000808238 0.999983 -0.00577787 0.00107116 0.00577847 0.999983 0.0691816 0.27147 -0.109954
FixedParameters: 0 0 0

#Transform 191
Transform: AffineTransform_float_3_3
