#Insight Transform File V1.0
#Transform 0
Transform: AffineTransform_float_3_3
Parameters: 0.999999 0.000546685 -0.00132828 -0.000547408 1 -0.000190317 0.00132805 0.000190828 0.999999 -0.0104678 -0.0445584 0.24727
FixedParameters: 0 0 0

#Transform 1
Transform: AffineTransform_float_3_3
Parameters: 0.999999 0.000582788 -0.000640272 -0.000582766 1 1.73247e-05 0.000640291 -1.65785e-05 1 -0.0216623 -0.0337045 0.301253
FixedParameters: 0 0 0

#Transform 2
Transform: AffineTransform_float_3_3
Parameters: 0.999999 0.000786005 -0.000196822 -0.000785844 0.999999 0.000408059 0.000197463 -0.000407749 1 -0.0518588 -0.0441293 0.365952
FixedParameters: 0 0 0

#Transform 3
Transform: AffineTransform_float_3_3
Parameters: 1 0.000168164 0.000275785 -0.000168058 1 -0.000191788 -0.000275849 0.000191695 1 -0.0354523 -0.0454796 0.214194
FixedParameters: 0 0 0

#Transform 4
Transform: AffineTransform_float_3_3
Parameters: 1 3.45664e-06 -0.000111544 -3.73759e-06 0.999998 -0.00191456 0.000112113 0.00191454 0.999998 0.0634765 -0.0658186 0.0421782
FixedParameters: 0 0 0

#Transform 5
Transform: AffineTransform_float_3_3
Parameters: 1 -0.000247587 -0.000521995 0.00024638 0.999999 -0.00121516 0.000521931 0.00121494 0.999999 0.0858718 -0.0289451 0.0425959
FixedParameters: 0 0 0

#Transform 6
Transform: AffineTransform_float_3_3
Parameters: 1 -0.000136458 5.81721e-05 0.000135826 0.999998 -0.00188302 -5.80046e-05 0.0018832 0.999999 0.0483594 0.0179325 -0.0226554
FixedParameters: 0 0 0

#Transform 7
Transform: AffineTransform_float_3_3
Parameters: 1 -0.000139575 -6.77209e-05 0.000139456 0.999998 -0.00187887 6.78722e-05 0.00187886 0.999999 0.039706 -0.0833838 -0.0306853
FixedParameters: 0 0 0

#Transform 8
Transform: AffineTransform_float_3_3
Parameters: 1 -0.000484829 -3.53827e-05 0.000484859 1 0.000430855 3.49649e-05 -0.000430889 1 0.0486083 -0.0218925 0.10097
FixedParameters: 0 0 0

#Transform 9
Transform: AffineTransform_float_3_3
Parameters: 1 -0.000434245 -0.00010429 0.000434262 1 8.48378e-05 0.000104216 -8.49283e-05 1 0.0296049 -0.0885615 0.0454387
FixedParameters: 0 0 0

#Transform 10
Transform: AffineTransform_float_3_3
Parameters: 1 0.00015439 7.3263e-06 -0.00015527 0.999998 0.00207676 -7.02852e-06 -0.0020766 0.999998 -0.00611752 -0.173918 0.0587737
FixedParameters: 0 0 0

#Transform 11
Transform: AffineTransform_float_3_3
Parameters: 1 -8.17595e-05 -1.98273e-05 8.08927e-05 1 0.00114513 1.996e-05 -0.001145 1 0.0236941 -0.0706514 0.107911
FixedParameters: 0 0 0

#Transform 12
Transform: AffineTransform_float_3_3
Parameters: 1 -3.03177e-05 -7.03795e-05 3.02766e-05 1 -0.000292238 7.03972e-05 0.000292233 1 0.0152534 -0.0969999 -0.028794
FixedParameters: 0 0 0

#Transform 13
Transform: AffineTransform_float_3_3
Parameters: 1 -0.000382319 0.000285965 0.000382269 1 8.81324e-05 -0.000286032 -8.79137e-05 1 0.0185373 -0.0164876 -0.0306436
FixedParameters: 0 0 0

#Transform 14
Transform: AffineTransform_float_3_3
Parameters: 1 -0.000251281 -1.4604e-05 0.000251389 1 0.00119033 1.4297e-05 -0.00119034 1 0.0252872 -0.0688076 0.0314094
FixedParameters: 0 0 0

#Transform 15
Transform: AffineTransform_float_3_3
Parameters: 1 -0.000146249 -4.11107e-05 0.000146288 1 0.000485613 4.09686e-05 -0.000485625 1 0.0107695 -0.0760232 -0.0642698
FixedParameters: 0 0 0

#Transform 16
Transform: AffineTransform_float_3_3
Parameters: 1 0.00016122 -7.70332e-05 -0.000161275 1 -0.000356498 7.69182e-05 0.000356523 1 0.027618 -0.0642232 -0.0240413
FixedParameters: 0 0 0

#Transform 17
Transform: AffineTransform_float_3_3
Parameters: 1 -0.000184706 -3.14438e-05 0.000184752 0.999999 0.00074358 3.11691e-05 -0.000743592 0.999999 0.0105744 -0.00417273 0.0988869
FixedParameters: 0 0 0

#Transform 18
Transform: AffineTransform_float_3_3
Parameters: 1 -7.25638e-05 0.000662837 7.24624e-05 1 7.65327e-05 -0.000662848 -7.64366e-05 1 -0.011475 -0.0565018 -0.0352891
FixedParameters: 0 0 0

#Transform 19
Transform: AffineTransform_float_3_3
Parameters: 1 0.000125789 2.16327e-05 -0.000125822 0.999999 0.000769676 -2.1439e-05 -0.000769682 0.999999 0.00548412 -0.114067 0.0421577
FixedParameters: 0 0 0

#Transform 20
Transform: AffineTransform_float_3_3
Parameters: 1 0.00014664 0.000342114 -0.000146723 1 0.000121216 -0.000342079 -0.000121317 1 -0.00770819 -0.010119 -0.032608
FixedParameters: 0 0 0

#Transform 21
Transform: AffineTransform_float_3_3
Parameters: 1 2.92835e-05 -0.000469741 -2.93292e-05 1 -4.87165e-05 0.000469738 4.8744e-05 1 0.0188834 -0.0715927 -0.0841874
FixedParameters: 0 0 0

#Transform 22
Transform: AffineTransform_float_3_3
Parameters: 1 3.14945e-05 -7.27778e-05 -3.15411e-05 1 -0.000320362 7.27576e-05 0.000320367 1 0.00571327 -0.00907152 0.035399
FixedParameters: 0 0 0

#Transform 23
Transform: AffineTransform_float_3_3
Parameters: 1 0.000266512 -9.24244e-05 -0.000266647 0.999999 -0.000730744 9.20348e-05 0.000730793 0.999999 -0.00953501 -0.0151566 -0.00734868
FixedParameters: 0 0 0

#Transform 24
Transform: AffineTransform_float_3_3
Parameters: 1 0.000183384 -0.000535917 -0.000184014 1 -0.00058768 0.000535701 0.000587877 0.999999 -0.00963501 -0.0190714 0.00259538
FixedParameters: 0 0 0

#Transform 25
Transform: AffineTransform_float_3_3
Parameters: 1 0.000240176 -0.000350038 -0.000240586 1 -0.000586258 0.000349756 0.000586427 1 -0.0135921 0.0180887 -0.0056868
FixedParameters: 0 0 0

#Transform 26
Transform: AffineTransform_float_3_3
Parameters: 0.999999 0.000293013 -0.00077064 -0.000294621 0.999999 -0.00177951 0.00077015 0.0017798 0.999998 0.00985708 -0.0179999 -0.0564139
FixedParameters: 0 0 0

#Transform 27
Transform: AffineTransform_float_3_3
Parameters: 0.999999 0.000623044 -0.000425561 -0.000624044 0.999999 -0.00126269 0.000424277 0.0012632 0.999999 -0.00324672 -0.0298727 -0.0594306
FixedParameters: 0 0 0

#Transform 28
Transform: AffineTransform_float_3_3
Parameters: 1 0.000174129 -0.00052781 -0.000174446 1 -0.000301043 0.000527705 0.000301227 1 0.0199122 -0.0122754 0.0531896
FixedParameters: 0 0 0

#Transform 29
Transform: AffineTransform_float_3_3
Parameters: 0.999999 0.000298523 -0.000709972 -0.000297928 1 -0.000275648 0.00070978 0.000275925 0.999999 0.0267057 0.00344355 0.0591689
FixedParameters: 0 0 0

#Transform 30
Transform: AffineTransform_float_3_3
Parameters: 0.999999 -0.00015141 -0.000828804 0.000151836 1 -0.000338565 0.000828879 0.000338167 0.999999 0.0140211 -0.044082 -0.0525271
FixedParameters: 0 0 0

#Transform 31
Transform: AffineTransform_float_3_3
Parameters: 0.999999 0.000663311 -0.000715499 -0.000663775 0.999999 -0.000220627 0.000715176 0.000220589 0.999999 -0.00620547 -0.00823196 0.0338957
FixedParameters: 0 0 0

#Transform 32
Transform: AffineTransform_float_3_3
Parameters: 1 0.000404476 -0.00104072 -0.000405207 1 -0.000246956 0.00104049 0.000246856 1 -0.00371957 -0.0228148 0.0585402
FixedParameters: 0 0 0

#Transform 33
Transform: AffineTransform_float_3_3
Parameters: 0.999999 0.000232831 -0.000866361 -0.0002338 1 -0.0011708 0.000866078 0.00117105 0.999999 -0.00449498 -0.00334259 -0.0714199
FixedParameters: 0 0 0

#Transform 34
Transform: AffineTransform_float_3_3
Parameters: 0.999999 0.000743732 -0.0011362 -0.000746006 0.999998 -0.00183957 0.00113396 0.00184 0.999998 -0.000806481 -0.0602843 -0.0265803
FixedParameters: 0 0 0

#Transform 35
Transform: AffineTransform_float_3_3
Parameters: 1 0.000943134 -0.000878038 -0.000944062 0.999999 -0.00101225 0.000877024 0.00101273 0.999999 -0.0311328 0.00386206 0.0621033
FixedParameters: 0 0 0

#Transform 36
Transform: AffineTransform_float_3_3
Parameters: 1 0.000783558 -0.00076054 -0.000784206 0.999999 -0.000279785 0.000759779 0.00028 0.999999 -0.0471071 -0.0385024 -0.0156045
FixedParameters: 0 0 0

#Transform 37
Transform: AffineTransform_float_3_3
Parameters: 0.999998 0.00115182 -0.00130067 -0.00115352 0.999999 -0.00133384 0.00129873 0.00133452 0.999998 -0.0359798 -0.00494692 -0.0546159
FixedParameters: 0 0 0

#Transform 38
Transform: AffineTransform_float_3_3
Parameters: 0.999997 0.00150555 -0.00164226 -0.00150723 0.999998 -0.000706614 0.00164195 0.000709406 0.999999 -0.0438838 -0.0142888 0.0899007
FixedParameters: 0 0 0

#Transform 39
Transform: AffineTransform_float_3_3
Parameters: 0.999997 0.0014011 -0.00159465 -0.00139989 0.999998 0.000809598 0.00159564 -0.000806908 0.999998 -0.0931002 -0.00778814 0.2841
FixedParameters: 0 0 0

#Transform 40
Transform: AffineTransform_float_3_3
Parameters: 0.999996 0.0018198 -0.0021655 -0.00181975 0.999999 -4.4742e-05 0.00216556 4.85092e-05 0.999997 -0.0797889 -0.0601749 0.208172
FixedParameters: 0 0 0

#Transform 41
Transform: AffineTransform_float_3_3
Parameters: 0.999993 0.00238768 -0.00276598 -0.00238926 0.999996 -0.000801959 0.00276412 0.000808606 0.999995 -0.0621665 -0.0539893 0.150151
FixedParameters: 0 0 0

#Transform 42
Transform: AffineTransform_float_3_3
Parameters: 0.999997 0.00192088 -0.00180462 -0.00191893 0.999998 0.000750459 0.00180584 -0.000747416 0.999998 -0.0995202 -0.0146573 0.211628
FixedParameters: 0 0 0

#Transform 43
Transform: AffineTransform_float_3_3
Parameters: 0.999998 0.00144528 -0.00181693 -0.00144548 0.999999 0.000108667 0.00181686 -0.000106321 0.999999 -0.0899321 -0.0224377 0.0716296
FixedParameters: 0 0 0

#Transform 44
Transform: AffineTransform_float_3_3
Parameters: 0.999996 0.00174742 -0.00227936 -0.00174705 0.999999 0.000493327 0.00228066 -0.000490095 0.999998 -0.0801346 -0.0541372 0.147812
FixedParameters: 0 0 0

#Transform 45
Transform: AffineTransform_float_3_3
Parameters: 0.999996 0.00191693 -0.0021408 -0.00191952 0.999997 -0.00137778 0.00213814 0.00138138 0.999997 -0.0785659 -0.024556 0.022663
FixedParameters: 0 0 0

#Transform 46
Transform: AffineTransform_float_3_3
Parameters: 0.999995 0.00179006 -0.00262857 -0.00179428 0.999998 -0.00141699 0.00262516 0.00142189 0.999996 -0.0608774 -0.0502432 0.024793
FixedParameters: 0 0 0

#Transform 47
Transform: AffineTransform_float_3_3
Parameters: 0.999995 0.00194673 -0.00232923 -0.00194825 0.999998 -0.000562321 0.00232844 0.000566139 0.999997 -0.0855697 -0.00223677 0.153114
FixedParameters: 0 0 0

#Transform 48
Transform: AffineTransform_float_3_3
Parameters: 0.999996 0.00167889 -0.00229383 -0.00167859 0.999998 0.000243662 0.00229423 -0.000239808 0.999998 -0.0876274 -0.0327263 0.128161
FixedParameters: 0 0 0

#Transform 49
Transform: AffineTransform_float_3_3
Parameters: 0.999994 0.00170198 -0.00286704 -0.00170546 0.999998 -0.00134418 0.00286506 0.00134924 0.999995 -0.0555931 0.00977139 0.0142954
FixedParameters: 0 0 0

#Transform 50
Transform: AffineTransform_float_3_3
Parameters: 0.999995 0.00138434 -0.00282871 -0.00138583 0.999999 -0.000485247 0.00282884 0.000489896 0.999996 -0.0455002 0.00122201 0.0803594
FixedParameters: 0 0 0

#Transform 51
Transform: AffineTransform_float_3_3
Parameters: 0.999995 0.00192432 -0.00239119 -0.00192549 0.999998 -0.000712108 0.00238986 0.000716899 0.999997 -0.0699654 -0.0126889 0.0307902
FixedParameters: 0 0 0

#Transform 52
Transform: AffineTransform_float_3_3
Parameters: 0.999995 0.00195772 -0.00264784 -0.00196332 0.999996 -0.00203031 0.00264367 0.00203479 0.999994 -0.0461685 -0.0724644 -0.0307347
FixedParameters: 0 0 0

#Transform 53
Transform: AffineTransform_float_3_3
Parameters: 0.999994 0.00195687 -0.00288122 -0.00196082 0.999996 -0.00156697 0.00287887 0.0015724 0.999995 -0.0452178 0.0105149 0.0907655
FixedParameters: 0 0 0

#Transform 54
Transform: AffineTransform_float_3_3
Parameters: 0.999996 0.00119887 -0.00282301 -0.00120015 0.999999 -0.000447891 0.00282246 0.000451515 0.999996 -0.0404871 -0.0114552 0.114341
FixedParameters: 0 0 0

#Transform 55
Transform: AffineTransform_float_3_3
Parameters: 0.999995 0.00192244 -0.00275332 -0.00192752 0.999996 -0.002065 0.00274916 0.00207053 0.999994 -0.0627341 -0.0318193 0.0113484
FixedParameters: 0 0 0

#Transform 56
Transform: AffineTransform_float_3_3
Parameters: 0.999995 0.00207668 -0.00263424 -0.00208376 0.999995 -0.0025673 0.00262859 0.0025731 0.999993 -0.0656262 0.0357752 0.00529998
FixedParameters: 0 0 0

#Transform 57
Transform: AffineTransform_float_3_3
Parameters: 0.999994 0.0022658 -0.00293692 -0.0022746 0.999993 -0.00288569 0.00293094 0.00289155 0.999991 -0.0527767 -0.00547392 -0.00363204
FixedParameters: 0 0 0

#Transform 58
Transform: AffineTransform_float_3_3
Parameters: 0.999993 0.00236006 -0.00291244 -0.00236541 0.999994 -0.00214604 0.00290794 0.00215353 0.999993 -0.0702125 0.0243185 0.064451
FixedParameters: 0 0 0

#Transform 59
Transform: AffineTransform_float_3_3
Parameters: 0.999993 0.00223788 -0.00273459 -0.002244 0.999995 -0.0020754 0.00273003 0.00208167 0.999994 -0.0879372 -0.0120138 0.002023
FixedParameters: 0 0 0

#Transform 60
Transform: AffineTransform_float_3_3
Parameters: 0.999992 0.0026088 -0.00283684 -0.00260862 0.999997 7.94567e-05 0.00283803 -7.17582e-05 0.999996 -0.0556746 -0.0425767 0.116476
FixedParameters: 0 0 0

#Transform 61
Transform: AffineTransform_float_3_3
Parameters: 0.999994 0.00248849 -0.00255258 -0.00248601 0.999997 0.00093001 0.00255488 -0.000924036 0.999996 -0.139357 -0.0412155 0.241615
FixedParameters: 0 0 0

#Transform 62
Transform: AffineTransform_float_3_3
Parameters: 0.999992 0.00257296 -0.00282698 -0.00257254 0.999997 0.000323611 0.00282846 -0.000316968 0.999996 -0.149393 -0.0155953 0.148376
FixedParameters: 0 0 0

#Transform 63
Transform: AffineTransform_float_3_3
Parameters: 0.999991 0.00267207 -0.00310574 -0.00267298 0.999996 -0.000384778 0.00310437 0.000393035 0.999995 -0.131798 -0.0160347 0.0114302
FixedParameters: 0 0 0

#Transform 64
Transform: AffineTransform_float_3_3
Parameters: 0.999991 0.00259556 -0.00339218 -0.00259544 0.999997 0.00010294 0.0033925 -9.32932e-05 0.999995 -0.11031 -0.0312079 0.11423
FixedParameters: 0 0 0

#Transform 65
Transform: AffineTransform_float_3_3
Parameters: 0.999994 0.00229864 -0.00291769 -0.00230033 0.999997 -0.000765865 0.00291614 0.000772764 0.999996 -0.113534 -0.0258487 0.00296799
FixedParameters: 0 0 0

#Transform 66
Transform: AffineTransform_float_3_3
Parameters: 0.999989 0.00275256 -0.00395425 -0.00275738 0.999995 -0.0012437 0.00395107 0.00125459 0.999991 -0.0838807 -0.0213619 0.0563454
FixedParameters: 0 0 0

#Transform 67
Transform: AffineTransform_float_3_3
Parameters: 0.999989 0.00325162 -0.00327399 -0.00325359 0.999995 -0.000633711 0.00327208 0.000644427 0.999995 -0.140083 -0.000366687 0.158712
FixedParameters: 0 0 0

#Transform 68
Transform: AffineTransform_float_3_3
Parameters: 0.999992 0.00213416 -0.00326072 -0.00213709 0.999997 -0.00100581 0.00325864 0.00101212 0.999994 -0.0968111 -0.0359478 -0.0291838
FixedParameters: 0 0 0

#Transform 69
Transform: AffineTransform_float_3_3
Parameters: 0.99999 0.00283254 -0.00330954 -0.00283379 0.999996 -0.00038036 0.003309 0.000389789 0.999995 -0.12802 0.00535218 0.15084
FixedParameters: 0 0 0

#Transform 70
Transform: AffineTransform_float_3_3
Parameters: 0.99999 0.00296921 -0.00330996 -0.00297167 0.999996 -0.000573961 0.00330816 0.000584253 0.999995 -0.132939 0.0441219 0.13697
FixedParameters: 0 0 0

#Transform 71
Transform: AffineTransform_float_3_3
Parameters: 0.999991 0.00271133 -0.003319 -0.00271956 0.999993 -0.00239782 0.00331149 0.00240645 0.999992 -0.107293 -0.02098 0.0102003
FixedParameters: 0 0 0

#Transform 72
Transform: AffineTransform_float_3_3
Parameters: 0.999989 0.00310236 -0.00342046 -0.00310809 0.999994 -0.00176049 0.00341537 0.00177045 0.999992 -0.108918 0.0409806 0.10698
FixedParameters: 0 0 0

#Transform 73
Transform: AffineTransform_float_3_3
Parameters: 0.99999 0.00302981 -0.00324754 -0.00303144 0.999995 -0.000739493 0.00324553 0.000748484 0.999995 -0.132888 0.0321038 0.141776
FixedParameters: 0 0 0

#Transform 74
Transform: AffineTransform_float_3_3
Parameters: 0.999991 0.00297599 -0.00316287 -0.00297994 0.999995 -0.00131974 0.00315844 0.00132864 0.999994 -0.14315 -0.0652795 0.0447437
FixedParameters: 0 0 0

#Transform 75
Transform: AffineTransform_float_3_3
Parameters: 0.999988 0.00321204 -0.00361154 -0.0032184 0.999993 -0.00203051 0.00360521 0.00204211 0.999991 -0.125769 0.0271267 0.0506
FixedParameters: 0 0 0

#Transform 76
Transform: AffineTransform_float_3_3
Parameters: 0.999989 0.00321585 -0.00339108 -0.00321874 0.999994 -0.000894425 0.00338846 0.000905475 0.999993 -0.12097 0.0266703 0.126878
FixedParameters: 0 0 0

#Transform 77
Transform: AffineTransform_float_3_3
Parameters: 0.99999 0.00275443 -0.00342537 -0.00276137 0.999994 -0.00213307 0.00341912 0.00214257 0.999992 -0.117804 -0.010068 0.00447821
FixedParameters: 0 0 0

#Transform 78
Transform: AffineTransform_float_3_3
Parameters: 0.999989 0.00273527 -0.00365761 -0.00274277 0.999994 -0.00203443 0.00365165 0.00204414 0.999991 -0.109998 0.0559527 0.035907
FixedParameters: 0 0 0

#Transform 79
Transform: AffineTransform_float_3_3
Parameters: 0.999989 0.00304656 -0.00349983 -0.00304663 0.999995 -0.000166039 0.00349914 0.000177058 0.999994 -0.135841 0.0321398 0.119999
FixedParameters: 0 0 0

#Transform 80
Transform: AffineTransform_float_3_3
Parameters: 0.999989 0.00279889 -0.00366716 -0.0028075 0.999993 -0.00247063 0.00365998 0.00248051 0.999991 -0.109161 0.000437816 -0.00685016
FixedParameters: 0 0 0

#Transform 81
Transform: AffineTransform_float_3_3
Parameters: 0.999989 0.00273789 -0.00385955 -0.00274565 0.999994 -0.00207952 0.00385331 0.00209026 0.99999 -0.107374 0.0521239 0.101152
FixedParameters: 0 0 0

#Transform 82
Transform: AffineTransform_float_3_3
Parameters: 0.999991 0.00288698 -0.00319223 -0.002895 0.999993 -0.00247441 0.00318534 0.00248335 0.999992 -0.134315 -5.17197e-05 0.0178283
FixedParameters: 0 0 0

#Transform 83
Transform: AffineTransform_float_3_3
Parameters: 0.999987 0.00315306 -0.00385162 -0.00315925 0.999994 -0.00158328 0.00384618 0.00159542 0.999991 -0.12916 -0.0217168 0.0745646
FixedParameters: 0 0 0

#Transform 84
Transform: AffineTransform_float_3_3
Parameters: 0.999989 0.00267645 -0.00384244 -0.00268295 0.999995 -0.00165647 0.00383753 0.00166699 0.999991 -0.108136 0.0136753 0.00823533
FixedParameters: 0 0 0

#Transform 85
Transform: AffineTransform_float_3_3
Parameters: 0.999989 0.00270665 -0.00380426 -0.00270922 0.999996 -0.000605099 0.00380283 0.000615323 0.999993 -0.10727 0.000692665 0.120437
FixedParameters: 0 0 0

#Transform 86
Transform: AffineTransform_float_3_3
Parameters: 0.999989 0.00281685 -0.00388153 -0.00282677 0.999993 -0.00262307 0.00387432 0.00263416 0.999989 -0.111542 0.00801196 -0.0140031
FixedParameters: 0 0 0

#Transform 87
Transform: AffineTransform_float_3_3
Parameters: 0.999987 0.00316399 -0.00386271 -0.00317146 0.999993 -0.00187455 0.00385662 0.0018867 0.999991 -0.117045 -0.00485533 0.060832
FixedParameters: 0 0 0

#Transform 88
Transform: AffineTransform_float_3_3
Parameters: 0.999987 0.00325459 -0.00371107 -0.00326358 0.999992 -0.00247311 0.00370224 0.00248555 0.99999 -0.135741 0.0261344 0.0380991
FixedParameters: 0 0 0

#Transform 89
Transform: AffineTransform_float_3_3
Parameters: 0.999985 0.00272353 -0.00475597 -0.00273352 0.999995 -0.00207569 0.00475064 0.00208905 0.999986 -0.0572942 0.0411471 0.0142639
FixedParameters: 0 0 0

#Transform 90
Transform: AffineTransform_float_3_3
Parameters: 0.999981 0.00332546 -0.00512899 -0.00334689 0.999986 -0.00421011 0.00511452 0.00422671 0.999978 -0.0477805 0.140068 0.0474227
FixedParameters: 0 0 0

#Transform 91
Transform: AffineTransform_float_3_3
Parameters: 0.999985 0.00319726 -0.00437436 -0.00320903 0.999991 -0.00271368 0.0043651 0.00272862 0.999986 -0.0928762 0.0342368 0.0524822
FixedParameters: 0 0 0

#Transform 92
Transform: AffineTransform_float_3_3
Parameters: 0.999984 0.00292021 -0.00478203 -0.0029328 0.999993 -0.00264747 0.0047749 0.00266134 0.999985 -0.0758602 0.0606514 0.0290578
FixedParameters: 0 0 0

#Transform 93
Transform: AffineTransform_float_3_3
Parameters: 0.999984 0.00287742 -0.00482408 -0.00289515 0.999988 -0.0038221 0.00481363 0.00383584 0.999981 -0.0747769 0.0598142 -0.0353388
FixedParameters: 0 0 0

#Transform 94
Transform: AffineTransform_float_3_3
Parameters: 0.999982 0.00287449 -0.00514594 -0.00289002 0.999991 -0.0031305 0.00513674 0.00314552 0.999982 -0.080485 0.0590369 0.0471279
FixedParameters: 0 0 0

#Transform 95
Transform: AffineTransform_float_3_3
Parameters: 0.999981 0.00316048 -0.00537885 -0.00318209 0.999987 -0.00402287 0.00536574 0.0040405 0.999977 -0.0643959 0.0765991 0.00286668
FixedParameters: 0 0 0

#Transform 96
Transform: AffineTransform_float_3_3
Parameters: 0.999983 0.00341044 -0.00473811 -0.00342464 0.99999 -0.00292497 0.0047283 0.00294097 0.999985 -0.109851 0.0581602 0.0152256
FixedParameters: 0 0 0

#Transform 97
Transform: AffineTransform_float_3_3
Parameters: 0.999981 0.00339981 -0.00522639 -0.0034131 0.999991 -0.002601 0.00521817 0.00261822 0.999983 -0.0974909 0.02689 0.0772481
FixedParameters: 0 0 0

#Transform 98
Transform: AffineTransform_float_3_3
Parameters: 0.999982 0.00326883 -0.00506342 -0.00328631 0.999988 -0.0034535 0.00505239 0.00346975 0.999981 -0.0895251 0.122853 -0.0208182
FixedParameters: 0 0 0

#Transform 99
Transform: AffineTransform_float_3_3
Parameters: 0.999982 0.00318373 -0.00499803 -0.00319915 0.99999 -0.00310705 0.00498798 0.00312338 0.999983 -0.0710716 0.0900111 0.0430798
FixedParameters: 0 0 0

#Transform 100
Transform: AffineTransform_float_3_3
Parameters: 0.999981 0.00317918 -0.00538448 -0.00319301 0.999992 -0.00248876 0.00537658 0.00250598 0.999983 -0.0800606 0.0398567 0.0301818
FixedParameters: 0 0 0

#Transform 101
Transform: AffineTransform_float_3_3
Parameters: 0.99998 0.00353689 -0.00529417 -0.00354456 0.999992 -0.00151662 0.00528831 0.00153468 0.999985 -0.121542 0.0522065 0.1239
FixedParameters: 0 0 0

#Transform 102
Transform: AffineTransform_float_3_3
Parameters: 0.999982 0.00334799 -0.00499937 -0.00336373 0.999989 -0.00320926 0.00498915 0.003225 0.999982 -0.103848 0.0661338 -0.0371435
FixedParameters: 0 0 0

#Transform 103
Transform: AffineTransform_float_3_3
Parameters: 0.999981 0.00331191 -0.00511873 -0.00332697 0.99999 -0.00297613 0.00510939 0.00299352 0.999983 -0.0918513 0.0356282 -0.0603353
FixedParameters: 0 0 0

#Transform 104
Transform: AffineTransform_float_3_3
Parameters: 0.99998 0.00339546 -0.00514663 -0.00341353 0.999988 -0.00355709 0.00513428 0.00357503 0.99998 -0.0926151 0.0872687 -0.0139803
FixedParameters: 0 0 0

#Transform 105
Transform: AffineTransform_float_3_3
Parameters: 0.99998 0.00320855 -0.00546845 -0.00322809 0.999988 -0.0036486 0.00545678 0.00366649 0.999978 -0.0741911 0.116398 -0.0919515
FixedParameters: 0 0 0

#Transform 106
Transform: AffineTransform_float_3_3
Parameters: 0.999978 0.0035117 -0.00546975 -0.00353052 0.999987 -0.0034651 0.00545778 0.00348441 0.999979 -0.0640027 0.0889709 -0.0053546
FixedParameters: 0 0 0

#Transform 107
Transform: AffineTransform_float_3_3
Parameters: 0.999979 0.00336748 -0.00546304 -0.00338529 0.999989 -0.00338959 0.00545167 0.0034083 0.999979 -0.0895203 0.129784 0.00112233
FixedParameters: 0 0 0

#Transform 108
Transform: AffineTransform_float_3_3
Parameters: 0.999979 0.00344808 -0.00550583 -0.00347289 0.999984 -0.00447916 0.00549053 0.00449821 0.999975 -0.0638747 0.0665232 -0.124275
FixedParameters: 0 0 0

#Transform 109
Transform: AffineTransform_float_3_3
Parameters: 0.999978 0.00356527 -0.00551585 -0.00359103 0.999983 -0.00466103 0.00549941 0.0046812 0.999974 -0.0656275 0.0678609 -0.0806626
FixedParameters: 0 0 0

#Transform 110
Transform: AffineTransform_float_3_3
Parameters: 0.99998 0.0034785 -0.00521585 -0.00349866 0.999986 -0.00379229 0.00520216 0.00381039 0.999979 -0.0908768 0.0977192 0.0245062
FixedParameters: 0 0 0

#Transform 111
Transform: AffineTransform_float_3_3
Parameters: 0.999982 0.0034955 -0.0048801 -0.00351932 0.999982 -0.00482046 0.00486269 0.00483774 0.999977 -0.0947933 0.0689143 -0.107344
FixedParameters: 0 0 0

#Transform 112
Transform: AffineTransform_float_3_3
Parameters: 0.999978 0.00376583 -0.00552175 -0.00379204 0.999982 -0.00466517 0.005504 0.00468559 0.999974 -0.0801407 0.0507783 -0.0223778
FixedParameters: 0 0 0

#Transform 113
Transform: AffineTransform_float_3_3
Parameters: 0.999979 0.00372888 -0.0052499 -0.00375171 0.999983 -0.00441617 0.00523351 0.00443541 0.999977 -0.0916154 0.117597 0.0581855
FixedParameters: 0 0 0

#Transform 114
Transform: AffineTransform_float_3_3
Parameters: 0.999981 0.00365968 -0.0048898 -0.00368344 0.999981 -0.00490115 0.00487205 0.00491885 0.999976 -0.100314 0.080112 -0.0715047
FixedParameters: 0 0 0

#Transform 115
Transform: AffineTransform_float_3_3
Parameters: 0.999979 0.0035638 -0.00537022 -0.00359148 0.99998 -0.0051874 0.00535086 0.00520718 0.999972 -0.0875795 0.0605932 -0.0863391
FixedParameters: 0 0 0

#Transform 116
Transform: AffineTransform_float_3_3
Parameters: 0.999979 0.00344867 -0.00549785 -0.00347213 0.999985 -0.00426491 0.00548281 0.0042841 0.999976 -0.0897062 0.0956841 0.0262993
FixedParameters: 0 0 0

#Transform 117
Transform: AffineTransform_float_3_3
Parameters: 0.99998 0.00352183 -0.00524315 -0.00354836 0.999981 -0.00511517 0.00522477 0.0051337 0.999973 -0.0882027 0.0906894 -0.0720492
FixedParameters: 0 0 0

#Transform 118
Transform: AffineTransform_float_3_3
Parameters: 0.999978 0.00382309 -0.00553186 -0.00385079 0.999981 -0.00489468 0.00551332 0.00491561 0.999973 -0.100115 0.0270861 -0.0312556
FixedParameters: 0 0 0

#Transform 119
Transform: AffineTransform_float_3_3
Parameters: 0.999979 0.0035799 -0.0054768 -0.00359927 0.999987 -0.00360205 0.0054643 0.00362197 0.999978 -0.0953957 0.139688 0.00208477
FixedParameters: 0 0 0

#Transform 120
Transform: AffineTransform_float_3_3
Parameters: 0.999981 0.00379726 -0.00490514 -0.0038197 0.999982 -0.0046183 0.00488762 0.00463663 0.999977 -0.0890725 0.0652653 -0.0173565
FixedParameters: 0 0 0

#Transform 121
Transform: AffineTransform_float_3_3
Parameters: 0.999983 0.00364553 -0.00465309 -0.00366169 0.999987 -0.003535 0.00463984 0.00355202 0.999983 -0.113993 -0.00445776 0.0272515
FixedParameters: 0 0 0

#Transform 122
Transform: AffineTransform_float_3_3
Parameters: 0.999979 0.00363815 -0.00547854 -0.00365773 0.999986 -0.00360712 0.00546556 0.0036267 0.999978 -0.0778453 0.0960747 0.0650953
FixedParameters: 0 0 0

#Transform 123
Transform: AffineTransform_float_3_3
Parameters: 0.999982 0.00382232 -0.00467465 -0.00384458 0.999981 -0.00475454 0.0046562 0.00477242 0.999978 -0.0978937 0.0580455 -0.00378161
FixedParameters: 0 0 0

#Transform 124
Transform: AffineTransform_float_3_3
Parameters: 0.999979 0.0036966 -0.00530806 -0.00372388 0.999979 -0.00529912 0.00528864 0.00531863 0.999972 -0.083139 0.0950087 -0.0539336
FixedParameters: 0 0 0

#Transform 125
Transform: AffineTransform_float_3_3
Parameters: 0.999978 0.00363173 -0.00550894 -0.00365607 0.999984 -0.00442745 0.00549329 0.00444747 0.999975 -0.0737037 0.0967716 0.00542095
FixedParameters: 0 0 0

#Transform 126
Transform: AffineTransform_float_3_3
Parameters: 0.999979 0.00377052 -0.00524592 -0.00379383 0.999982 -0.00446553 0.00522878 0.00448518 0.999976 -0.0957339 0.0447499 -0.0311924
FixedParameters: 0 0 0

#Transform 127
Transform: AffineTransform_float_3_3
Parameters: 0.999975 0.00398748 -0.00569699 -0.00402184 0.999974 -0.00599575 0.00567269 0.00601861 0.999966 -0.074476 0.087932 -0.0669618
FixedParameters: 0 0 0

#Transform 128
Transform: AffineTransform_float_3_3
Parameters: 0.999978 0.00391424 -0.00528699 -0.00394067 0.999981 -0.00483516 0.00526782 0.00485636 0.999974 -0.088404 0.021241 0.0381747
FixedParameters: 0 0 0

#Transform 129
Transform: AffineTransform_float_3_3
Parameters: 0.999977 0.00378044 -0.00564899 -0.00380339 0.999985 -0.00396649 0.00563368 0.00398764 0.999977 -0.103537 0.1007 0.0543651
FixedParameters: 0 0 0

#Transform 130
Transform: AffineTransform_float_3_3
Parameters: 0.999976 0.00442775 -0.0052981 -0.00445431 0.999978 -0.00511398 0.00527542 0.00513801 0.999973 -0.11456 0.0341447 -0.0724243
FixedParameters: 0 0 0

#Transform 131
Transform: AffineTransform_float_3_3
Parameters: 0.999975 0.00449523 -0.00557887 -0.00452646 0.999974 -0.00562589 0.0055535 0.00565159 0.999969 -0.0991856 0.0512295 -0.0294583
FixedParameters: 0 0 0

#Transform 132
Transform: AffineTransform_float_3_3
Parameters: 0.999974 0.00437818 -0.00563818 -0.0044046 0.999979 -0.00482599 0.00561692 0.00485052 0.999972 -0.0982269 0.0783029 0.0733853
FixedParameters: 0 0 0

#Transform 133
Transform: AffineTransform_float_3_3
Parameters: 0.999974 0.00470349 -0.00551344 -0.00472361 0.999982 -0.00376103 0.0054962 0.00378696 0.999978 -0.136055 0.112155 0.0632943
FixedParameters: 0 0 0

#Transform 134
Transform: AffineTransform_float_3_3
Parameters: 0.999974 0.00437702 -0.00557168 -0.00440824 0.999975 -0.00552901 0.00554755 0.00555253 0.999969 -0.115426 0.0731621 -0.045002
FixedParameters: 0 0 0

#Transform 135
Transform: AffineTransform_float_3_3
Parameters: 0.999974 0.00441813 -0.0055837 -0.00445044 0.999973 -0.00581465 0.00555808 0.00583941 0.999968 -0.111563 0.0831812 -0.00337563
FixedParameters: 0 0 0

#Transform 136
Transform: AffineTransform_float_3_3
Parameters: 0.999974 0.00452833 -0.00555917 -0.00455666 0.999977 -0.00508226 0.00553631 0.00510763 0.999971 -0.107465 0.107758 0.0229834
FixedParameters: 0 0 0

#Transform 137
Transform: AffineTransform_float_3_3
Parameters: 0.999974 0.0046327 -0.00554326 -0.00465514 0.999981 -0.00414407 0.00552448 0.00416915 0.999976 -0.138887 0.104034 0.012709
FixedParameters: 0 0 0

#Transform 138
Transform: AffineTransform_float_3_3
Parameters: 0.99997 0.00492319 -0.00592852 -0.00495975 0.999969 -0.00621781 0.00589683 0.00624671 0.999963 -0.116925 0.0744338 -0.0470492
FixedParameters: 0 0 0

#Transform 139
Transform: AffineTransform_float_3_3
Parameters: 0.999968 0.0052137 -0.00614005 -0.0052469 0.999971 -0.00540478 0.0061112 0.00543687 0.999967 -0.12243 0.112449 0.0144968
FixedParameters: 0 0 0

#Transform 140
Transform: AffineTransform_float_3_3
Parameters: 0.99997 0.00483947 -0.00604556 -0.00486966 0.999976 -0.00500335 0.00602073 0.00503257 0.999969 -0.131069 0.072007 -0.0253309
FixedParameters: 0 0 0

#Transform 141
Transform: AffineTransform_float_3_3
Parameters: 0.99997 0.00445511 -0.00630171 -0.00449281 0.999973 -0.00592319 0.00627566 0.00595121 0.999963 -0.116473 0.0497863 -0.0445716
FixedParameters: 0 0 0

#Transform 142
Transform: AffineTransform_float_3_3
Parameters: 0.999967 0.00515233 -0.00628788 -0.00518366 0.999974 -0.00502952 0.00626208 0.00506265 0.999968 -0.164458 0.0951493 0.0539466
FixedParameters: 0 0 0

#Transform 143
Transform: AffineTransform_float_3_3
Parameters: 0.999971 0.00486152 -0.00581818 -0.00489389 0.999973 -0.00553276 0.00579107 0.00556169 0.999968 -0.146958 0.0708668 0.0105594
FixedParameters: 0 0 0

#Transform 144
Transform: AffineTransform_float_3_3
Parameters: 0.999967 0.00503901 -0.00627961 -0.00506965 0.999975 -0.00490172 0.00625532 0.00493353 0.999968 -0.155275 0.090369 0.0814525
FixedParameters: 0 0 0

#Transform 145
Transform: AffineTransform_float_3_3
Parameters: 0.999974 0.00445274 -0.00565902 -0.00447857 0.99998 -0.00455441 0.00563891 0.0045793 0.999974 -0.139646 0.0862501 0.0705388
FixedParameters: 0 0 0

#Transform 146
Transform: AffineTransform_float_3_3
Parameters: 0.999967 0.00513186 -0.00628179 -0.00516256 0.999975 -0.0048872 0.00625642 0.00491921 0.999968 -0.14226 0.0788346 0.0896763
FixedParameters: 0 0 0

#Transform 147
Transform: AffineTransform_float_3_3
Parameters: 0.999968 0.00509218 -0.00626991 -0.00512127 0.999976 -0.00460847 0.00624632 0.00464121 0.999969 -0.152539 0.114316 0.13357
FixedParameters: 0 0 0

#Transform 148
Transform: AffineTransform_float_3_3
Parameters: 0.99997 0.00504404 -0.00587783 -0.00506885 0.999978 -0.00421487 0.00585632 0.00424361 0.999974 -0.157758 0.0382281 0.107399
FixedParameters: 0 0 0

#Transform 149
Transform: AffineTransform_float_3_3
Parameters: 0.999968 0.00517361 -0.00604334 -0.00521223 0.999965 -0.00643012 0.00601033 0.00646173 0.999961 -0.124869 0.119381 0.00149803
FixedParameters: 0 0 0

#Transform 150
Transform: AffineTransform_float_3_3
Parameters: 0.999968 0.00504747 -0.00632703 -0.00508632 0.999969 -0.00612171 0.00629625 0.00615389 0.999961 -0.130032 0.124197 0.0311259
FixedParameters: 0 0 0

#Transform 151
Transform: AffineTransform_float_3_3
Parameters: 0.999967 0.00526023 -0.00625652 -0.00528583 0.999977 -0.0041439 0.00623445 0.00417693 0.999972 -0.149052 0.0954994 0.136287
FixedParameters: 0 0 0

#Transform 152
Transform: AffineTransform_float_3_3
Parameters: 0.999972 0.00482259 -0.00568896 -0.00484574 0.99998 -0.00407303 0.00566894 0.00410068 0.999976 -0.176372 0.0918513 0.0610605
FixedParameters: 0 0 0

#Transform 153
Transform: AffineTransform_float_3_3
Parameters: 0.999967 0.00502482 -0.00635973 -0.00506006 0.999972 -0.0055339 0.00633215 0.00556568 0.999964 -0.128066 0.126643 0.0327776
FixedParameters: 0 0 0

#Transform 154
Transform: AffineTransform_float_3_3
Parameters: 0.999965 0.00517034 -0.00662594 -0.0052036 0.999974 -0.00503339 0.00659978 0.00506808 0.999965 -0.103922 0.0829784 0.075182
FixedParameters: 0 0 0

#Transform 155
Transform: AffineTransform_float_3_3
Parameters: 0.999968 0.00528663 -0.00614763 -0.00531886 0.999973 -0.00513298 0.00612033 0.00516538 0.999968 -0.121411 0.085284 0.021681
FixedParameters: 0 0 0

#Transform 156
Transform: AffineTransform_float_3_3
Parameters: 0.999968 0.00518496 -0.00613327 -0.00521636 0.999973 -0.00517583 0.00610591 0.00520769 0.999968 -0.140529 0.0723711 0.0623264
FixedParameters: 0 0 0

#Transform 157
Transform: AffineTransform_float_3_3
Parameters: 0.999967 0.00513934 -0.00644287 -0.005175 0.999972 -0.00539403 0.00641487 0.00542731 0.999965 -0.12037 0.0864758 0.117199
FixedParameters: 0 0 0

#Transform 158
Transform: AffineTransform_float_3_3
Parameters: 0.999968 0.0051755 -0.00598158 -0.00521028 0.999969 -0.00589319 0.00595113 0.0059237 0.999965 -0.138432 0.149823 0.0449934
FixedParameters: 0 0 0

#Transform 159
Transform: AffineTransform_float_3_3
Parameters: 0.999964 0.00510647 -0.00682341 -0.00514256 0.999973 -0.00524019 0.006796 0.00527582 0.999963 -0.113354 0.0760791 0.140818
FixedParameters: 0 0 0

#Transform 160
Transform: AffineTransform_float_3_3
Parameters: 0.999967 0.00537663 -0.00608141 -0.00541154 0.999968 -0.00578182 0.00605011 0.00581479 0.999965 -0.141078 0.133981 0.0827846
FixedParameters: 0 0 0

#Transform 161
Transform: AffineTransform_float_3_3
Parameters: 0.999964 0.00542037 -0.0064844 -0.00545556 0.999971 -0.00530106 0.00645592 0.00533631 0.999965 -0.162441 0.0839117 0.156496
FixedParameters: 0 0 0

#Transform 162
Transform: AffineTransform_float_3_3
Parameters: 0.999962 0.00602481 -0.00630025 -0.0060695 0.999957 -0.00708952 0.00625734 0.00712719 0.999955 -0.147778 0.145198 0.0233876
FixedParameters: 0 0 0

#Transform 163
Transform: AffineTransform_float_3_3
Parameters: 0.999965 0.00531589 -0.00660481 -0.00535616 0.999967 -0.00615723 0.00657177 0.00619229 0.999959 -0.131165 0.0981378 0.0818817
FixedParameters: 0 0 0

#Transform 164
Transform: AffineTransform_float_3_3
Parameters: 0.999959 0.00607909 -0.00671357 -0.00611012 0.999971 -0.00456441 0.00668583 0.00460527 0.999967 -0.159682 0.0990417 0.316902
FixedParameters: 0 0 0

#Transform 165
Transform: AffineTransform_float_3_3
Parameters: 0.999961 0.00576254 -0.0067122 -0.00580551 0.999962 -0.0064616 0.00667403 0.00650016 0.999956 -0.167711 0.106035 0.0822929
FixedParameters: 0 0 0

#Transform 166
Transform: AffineTransform_float_3_3
Parameters: 0.999954 0.0060274 -0.00744106 -0.00607332 0.999962 -0.00620928 0.00740351 0.00625483 0.999953 -0.131874 0.0638094 0.191757
FixedParameters: 0 0 0

#Transform 167
Transform: AffineTransform_float_3_3
Parameters: 0.99995 0.00587418 -0.00800887 -0.00591317 0.999971 -0.0048584 0.00797993 0.00490585 0.999957 -0.146416 0.130948 0.284458
FixedParameters: 0 0 0

#Transform 168
Transform: AffineTransform_float_3_3
Parameters: 0.999956 0.00564488 -0.00741736 -0.00568523 0.99997 -0.00536123 0.00738728 0.00540318 0.999958 -0.17496 0.121173 0.0747941
FixedParameters: 0 0 0

#Transform 169
Transform: AffineTransform_float_3_3
Parameters: 0.999957 0.00559847 -0.00739676 -0.00563863 0.999969 -0.00543018 0.00736543 0.0054711 0.999958 -0.159749 0.0964454 0.19463
FixedParameters: 0 0 0

#Transform 170
Transform: AffineTransform_float_3_3
Parameters: 0.999946 0.00616036 -0.0083525 -0.00621401 0.999961 -0.00639014 0.00831249 0.00644203 0.999944 -0.150965 0.147572 0.246633
FixedParameters: 0 0 0

#Transform 171
Transform: AffineTransform_float_3_3
Parameters: 0.999952 0.00631444 -0.0074868 -0.00635953 0.999961 -0.00608151 0.00744824 0.00612879 0.999953 -0.190168 0.138119 0.238311
FixedParameters: 0 0 0

#Transform 172
Transform: AffineTransform_float_3_3
Parameters: 0.999941 0.00662957 -0.00860627 -0.00667464 0.999964 -0.00524771 0.00857125 0.00530484 0.999949 -0.200484 0.0853297 0.362986
FixedParameters: 0 0 0

#Transform 173
Transform: AffineTransform_float_3_3
Parameters: 0.999949 0.00588468 -0.00828423 -0.00593875 0.999961 -0.0066238 0.008244 0.00667306 0.999944 -0.170543 0.144818 0.245364
FixedParameters: 0 0 0

#Transform 174
Transform: AffineTransform_float_3_3
Parameters: 0.999947 0.00620857 -0.00822608 -0.00624934 0.999968 -0.00491272 0.00819528 0.00496388 0.999954 -0.17952 0.075514 0.39403
FixedParameters: 0 0 0

#Transform 175
Transform: AffineTransform_float_3_3
Parameters: 0.999952 0.00592701 -0.00772116 -0.00597961 0.999959 -0.00673874 0.00768077 0.00678449 0.999948 -0.157768 0.132276 0.280187
FixedParameters: 0 0 0

#Transform 176
Transform: AffineTransform_float_3_3
Parameters: 0.999943 0.00643348 -0.00849841 -0.00648266 0.999963 -0.0056525 0.00846171 0.00570671 0.999948 -0.182668 0.122974 0.398372
FixedParameters: 0 0 0

#Transform 177
Transform: AffineTransform_float_3_3
Parameters: 0.999945 0.00618047 -0.00850819 -0.00622953 0.999964 -0.00578111 0.00847215 0.0058339 0.999947 -0.150063 0.15187 0.287057
FixedParameters: 0 0 0

#Transform 178
Transform: AffineTransform_float_3_3
Parameters: 0.999944 0.00620214 -0.00859214 -0.00625273 0.999964 -0.00586299 0.00855601 0.00591607 0.999946 -0.151821 0.0583363 0.278742
FixedParameters: 0 0 0

#Transform 179
Transform: AffineTransform_float_3_3
Parameters: 0.999941 0.00651955 -0.00870981 -0.00658098 0.999953 -0.00706773 0.00866304 0.00712485 0.999937 -0.148411 0.113759 0.27353
FixedParameters: 0 0 0

#Transform 180
Transform: AffineTransform_float_3_3
Parameters: 0.999947 0.00629527 -0.00811038 -0.00633716 0.999967 -0.00506301 0.00807806 0.00511404 0.999955 -0.164309 0.055294 0.308747
FixedParameters: 0 0 0

#Transform 181
Transform: AffineTransform_float_3_3
Parameters: 0.999947 0.0060685 -0.00835606 -0.00610958 0.99997 -0.00485815 0.00832637 0.00490968 0.999953 -0.172226 0.126483 0.303925
FixedParameters: 0 0 0

#Transform 182
Transform: AffineTransform_float_3_3
Parameters: 0.999944 0.00638723 -0.0084381 -0.00643557 0.999964 -0.00565141 0.00840169 0.00570502 0.999948 -0.16781 0.121422 0.332036
FixedParameters: 0 0 0

#Transform 183
Transform: AffineTransform_float_3_3
Parameters: 0.999947 0.00642568 -0.0080397 -0.00647139 0.999964 -0.00562662 0.00800337 0.00567898 0.999952 -0.202903 0.113678 0.304857
FixedParameters: 0 0 0

#Transform 184
Transform: AffineTransform_float_3_3
Parameters: 0.999937 0.00676656 -0.0089298 -0.00682056 0.999958 -0.00599889 0.00888835 0.00605957 0.999942 -0.169174 0.164315 0.342334
FixedParameters: 0 0 0

#Transform 185
Transform: AffineTransform_float_3_3
Parameters: 0.999935 0.00702064 -0.00905063 -0.0070775 0.999956 -0.00617088 0.00900735 0.00623538 0.99994 -0.188625 0.173901 0.382667
FixedParameters: 0 0 0

#Transform 186
Transform: AffineTransform_float_3_3
Parameters: 0.999937 0.00722764 -0.00853341 -0.00729823 0.99994 -0.00819974 0.00847451 0.00826177 0.99993 -0.185956 0.153304 0.305267
FixedParameters: 0 0 0

#Transform 187
Transform: AffineTransform_float_3_3
Parameters: 0.999934 0.007359 -0.00885561 -0.00742401 0.999946 -0.00732263 0.00880169 0.00738742 0.999934 -0.216078 0.0841068 0.463855
FixedParameters: 0 0 0

#Transform 188
Transform: AffineTransform_float_3_3
