#Insight Transform File V1.0
#Transform 0
Transform: AffineTransform_float_3_3
Parameters: 1 -0.00109904 8.42632e-05 0.00109894 0.999999 0.00106171 -8.56104e-05 -0.00106154 1 -0.00113839 -0.0213347 -0.145348
FixedParameters: 0 0 0

#Transform 1
Transform: AffineTransform_float_3_3
Parameters: 0.999999 -0.00156821 0.000120316 0.00156813 0.999999 0.000929675 -0.000121259 -0.000929473 1 0.0120437 -0.0435061 -0.266688
FixedParameters: 0 0 0

#Transform 2
Transform: AffineTransform_float_3_3
Parameters: 0.999999 -0.00132657 0.00010107 0.0013264 0.999998 0.00158427 -0.0001033 -0.00158418 0.999998 -0.00161917 -0.0431439 -0.174587
FixedParameters: 0 0 0

#Transform 3
Transform: AffineTransform_float_3_3
Parameters: 0.999999 -0.000973601 0.000223432 0.000973392 1 0.000640014 -0.000223692 -0.000639745 0.999999 0.00172476 -0.0501223 -0.210547
FixedParameters: 0 0 0

#Transform 4
Transform: AffineTransform_float_3_3
Parameters: 1 -0.00106243 0.000598871 0.00106218 0.999999 0.00116615 -0.000599452 -0.00116498 0.999999 -0.0224238 -0.0103094 -0.184672
FixedParameters: 0 0 0

#Transform 5
Transform: AffineTransform_float_3_3
Parameters: 0.999999 -0.00145368 0.000686254 0.00145351 0.999999 0.000905465 -0.000686984 -0.000904704 1 -0.0123639 -0.0429701 -0.19221
FixedParameters: 0 0 0

#Transform 6
Transform: AffineTransform_float_3_3
Parameters: 0.999999 -0.000913083 0.000358947 0.000913394 0.999999 0.00107497 -0.000359854 -0.0010744 1 -0.0151766 -0.0389119 -0.171821
FixedParameters: 0 0 0

#Transform 7
Transform: AffineTransform_float_3_3
Parameters: 1 -0.000940153 0.000397311 0.000939632 1 0.000640617 -0.000398661 -0.000640022 0.999999 -0.00744323 -0.039 -0.186564
FixedParameters: 0 0 0

#Transform 8
Transform: AffineTransform_float_3_3
Parameters: 0.999999 -0.000881717 0.000351761 0.000882333 1 0.000646051 -0.000351991 -0.000645669 0.999999 0.00441178 -0.0330942 -0.177849
FixedParameters: 0 0 0

#Transform 9
Transform: AffineTransform_float_3_3
Parameters: 0.999999 -0.000776183 0.000351675 0.000775728 1 0.000646851 -0.000352678 -0.000646459 0.999999 -0.0117869 -0.00454655 -0.114185
FixedParameters: 0 0 0

#Transform 10
Transform: AffineTransform_float_3_3
Parameters: 1 -0.000922503 0.000346301 0.000922511 0.999999 -2.75963e-05 -0.000346396 2.82363e-05 1 0.00703388 -0.0377226 -0.199346
FixedParameters: 0 0 0

#Transform 11
Transform: AffineTransform_float_3_3
Parameters: 0.999999 -0.00086976 0.000534361 0.000870111 1 0.000674092 -0.000534625 -0.0006734 0.999999 -0.0109498 0.0169531 -0.128321
FixedParameters: 0 0 0

#Transform 12
Transform: AffineTransform_float_3_3
Parameters: 0.999999 -0.000791335 6.13402e-05 0.000791331 0.999999 3.46256e-05 -6.13949e-05 -3.45284e-05 1 0.0141305 -0.033721 -0.167472
FixedParameters: 0 0 0

#Transform 13
Transform: AffineTransform_float_3_3
Parameters: 1 -0.000465916 3.59793e-05 0.000465874 0.999999 0.000570116 -3.65105e-05 -0.000570082 1 0.0039635 -0.0333865 -0.0585455
FixedParameters: 0 0 0

#Transform 14
Transform: AffineTransform_float_3_3
Parameters: 0.999999 -0.000833018 6.47866e-05 0.000833057 0.999999 -0.000308386 -6.42727e-05 0.000308494 1 0.0191447 0.0494461 -0.121394
FixedParameters: 0 0 0

#Transform 15
Transform: AffineTransform_float_3_3
Parameters: 1 -0.000292823 2.26756e-05 0.000292807 1 0.000351309 -2.28813e-05 -0.000351296 1 0.00918982 -0.0347101 -0.0322309
FixedParameters: 0 0 0

#Transform 16
Transform: AffineTransform_float_3_3
Parameters: 1 -0.000429124 3.33372e-05 0.000429143 1 -0.000281485 -3.30956e-05 0.000281513 1 0.0177297 -0.00349327 -0.0859689
FixedParameters: 0 0 0

#Transform 17
Transform: AffineTransform_float_3_3
Parameters: 1 -0.000455446 3.52967e-05 0.00045544 1 7.55427e-05 -3.53654e-05 -7.55105e-05 1 0.0135024 0.00143749 -0.0763488
FixedParameters: 0 0 0

#Transform 18
Transform: AffineTransform_float_3_3
Parameters: 1 -0.000465078 3.6009e-05 0.000465063 1 0.000206187 -3.62007e-05 -0.000206153 1 0.0192781 -0.0294409 -0.0630406
FixedParameters: 0 0 0

#Transform 19
Transform: AffineTransform_float_3_3
Parameters: 1 -9.19131e-05 7.15694e-06 9.19094e-05 1 0.000256903 -7.20415e-06 -0.000256902 1 -0.00222162 -0.066735 -0.0583858
FixedParameters: 0 0 0

#Transform 20
Transform: AffineTransform_float_3_3
Parameters: 1 -0.00017643 1.36884e-05 0.000176423 1 0.000250638 -1.37768e-05 -0.000250633 1 -0.000330615 -0.0109685 -0.0288383
FixedParameters: 0 0 0

#Transform 21
Transform: AffineTransform_float_3_3
Parameters: 1 -7.3218e-05 5.63739e-06 7.32212e-05 1 -0.000295217 -5.59415e-06 0.000295218 1 0.0153304 0.0123603 -0.0742114
FixedParameters: 0 0 0

#Transform 22
Transform: AffineTransform_float_3_3
Parameters: 1 0.000354983 -0.000169035 -0.000355034 1 -0.000149259 0.000168929 0.000149379 1 -0.00146514 -0.00324485 0.0195967
FixedParameters: 0 0 0

#Transform 23
Transform: AffineTransform_float_3_3
Parameters: 1 5.24863e-05 -4.22792e-06 -5.24915e-05 1 -0.000603761 4.16453e-06 0.000603761 1 0.0127911 -0.00533858 -0.0500428
FixedParameters: 0 0 0

#Transform 24
Transform: AffineTransform_float_3_3
Parameters: 1 0.00037472 -2.92136e-05 -0.000374735 1 -0.000269011 2.9012e-05 0.000269033 1 -0.0116382 -0.0114323 0.0696576
FixedParameters: 0 0 0

#Transform 25
Transform: AffineTransform_float_3_3
Parameters: 1 0.000418815 -0.000252772 -0.000418365 1 -0.00110068 0.00025192 0.00110081 1 0.0194071 0.0279697 -0.0672683
FixedParameters: 0 0 0

#Transform 26
Transform: AffineTransform_float_3_3
Parameters: 1 0.000486679 -0.000238749 -0.000486953 0.999999 -0.000575265 0.000238188 0.000575497 1 -0.00544229 0.0374447 0.056357
FixedParameters: 0 0 0

#Transform 27
Transform: AffineTransform_float_3_3
Parameters: 1 0.000209621 -0.000301513 -0.000210263 1 -0.00108468 0.000301204 0.00108481 1 0.0216378 0.0119808 -0.0940678
FixedParameters: 0 0 0

#Transform 28
Transform: AffineTransform_float_3_3
Parameters: 1 0.000372223 -0.000466601 -0.000371878 0.999999 -0.000696663 0.000466006 0.000696937 0.999999 0.000409367 0.0222314 0.0461345
FixedParameters: 0 0 0

#Transform 29
Transform: AffineTransform_float_3_3
Parameters: 1 8.62236e-05 -0.000444331 -8.7315e-05 0.999999 -0.00124134 0.000444262 0.00124142 0.999999 0.0110197 -0.00506395 -0.0170115
FixedParameters: 0 0 0

#Transform 30
Transform: AffineTransform_float_3_3
Parameters: 1 0.000417736 -0.000470085 -0.000418282 0.999999 -0.00058089 0.0004696 0.000581283 0.999999 0.0182963 0.0351095 0.00907209
FixedParameters: 0 0 0

#Transform 31
Transform: AffineTransform_float_3_3
Parameters: 1 0.000373907 -0.000234893 -0.000373135 1 -0.000474404 0.000234462 0.000474506 1 -0.00228377 0.0186895 0.0206263
FixedParameters: 0 0 0

#Transform 32
Transform: AffineTransform_float_3_3
Parameters: 1 0.000310927 -0.00027608 -0.000311148 1 -0.000400516 0.000275831 0.000400688 1 0.00775445 0.0151167 -0.0549026
FixedParameters: 0 0 0

#Transform 33
Transform: AffineTransform_float_3_3
Parameters: 1 0.000513217 -0.000477198 -0.000513335 1 -0.000123553 0.000477071 0.000124043 1 -0.0120498 0.000210825 0.0143799
FixedParameters: 0 0 0

#Transform 34
Transform: AffineTransform_float_3_3
Parameters: 0.999999 0.000498182 -0.00057732 -0.000499932 0.999998 -0.00152879 0.000576933 0.00152836 0.999998 0.0131282 0.010377 0.0383358
FixedParameters: 0 0 0

#Transform 35
Transform: AffineTransform_float_3_3
Parameters: 0.999999 0.000764627 -0.000497616 -0.000764612 0.999999 -0.00107245 0.000497031 0.00107313 1 0.00179692 0.00810845 0.10074
FixedParameters: 0 0 0

#Transform 36
Transform: AffineTransform_float_3_3
Parameters: 1 0.000494543 -0.000550892 -0.000496052 0.999999 -0.00145003 0.000550588 0.00145056 0.999999 0.0151555 0.0287204 0.0478432
FixedParameters: 0 0 0

#Transform 37
Transform: AffineTransform_float_3_3
Parameters: 1 0.000434875 -0.000471407 -0.000435399 1 -0.000555546 0.000470924 0.000555956 0.999999 0.0128967 0.0261936 0.0916857
FixedParameters: 0 0 0

#Transform 38
Transform: AffineTransform_float_3_3
Parameters: 1 0.000232767 -0.000455752 -0.00023352 0.999999 -0.000826318 0.000455366 0.00082653 0.999999 0.0110445 0.0212115 0.0388473
FixedParameters: 0 0 0

#Transform 39
Transform: AffineTransform_float_3_3
Parameters: 0.999999 0.000389911 -0.00117112 -0.000391598 0.999999 -0.000688699 0.00117059 0.000688783 0.999999 0.0354575 -0.0161722 0.0618517
FixedParameters: 0 0 0

#Transform 40
Transform: AffineTransform_float_3_3
Parameters: 1 0.000434134 -0.000605855 -0.000434966 0.999999 -0.000689095 0.000606248 0.000688624 0.999999 0.0155422 -0.004039 0.0650336
FixedParameters: 0 0 0

#Transform 41
Transform: AffineTransform_float_3_3
Parameters: 1 0.000445754 -0.00047236 -0.000446419 0.999999 -0.000704135 0.000471731 0.000704556 0.999999 0.0105167 0.0320175 0.0586782
FixedParameters: 0 0 0

#Transform 42
Transform: AffineTransform_float_3_3
Parameters: 1 0.000474381 -0.000474808 -0.000475408 1 -0.00109505 0.000473914 0.0010955 1 0.0123371 -0.0180484 0.0878599
FixedParameters: 0 0 0

#Transform 43
Transform: AffineTransform_float_3_3
Parameters: 0.999999 0.000450536 -0.000688528 -0.0004519 1 -0.000999186 0.000687773 0.000999806 1 0.0198682 0.0172697 0.0834276
FixedParameters: 0 0 0

#Transform 44
Transform: AffineTransform_float_3_3
Parameters: 0.999999 0.000612723 -0.000485507 -0.000613499 1 -0.000800035 0.000484526 0.000800476 0.999999 -0.000306673 -0.0034004 0.0965841
FixedParameters: 0 0 0

#Transform 45
Transform: AffineTransform_float_3_3
Parameters: 0.999999 0.000969774 -0.00103568 -0.000970431 0.999998 -0.00127914 0.00103404 0.00128001 0.999998 0.026379 0.0533302 0.0890081
FixedParameters: 0 0 0

#Transform 46
Transform: AffineTransform_float_3_3
Parameters: 0.999999 0.00096011 -0.00103503 -0.000961048 0.999999 -0.00142125 0.00103328 0.00142209 0.999999 0.025557 -0.0146666 0.0817622
FixedParameters: 0 0 0

#Transform 47
Transform: AffineTransform_float_3_3
Parameters: 1 0.000978805 -0.000779755 -0.000978996 0.999999 -0.00140166 0.000777848 0.00140189 0.999998 0.016022 -0.015858 0.0753696
FixedParameters: 0 0 0

#Transform 48
Transform: AffineTransform_float_3_3
Parameters: 1 0.000951963 -0.000562323 -0.000951881 0.999999 -0.00080449 0.00056156 0.000804337 0.999999 0.00427684 -0.0371316 0.174031
FixedParameters: 0 0 0

#Transform 49
Transform: AffineTransform_float_3_3
Parameters: 1 0.00103284 -0.00056994 -0.00103385 0.999997 -0.00190936 0.000568034 0.00191044 0.999998 0.0191695 0.022382 0.073914
FixedParameters: 0 0 0

#Transform 50
Transform: AffineTransform_float_3_3
Parameters: 1 0.000955541 -0.000562589 -0.000955504 0.999999 -0.000853279 0.000561873 0.000853283 1 0.00584909 -0.0284013 0.168583
FixedParameters: 0 0 0

#Transform 51
Transform: AffineTransform_float_3_3
Parameters: 1 0.000994818 -0.000633637 -0.000995597 0.999999 -0.00146159 0.000631635 0.00146262 0.999998 0.0281906 0.0593588 0.0782583
FixedParameters: 0 0 0

#Transform 52
Transform: AffineTransform_float_3_3
Parameters: 1 0.000955645 -0.000771509 -0.000956235 0.999999 -0.00107643 0.000770359 0.00107782 0.999999 0.0187017 0.00348723 0.075189
FixedParameters: 0 0 0

#Transform 53
Transform: AffineTransform_float_3_3
Parameters: 1 0.000521945 -0.000528988 -0.000522404 0.999999 -0.00145723 0.000528521 0.0014577 0.999999 0.0267521 0.00930457 0.0340797
FixedParameters: 0 0 0

#Transform 54
Transform: AffineTransform_float_3_3
Parameters: 0.999999 0.000481983 -0.000684043 -0.000482453 1 -0.00108117 0.000684062 0.00108076 0.999999 0.0223178 0.0165932 0.0778036
FixedParameters: 0 0 0

#Transform 55
Transform: AffineTransform_float_3_3
Parameters: 0.999999 0.000818896 -0.000552245 -0.000820206 0.999999 -0.00126651 0.000551301 0.00126741 0.999999 0.0164494 -0.00905725 0.0876696
FixedParameters: 0 0 0

#Transform 56
Transform: AffineTransform_float_3_3
Parameters: 1 0.000844957 -0.000879248 -0.000845983 0.999999 -0.0011511 0.000878216 0.00115152 0.999999 0.00891925 0.00458341 0.0924787
FixedParameters: 0 0 0

#Transform 57
Transform: AffineTransform_float_3_3
Parameters: 0.999999 0.00118234 -0.000984341 -0.00118393 0.999999 -0.00135188 0.000983042 0.00135297 0.999998 0.00960607 0.0584194 0.127316
FixedParameters: 0 0 0

#Transform 58
Transform: AffineTransform_float_3_3
Parameters: 0.999998 0.00117401 -0.00126978 -0.00117586 0.999998 -0.00154596 0.00126812 0.00154778 0.999998 0.0243149 0.00202825 0.0810027
FixedParameters: 0 0 0

#Transform 59
Transform: AffineTransform_float_3_3
Parameters: 0.999998 0.00116767 -0.00115461 -0.00116981 0.999999 -0.00133561 0.00115256 0.00133625 0.999999 0.0260375 -0.00366542 0.106641
FixedParameters: 0 0 0

#Transform 60
Transform: AffineTransform_float_3_3
Parameters: 0.999999 0.00111291 -0.000978546 -0.00111553 0.999997 -0.00189445 0.00097637 0.00189555 0.999997 0.0172515 0.0226195 0.0481493
FixedParameters: 0 0 0

#Transform 61
Transform: AffineTransform_float_3_3
Parameters: 0.999998 0.00124572 -0.00110577 -0.00124782 0.999998 -0.00144144 0.00110422 0.00144311 0.999999 0.013823 -0.0209012 0.138238
FixedParameters: 0 0 0

#Transform 62
Transform: AffineTransform_float_3_3
Parameters: 0.999999 0.000868762 -0.000627444 -0.0008695 0.999997 -0.0023253 0.000625659 0.00232622 0.999997 0.0283032 0.0163079 0.0587811
FixedParameters: 0 0 0

#Transform 63
Transform: AffineTransform_float_3_3
Parameters: 0.999999 0.00118025 -0.000754806 -0.00118163 0.999998 -0.00163837 0.000752983 0.00163907 0.999999 0.0218599 0.016977 0.152824
FixedParameters: 0 0 0

#Transform 64
Transform: AffineTransform_float_3_3
Parameters: 0.999999 0.00102199 -0.00108964 -0.00102494 0.999995 -0.00277985 0.00108628 0.002781 0.999996 0.0398794 0.0045373 0.0192498
FixedParameters: 0 0 0

#Transform 65
Transform: AffineTransform_float_3_3
Parameters: 0.999999 0.00139761 -0.000486776 -0.0013978 0.999998 -0.00137861 0.000484816 0.00137972 0.999999 0.0035094 -0.00966325 0.182158
FixedParameters: 0 0 0

#Transform 66
Transform: AffineTransform_float_3_3
Parameters: 0.999999 0.00111463 -0.00103486 -0.00111705 0.999995 -0.00270723 0.00103199 0.00270829 0.999995 0.0397061 0.0334908 0.0571077
FixedParameters: 0 0 0

#Transform 67
Transform: AffineTransform_float_3_3
Parameters: 0.999999 0.0012339 -0.000929022 -0.0012354 0.999998 -0.00192704 0.000926232 0.00192802 0.999997 0.00265897 -0.0117984 0.144027
FixedParameters: 0 0 0

#Transform 68
Transform: AffineTransform_float_3_3
Parameters: 0.999999 0.00109768 -0.00103317 -0.00110068 0.999997 -0.00247381 0.00102999 0.00247492 0.999997 0.0366818 0.0217703 0.0165929
FixedParameters: 0 0 0

#Transform 69
Transform: AffineTransform_float_3_3
Parameters: 0.999998 0.00148946 -0.00128224 -0.00149067 0.999998 -0.0012515 0.00128034 0.00125318 0.999999 0.0196661 -0.00715198 0.178575
FixedParameters: 0 0 0

#Transform 70
Transform: AffineTransform_float_3_3
Parameters: 0.999998 0.00141909 -0.0010586 -0.00142071 0.999997 -0.00226126 0.00105521 0.00226287 0.999997 0.036584 0.0189777 0.0606821
FixedParameters: 0 0 0

#Transform 71
Transform: AffineTransform_float_3_3
Parameters: 0.999998 0.00161274 -0.0010728 -0.00161394 0.999998 -0.0015277 0.0010697 0.00152984 0.999998 0.00962467 -0.0402423 0.194451
FixedParameters: 0 0 0

#Transform 72
Transform: AffineTransform_float_3_3
Parameters: 0.999998 0.00144365 -0.00106108 -0.00144606 0.999996 -0.0026003 0.00105674 0.00260098 0.999996 0.0204188 0.042491 0.0971679
FixedParameters: 0 0 0

#Transform 73
Transform: AffineTransform_float_3_3
Parameters: 0.999998 0.00145263 -0.00106202 -0.00145515 0.999995 -0.00272297 0.00105826 0.00272464 0.999995 0.0136598 0.0428813 0.168253
FixedParameters: 0 0 0

#Transform 74
Transform: AffineTransform_float_3_3
Parameters: 0.999997 0.00196084 -0.00126672 -0.0019648 0.999994 -0.00288186 0.00126153 0.00288441 0.999995 0.0224083 0.0052523 0.161749
FixedParameters: 0 0 0

#Transform 75
Transform: AffineTransform_float_3_3
Parameters: 0.999998 0.00178752 -0.000975452 -0.00179041 0.999995 -0.00264139 0.00097108 0.00264255 0.999996 0.0144592 0.0260036 0.187435
FixedParameters: 0 0 0

#Transform 76
Transform: AffineTransform_float_3_3
Parameters: 0.999997 0.00173911 -0.00150329 -0.0017444 0.999993 -0.00320649 0.00149833 0.00320923 0.999993 0.0331966 0.0805571 0.103112
FixedParameters: 0 0 0

#Transform 77
Transform: AffineTransform_float_3_3
Parameters: 0.999998 0.00144597 -0.00108042 -0.00144852 0.999996 -0.00265213 0.00107591 0.00265386 0.999996 0.0216769 0.0091341 0.117101
FixedParameters: 0 0 0

#Transform 78
Transform: AffineTransform_float_3_3
Parameters: 0.999999 0.00145197 -0.00126701 -0.00145509 0.999995 -0.00293912 0.00126353 0.0029413 0.999994 0.0222071 0.0162209 0.170452
FixedParameters: 0 0 0

#Transform 79
Transform: AffineTransform_float_3_3
Parameters: 0.999998 0.00169736 -0.00137168 -0.0017022 0.999993 -0.0033299 0.00136572 0.00333223 0.999994 0.023084 0.0103027 0.0838812
FixedParameters: 0 0 0

#Transform 80
Transform: AffineTransform_float_3_3
Parameters: 0.999997 0.00190483 -0.00155569 -0.00191029 0.999993 -0.00312242 0.00154884 0.00312587 0.999994 0.0372318 0.0579034 0.114282
FixedParameters: 0 0 0

#Transform 81
Transform: AffineTransform_float_3_3
Parameters: 0.999996 0.00227573 -0.001418 -0.00228007 0.999993 -0.00308976 0.00141096 0.00309355 0.999994 0.0204268 0.0100619 0.217615
FixedParameters: 0 0 0

#Transform 82
Transform: AffineTransform_float_3_3
Parameters: 0.999998 0.00171983 -0.00137504 -0.00172596 0.999989 -0.00419354 0.0013673 0.00419586 0.99999 0.0308348 0.0148441 0.0809491
FixedParameters: 0 0 0

#Transform 83
Transform: AffineTransform_float_3_3
Parameters: 0.999996 0.00231118 -0.00142215 -0.00231699 0.999991 -0.00363552 0.00141364 0.00363941 0.999992 0.0186482 0.0618444 0.221521
FixedParameters: 0 0 0

#Transform 84
Transform: AffineTransform_float_3_3
Parameters: 0.999997 0.00189177 -0.00139079 -0.00189839 0.999985 -0.00512015 0.00138065 0.00512282 0.999986 0.0485381 0.10125 0.11371
FixedParameters: 0 0 0

#Transform 85
Transform: AffineTransform_float_3_3
Parameters: 0.999997 0.00181635 -0.00138268 -0.00182122 0.99999 -0.00407703 0.00137449 0.00407956 0.999991 0.0349557 0.0894211 0.226048
FixedParameters: 0 0 0

#Transform 86
Transform: AffineTransform_float_3_3
Parameters: 0.999997 0.00186251 -0.0013344 -0.00186835 0.999988 -0.00465558 0.00132593 0.00465788 0.999988 0.0387788 0.0431103 0.110508
FixedParameters: 0 0 0

#Transform 87
Transform: AffineTransform_float_3_3
Parameters: 0.999996 0.0024597 -0.00160016 -0.0024664 0.999988 -0.00416138 0.00158995 0.00416542 0.99999 0.0345199 0.0763116 0.224448
FixedParameters: 0 0 0

#Transform 88
Transform: AffineTransform_float_3_3
Parameters: 0.999996 0.00233945 -0.00142809 -0.00234649 0.999983 -0.00518959 0.00141585 0.00519249 0.999985 0.0484422 0.0348065 0.177148
FixedParameters: 0 0 0

#Transform 89
Transform: AffineTransform_float_3_3
Parameters: 0.999995 0.00296746 -0.00147855 -0.00297422 0.999985 -0.00461368 0.00146452 0.00461841 0.999988 0.0357154 0.0740683 0.303145
FixedParameters: 0 0 0

#Transform 90
Transform: AffineTransform_float_3_3
Parameters: 0.999996 0.00242612 -0.00185816 -0.00243632 0.999983 -0.00537698 0.00184507 0.00538109 0.999984 0.0616833 0.0648011 0.162835
FixedParameters: 0 0 0

#Transform 91
Transform: AffineTransform_float_3_3
Parameters: 0.999996 0.00255822 -0.00164988 -0.002566 0.999987 -0.00436809 0.00163792 0.00437269 0.999989 0.0275967 0.0814278 0.248336
FixedParameters: 0 0 0

#Transform 92
Transform: AffineTransform_float_3_3
Parameters: 0.999996 0.00227201 -0.00178027 -0.00228162 0.999983 -0.00545146 0.00176766 0.00545563 0.999984 0.06236 0.0956641 0.181113
FixedParameters: 0 0 0

#Transform 93
Transform: AffineTransform_float_3_3
Parameters: 0.999993 0.0030701 -0.00190371 -0.00307928 0.999984 -0.00474844 0.00188902 0.0047551 0.999987 0.0319207 0.0208661 0.265827
FixedParameters: 0 0 0

#Transform 94
Transform: AffineTransform_float_3_3
Parameters: 0.999994 0.00278231 -0.00188191 -0.00279186 0.999981 -0.00544528 0.00186651 0.00545058 0.999983 0.0401879 0.108162 0.179038
FixedParameters: 0 0 0

#Transform 95
Transform: AffineTransform_float_3_3
Parameters: 0.999995 0.00282058 -0.00188382 -0.00282943 0.999984 -0.00497609 0.00187029 0.00498162 0.999986 0.030284 0.0132542 0.19122
FixedParameters: 0 0 0

#Transform 96
Transform: AffineTransform_float_3_3
Parameters: 0.999993 0.00294124 -0.00214677 -0.00295204 0.999983 -0.00503881 0.00213173 0.00504528 0.999985 0.0511897 0.100167 0.281397
FixedParameters: 0 0 0

#Transform 97
Transform: AffineTransform_float_3_3
Parameters: 0.999994 0.00271994 -0.00187813 -0.00273129 0.999979 -0.00596838 0.00186197 0.00597341 0.99998 0.04897 0.021096 0.1508
FixedParameters: 0 0 0

#Transform 98
Transform: AffineTransform_float_3_3
Parameters: 0.999993 0.00319186 -0.00191458 -0.00320097 0.999982 -0.00498393 0.00189913 0.00498988 0.999986 0.0345426 0.0460721 0.278195
FixedParameters: 0 0 0

#Transform 99
Transform: AffineTransform_float_3_3
Parameters: 0.999995 0.00283935 -0.00188777 -0.00285025 0.999978 -0.00583589 0.00187177 0.00584156 0.999981 0.0598555 0.0873868 0.186944
FixedParameters: 0 0 0

#Transform 100
Transform: AffineTransform_float_3_3
Parameters: 0.999993 0.00313731 -0.00191176 -0.00314832 0.99998 -0.00554555 0.00189487 0.00555224 0.999983 0.0479967 0.0843884 0.275828
FixedParameters: 0 0 0

#Transform 101
Transform: AffineTransform_float_3_3
Parameters: 0.999995 0.00286999 -0.00189156 -0.00288244 0.999976 -0.00626274 0.00187403 0.00626838 0.999978 0.0613717 0.0868819 0.208051
FixedParameters: 0 0 0

#Transform 102
Transform: AffineTransform_float_3_3
Parameters: 0.999993 0.00308853 -0.00207347 -0.00310099 0.999978 -0.00593377 0.00205486 0.0059403 0.999981 0.0397621 0.0809172 0.269453
FixedParameters: 0 0 0

#Transform 103
Transform: AffineTransform_float_3_3
Parameters: 0.999994 0.00307812 -0.00185719 -0.00309062 0.999973 -0.00671974 0.00183656 0.00672569 0.999975 0.0383627 0.11138 0.20987
FixedParameters: 0 0 0

#Transform 104
Transform: AffineTransform_float_3_3
Parameters: 0.999992 0.00331598 -0.00216249 -0.00332816 0.999977 -0.00587065 0.0021435 0.00587762 0.999981 0.0473998 0.0712136 0.298461
FixedParameters: 0 0 0

#Transform 105
Transform: AffineTransform_float_3_3
Parameters: 0.999993 0.00334746 -0.00187991 -0.00336019 0.999972 -0.00670027 0.00185663 0.00670621 0.999975 0.0351506 0.10912 0.271452
FixedParameters: 0 0 0

#Transform 106
Transform: AffineTransform_float_3_3
Parameters: 0.999992 0.00353718 -0.00184497 -0.00354858 0.999973 -0.00648678 0.0018215 0.00649316 0.999977 0.0277038 0.127374 0.270007
FixedParameters: 0 0 0

#Transform 107
Transform: AffineTransform_float_3_3
Parameters: 0.999991 0.00347141 -0.00239549 -0.00348587 0.999975 -0.00621572 0.00237323 0.00622467 0.999978 0.052506 0.0899365 0.228918
FixedParameters: 0 0 0

#Transform 108
Transform: AffineTransform_float_3_3
Parameters: 0.999991 0.00345154 -0.00233645 -0.0034647 0.999977 -0.00587185 0.00231661 0.00588038 0.99998 0.0435665 0.0989716 0.269439
FixedParameters: 0 0 0

#Transform 109
Transform: AffineTransform_float_3_3
Parameters: 0.999993 0.00295011 -0.00234675 -0.00296065 0.999985 -0.00452496 0.00233309 0.00453267 0.999986 0.049343 0.0547317 0.177241
FixedParameters: 0 0 0

#Transform 110
Transform: AffineTransform_float_3_3
Parameters: 0.999992 0.00339884 -0.00197704 -0.00340997 0.999978 -0.00564754 0.00195747 0.0056546 0.999982 0.0469297 0.0756402 0.205567
FixedParameters: 0 0 0

#Transform 111
Transform: AffineTransform_float_3_3
Parameters: 0.999995 0.00291543 -0.00170251 -0.00292396 0.999984 -0.004802 0.00168808 0.00480699 0.999987 0.0379656 0.147294 0.250796
FixedParameters: 0 0 0

#Transform 112
Transform: AffineTransform_float_3_3
Parameters: 0.999994 0.00291987 -0.00149763 -0.00292692 0.999985 -0.00463203 0.00148423 0.0046359 0.999989 0.0504564 0.0379537 0.179113
FixedParameters: 0 0 0

#Transform 113
Transform: AffineTransform_float_3_3
Parameters: 0.999994 0.00303115 -0.00166392 -0.00303926 0.999984 -0.00481378 0.00164929 0.00481876 0.999987 0.0408782 0.11163 0.247004
FixedParameters: 0 0 0

#Transform 114
Transform: AffineTransform_float_3_3
Parameters: 0.999996 0.00238827 -0.00136826 -0.00239498 0.999985 -0.00489467 0.00135572 0.00489736 0.999987 0.0509549 0.07077 0.202726
FixedParameters: 0 0 0

#Transform 115
Transform: AffineTransform_float_3_3
Parameters: 0.999995 0.00297211 -0.00165788 -0.00298098 0.999983 -0.005087 0.00164233 0.00509272 0.999986 0.0300327 0.0965216 0.270272
FixedParameters: 0 0 0

#Transform 116
Transform: AffineTransform_float_3_3
Parameters: 0.999995 0.00285375 -0.00150142 -0.00286097 0.999981 -0.00541317 0.00148658 0.00541669 0.999985 0.0454914 0.0959727 0.178759
FixedParameters: 0 0 0

#Transform 117
Transform: AffineTransform_float_3_3
Parameters: 0.999994 0.00292377 -0.00182664 -0.00293243 0.999986 -0.00446241 0.00181284 0.00446702 0.999988 0.0433684 0.0704677 0.257839
FixedParameters: 0 0 0

#Transform 118
Transform: AffineTransform_float_3_3
Parameters: 0.999996 0.00252441 -0.00137365 -0.00253232 0.99998 -0.00578689 0.00135887 0.00578986 0.999982 0.0520029 0.0422058 0.192904
FixedParameters: 0 0 0

#Transform 119
Transform: AffineTransform_float_3_3
Parameters: 0.999994 0.00300955 -0.00179263 -0.00301796 0.999984 -0.00482832 0.00177804 0.00483393 0.999987 0.032869 0.0705889 0.276179
FixedParameters: 0 0 0

#Transform 120
Transform: AffineTransform_float_3_3
Parameters: 0.999996 0.00251206 -0.00137292 -0.00252031 0.999979 -0.00592017 0.00135776 0.0059231 0.999981 0.0455232 0.010175 0.18993
FixedParameters: 0 0 0

#Transform 121
Transform: AffineTransform_float_3_3
Parameters: 0.999996 0.00240573 -0.0015839 -0.00241287 0.999986 -0.00470099 0.00157303 0.00470484 0.999988 0.0457053 0.0381726 0.214772
FixedParameters: 0 0 0

#Transform 122
Transform: AffineTransform_float_3_3
Parameters: 0.999997 0.00203827 -0.00161796 -0.00204809 0.999982 -0.00573305 0.00160599 0.00573581 0.999982 0.075996 0.0969781 0.159272
FixedParameters: 0 0 0

#Transform 123
Transform: AffineTransform_float_3_3
Parameters: 0.999997 0.00212814 -0.00154741 -0.00213661 0.999985 -0.00489548 0.00153656 0.00489954 0.999987 0.0592629 0.0573015 0.233521
FixedParameters: 0 0 0

#Transform 124
Transform: AffineTransform_float_3_3
Parameters: 0.999997 0.00194878 -0.0017474 -0.00195893 0.99998 -0.00597941 0.00173562 0.0059824 0.999981 0.0872771 0.047145 0.147543
FixedParameters: 0 0 0

#Transform 125
Transform: AffineTransform_float_3_3
Parameters: 0.999998 0.00187253 -0.00161846 -0.0018805 0.999987 -0.00478292 0.00160934 0.00478525 0.999987 0.0784958 0.023131 0.206655
FixedParameters: 0 0 0

#Transform 126
Transform: AffineTransform_float_3_3
Parameters: 0.999997 0.00191248 -0.00174343 -0.00192193 0.999983 -0.00547477 0.00173269 0.00547771 0.999984 0.0881988 0.09872 0.155044
FixedParameters: 0 0 0

#Transform 127
Transform: AffineTransform_float_3_3
Parameters: 0.999997 0.00186379 -0.00160036 -0.00187114 0.999988 -0.00464135 0.00159086 0.00464459 0.999988 0.0536372 0.0378037 0.211176
FixedParameters: 0 0 0

#Transform 128
Transform: AffineTransform_float_3_3
Parameters: 0.999997 0.00192424 -0.00174472 -0.0019342 0.999982 -0.00563831 0.00173434 0.00564128 0.999983 0.0700853 0.0746346 0.113362
FixedParameters: 0 0 0

#Transform 129
Transform: AffineTransform_float_3_3
Parameters: 0.999997 0.00190116 -0.00141736 -0.0019075 0.999986 -0.00494778 0.00140861 0.00495057 0.999987 0.064395 0.0387227 0.213514
FixedParameters: 0 0 0

#Transform 130
Transform: AffineTransform_float_3_3
Parameters: 0.999997 0.00194566 -0.00147955 -0.00195358 0.999982 -0.00562888 0.00146806 0.0056318 0.999983 0.0759301 0.0188548 0.172067
FixedParameters: 0 0 0

#Transform 131
Transform: AffineTransform_float_3_3
Parameters: 0.999998 0.00191993 -0.00118819 -0.00192607 0.999986 -0.00494617 0.00117829 0.00494813 0.999987 0.0572614 0.082323 0.268236
FixedParameters: 0 0 0

#Transform 132
Transform: AffineTransform_float_3_3
Parameters: 0.999997 0.00194046 -0.00165697 -0.00194982 0.999982 -0.00576114 0.00164608 0.00576383 0.999983 0.0835193 0.0714475 0.13681
FixedParameters: 0 0 0

#Transform 133
Transform: AffineTransform_float_3_3
Parameters: 0.999997 0.00217033 -0.00146676 -0.0021781 0.999986 -0.00495524 0.00145622 0.00495891 0.999987 0.0553105 0.0535002 0.240044
FixedParameters: 0 0 0

#Transform 134
Transform: AffineTransform_float_3_3
Parameters: 0.999997 0.00193298 -0.00172157 -0.00194299 0.999982 -0.00573217 0.00171073 0.00573492 0.999982 0.0899727 0.051984 0.196123
FixedParameters: 0 0 0

#Transform 135
Transform: AffineTransform_float_3_3
Parameters: 0.999997 0.00208244 -0.00166791 -0.00209143 0.999984 -0.0053042 0.00165693 0.00530731 0.999985 0.0717564 0.109945 0.252904
FixedParameters: 0 0 0

#Transform 136
Transform: AffineTransform_float_3_3
Parameters: 0.999996 0.00198695 -0.00166198 -0.00199728 0.999978 -0.00640539 0.00164962 0.00640914 0.999978 0.0813877 0.145203 0.178244
FixedParameters: 0 0 0

#Transform 137
Transform: AffineTransform_float_3_3
Parameters: 0.999996 0.00253676 -0.00170691 -0.00254663 0.999979 -0.00581314 0.00169268 0.00581685 0.999982 0.071854 0.065431 0.248637
FixedParameters: 0 0 0

#Transform 138
Transform: AffineTransform_float_3_3
Parameters: 0.999996 0.00233745 -0.00169191 -0.00234867 0.999976 -0.00658334 0.00167619 0.00658723 0.999977 0.0732896 0.0987261 0.182361
FixedParameters: 0 0 0

#Transform 139
Transform: AffineTransform_float_3_3
Parameters: 0.999996 0.00248302 -0.00170259 -0.00249311 0.99998 -0.00589845 0.00168771 0.00590296 0.999982 0.0610208 0.0448535 0.265493
FixedParameters: 0 0 0

#Transform 140
Transform: AffineTransform_float_3_3
Parameters: 0.999996 0.0022389 -0.00168409 -0.0022498 0.999974 -0.00682444 0.00166881 0.00682804 0.999976 0.0863479 0.0727425 0.205765
FixedParameters: 0 0 0

#Transform 141
Transform: AffineTransform_float_3_3
Parameters: 0.999996 0.00246157 -0.00182502 -0.0024733 0.999978 -0.00622991 0.00180996 0.00623388 0.999979 0.0930417 0.0752761 0.271936
FixedParameters: 0 0 0

#Transform 142
Transform: AffineTransform_float_3_3
Parameters: 0.999996 0.00223718 -0.00190225 -0.00224986 0.999973 -0.00705451 0.00188692 0.00705877 0.999973 0.102466 0.0567415 0.196373
FixedParameters: 0 0 0

#Transform 143
Transform: AffineTransform_float_3_3
Parameters: 0.999995 0.00273043 -0.00172488 -0.0027417 0.999975 -0.00651836 0.00170716 0.00652272 0.999978 0.0801076 0.0732257 0.288115
FixedParameters: 0 0 0

#Transform 144
Transform: AffineTransform_float_3_3
Parameters: 0.999995 0.00245454 -0.00207769 -0.0024694 0.999971 -0.00724614 0.00206038 0.00725101 0.999971 0.108429 0.0938154 0.226311
FixedParameters: 0 0 0

#Transform 145
Transform: AffineTransform_float_3_3
Parameters: 0.999996 0.00244143 -0.0016283 -0.0024516 0.999976 -0.006542 0.00161241 0.00654591 0.999978 0.0887564 0.105271 0.299483
FixedParameters: 0 0 0

#Transform 146
Transform: AffineTransform_float_3_3
Parameters: 0.999996 0.00232367 -0.00169374 -0.00233732 0.999966 -0.00797416 0.001675 0.00797782 0.999967 0.108659 0.10782 0.176223
FixedParameters: 0 0 0

#Transform 147
Transform: AffineTransform_float_3_3
Parameters: 0.999994 0.0028551 -0.00173666 -0.00286695 0.999972 -0.00698727 0.00171696 0.00699187 0.999974 0.0820417 0.0913288 0.307947
FixedParameters: 0 0 0

#Transform 148
Transform: AffineTransform_float_3_3
Parameters: 0.999994 0.00293038 -0.00185906 -0.00294363 0.99997 -0.00719609 0.00183812 0.00720159 0.999973 0.101681 0.0961995 0.268225
FixedParameters: 0 0 0

#Transform 149
Transform: AffineTransform_float_3_3
Parameters: 0.999995 0.0027327 -0.00172653 -0.00274475 0.999971 -0.00706375 0.00170714 0.00706789 0.999973 0.0871996 0.0913528 0.279054
FixedParameters: 0 0 0

#Transform 150
Transform: AffineTransform_float_3_3
Parameters: 0.999996 0.00254185 -0.00182597 -0.00255521 0.999968 -0.00759968 0.00180612 0.00760467 0.99997 0.107605 0.121752 0.235808
FixedParameters: 0 0 0

#Transform 151
Transform: AffineTransform_float_3_3
Parameters: 0.999994 0.00289851 -0.00174012 -0.00291018 0.999972 -0.00692381 0.00172019 0.00692858 0.999975 0.0886668 0.120263 0.325908
FixedParameters: 0 0 0

#Transform 152
Transform: AffineTransform_float_3_3
Parameters: 0.999994 0.00253709 -0.00213736 -0.00255344 0.999966 -0.00790115 0.00211722 0.00790665 0.999967 0.115351 0.114499 0.192058
FixedParameters: 0 0 0

#Transform 153
Transform: AffineTransform_float_3_3
Parameters: 0.999995 0.00258827 -0.00157787 -0.00259941 0.999971 -0.00713198 0.00155955 0.00713608 0.999974 0.0860155 0.113421 0.309481
FixedParameters: 0 0 0

#Transform 154
Transform: AffineTransform_float_3_3
Parameters: 0.999994 0.00256708 -0.00220928 -0.00258294 0.999968 -0.00752326 0.00219017 0.00752926 0.99997 0.0998925 0.102681 0.207971
FixedParameters: 0 0 0

#Transform 155
Transform: AffineTransform_float_3_3
Parameters: 0.999995 0.00251076 -0.00191595 -0.0025243 0.99997 -0.00727636 0.00189775 0.0072817 0.999971 0.0993417 0.0983248 0.273425
FixedParameters: 0 0 0

#Transform 156
Transform: AffineTransform_float_3_3
Parameters: 0.999994 0.00299248 -0.00184139 -0.00300556 0.999969 -0.0072407 0.00182028 0.00724631 0.999972 0.0959702 0.080349 0.325379
FixedParameters: 0 0 0

#Transform 157
Transform: AffineTransform_float_3_3
Parameters: 0.999994 0.0025427 -0.00221151 -0.00255994 0.999964 -0.00806655 0.0021905 0.00807238 0.999965 0.120384 0.100584 0.228006
FixedParameters: 0 0 0

#Transform 158
Transform: AffineTransform_float_3_3
Parameters: 0.999994 0.0030309 -0.00184529 -0.00304477 0.999968 -0.00746938 0.00182351 0.00747513 0.999971 0.0804188 0.130681 0.291883
FixedParameters: 0 0 0

#Transform 159
Transform: AffineTransform_float_3_3
Parameters: 0.999994 0.00255677 -0.00209949 -0.00257345 0.999964 -0.00812867 0.00207802 0.0081339 0.999965 0.112418 0.127835 0.242213
FixedParameters: 0 0 0

#Transform 160
Transform: AffineTransform_float_3_3
Parameters: 0.999993 0.00295723 -0.00223533 -0.00297403 0.999968 -0.00743836 0.00221261 0.00744498 0.99997 0.122855 0.11116 0.325226
FixedParameters: 0 0 0

#Transform 161
Transform: AffineTransform_float_3_3
Parameters: 0.999993 0.00279594 -0.00235828 -0.00281535 0.999962 -0.00827773 0.00233501 0.00828425 0.999963 0.125116 0.116083 0.262987
FixedParameters: 0 0 0

#Transform 162
Transform: AffineTransform_float_3_3
Parameters: 0.999994 0.00301785 -0.0018452 -0.00303196 0.999965 -0.00781641 0.00182173 0.00782189 0.999967 0.0906413 0.131131 0.294807
FixedParameters: 0 0 0

#Transform 163
Transform: AffineTransform_float_3_3
Parameters: 0.999994 0.0029599 -0.00184059 -0.00297452 0.999964 -0.00798318 0.00181747 0.00798857 0.999967 0.082104 0.119377 0.314821
FixedParameters: 0 0 0

#Transform 164
Transform: AffineTransform_float_3_3
Parameters: 0.999993 0.00306938 -0.00185149 -0.00308496 0.999959 -0.00853336 0.00182586 0.00853911 0.999962 0.104221 0.124041 0.25975
FixedParameters: 0 0 0

#Transform 165
Transform: AffineTransform_float_3_3
Parameters: 0.999994 0.00301048 -0.00184423 -0.0030242 0.999966 -0.00771364 0.00182149 0.00771924 0.999969 0.0885809 0.111791 0.338347
FixedParameters: 0 0 0

#Transform 166
Transform: AffineTransform_float_3_3
Parameters: 0.999992 0.00302531 -0.0025047 -0.00304714 0.999957 -0.00870319 0.00247729 0.00871051 0.999959 0.121918 0.14634 0.210808
FixedParameters: 0 0 0

#Transform 167
Transform: AffineTransform_float_3_3
Parameters: 0.999992 0.00330613 -0.00217254 -0.00332435 0.99996 -0.00834805 0.00214545 0.00835564 0.999963 0.0871724 0.145156 0.365086
FixedParameters: 0 0 0

#Transform 168
Transform: AffineTransform_float_3_3
Parameters: 0.999993 0.00311443 -0.00198816 -0.00313334 0.999952 -0.00931783 0.00195854 0.00932345 0.999955 0.110764 0.144942 0.284351
FixedParameters: 0 0 0

#Transform 169
Transform: AffineTransform_float_3_3
Parameters: 0.99999 0.00403005 -0.00206457 -0.00404728 0.999956 -0.0084048 0.00203064 0.00841318 0.999962 0.069982 0.140001 0.374806
FixedParameters: 0 0 0

#Transform 170
Transform: AffineTransform_float_3_3
Parameters: 0.999992 0.0034281 -0.0020143 -0.00344581 0.999954 -0.00894096 0.00198381 0.00894795 0.999958 0.086216 0.135046 0.328508
FixedParameters: 0 0 0

#Transform 171
Transform: AffineTransform_float_3_3
Parameters: 0.999992 0.00349375 -0.00206945 -0.00351155 0.999956 -0.00871795 0.00203905 0.00872545 0.99996 0.0934695 0.132495 0.335312
FixedParameters: 0 0 0

#Transform 172
Transform: AffineTransform_float_3_3
Parameters: 0.999992 0.00347239 -0.00201626 -0.00348895 0.999959 -0.00836009 0.00198738 0.00836722 0.999963 0.0935298 0.106346 0.383711
FixedParameters: 0 0 0

#Transform 173
Transform: AffineTransform_float_3_3
Parameters: 0.999991 0.00350199 -0.00236984 -0.00352429 0.999951 -0.00919265 0.00233727 0.00920024 0.999955 0.1035 0.119746 0.314128
FixedParameters: 0 0 0

#Transform 174
Transform: AffineTransform_float_3_3
Parameters: 0.999992 0.00349731 -0.00208004 -0.00351563 0.999955 -0.00878072 0.00204914 0.00878731 0.999959 0.08863 0.148595 0.385356
FixedParameters: 0 0 0

#Transform 175
Transform: AffineTransform_float_3_3
Parameters: 0.999992 0.00359943 -0.00219227 -0.00361888 0.999952 -0.00907378 0.00215857 0.00908144 0.999956 0.0981564 0.189617 0.35777
FixedParameters: 0 0 0

#Transform 176
Transform: AffineTransform_float_3_3
Parameters: 0.999991 0.00327848 -0.00244112 -0.00330027 0.999955 -0.00899746 0.00241175 0.00900541 0.999957 0.120367 0.0898484 0.376569
FixedParameters: 0 0 0

#Transform 177
Transform: AffineTransform_float_3_3
Parameters: 0.999993 0.00306159 -0.00245224 -0.00308346 0.999955 -0.0089205 0.00242414 0.00892766 0.999957 0.129509 0.137102 0.317054
FixedParameters: 0 0 0

#Transform 178
Transform: AffineTransform_float_3_3
Parameters: 0.999993 0.00303814 -0.00244929 -0.0030594 0.999958 -0.00859139 0.00242326 0.0085985 0.99996 0.117396 0.098089 0.380259
FixedParameters: 0 0 0

#Transform 179
Transform: AffineTransform_float_3_3
Parameters: 0.99999 0.00356782 -0.00249472 -0.00358812 0.999957 -0.00850872 0.00246389 0.00851844 0.999961 0.111596 0.194881 0.399785
FixedParameters: 0 0 0

#Transform 180
Transform: AffineTransform_float_3_3
Parameters: 0.999991 0.00327531 -0.00247024 -0.00329666 0.999956 -0.00876572 0.00244118 0.00877303 0.999959 0.117953 0.0902115 0.332951
FixedParameters: 0 0 0

#Transform 181
Transform: AffineTransform_float_3_3
Parameters: 0.99999 0.00368659 -0.00239131 -0.00370709 0.999955 -0.00873536 0.00235914 0.00874381 0.999959 0.0942952 0.141973 0.412747
FixedParameters: 0 0 0

#Transform 182
Transform: AffineTransform_float_3_3
Parameters: 0.999991 0.00347044 -0.0024883 -0.00349253 0.999952 -0.00910677 0.0024566 0.0091149 0.999955 0.1271 0.119052 0.337457
FixedParameters: 0 0 0

#Transform 183
Transform: AffineTransform_float_3_3
Parameters: 0.999989 0.00390484 -0.00252469 -0.00392661 0.999954 -0.00873958 0.00249041 0.00874887 0.999959 0.0942524 0.120361 0.400003
FixedParameters: 0 0 0

#Transform 184
Transform: AffineTransform_float_3_3
Parameters: 0.999991 0.0036149 -0.00231001 -0.00363545 0.999952 -0.00908044 0.00227702 0.00908909 0.999956 0.0978317 0.115561 0.314792
FixedParameters: 0 0 0

#Transform 185
Transform: AffineTransform_float_3_3
Parameters: 0.999993 0.00309858 -0.00200149 -0.00311587 0.999956 -0.0088236 0.00197452 0.00882925 0.999959 0.087666 0.0984438 0.325012
FixedParameters: 0 0 0

#Transform 186
Transform: AffineTransform_float_3_3
Parameters: 0.999991 0.00345878 -0.0023533 -0.00348018 0.999951 -0.00929846 0.00232101 0.00930664 0.999954 0.098265 0.0649661 0.289766
FixedParameters: 0 0 0

#Transform 187
Transform: AffineTransform_float_3_3
Parameters: 0.999991 0.00390079 -0.00191045 -0.00391693 0.999956 -0.00856251 0.00187783 0.00857022 0.999961 0.0848597 0.15029 0.406916
FixedParameters: 0 0 0

#Transform 188
Transform: AffineTransform_float_3_3
Parameters: 0.99999 0.00383046 -0.00217812 -0.00384921 0.999954 -0.00878575 0.00214519 0.0087942 0.999959 0.101942 0.158142 0.346156
FixedParameters: 0 0 0

#Transform 189
Transform: AffineTransform_float_3_3
Parameters: 0.999993 0.003376 -0.00186087 -0.00339131 0.999961 -0.00815219 0.00183376 0.00815804 0.999965 0.0800586 0.122916 0.342147
FixedParameters: 0 0 0

#Transform 190
Transform: AffineTransform_float_3_3
