#Insight Transform File V1.0
#Transform 0
Transform: AffineTransform_float_3_3
Parameters: 1 -1.14058e-06 -0.00010809 1.16662e-06 1 0.000120446 0.00010809 -0.000120446 1 0.000973437 -0.0141661 0.0168376
FixedParameters: 0 0 0

#Transform 1
Transform: AffineTransform_float_3_3
Parameters: 1 1.01395e-05 -0.000378076 -1.07981e-05 0.999999 -0.000871068 0.000378058 0.000871076 0.999999 0.00595349 0.0638004 -0.106661
FixedParameters: 0 0 0

#Transform 2
Transform: AffineTransform_float_3_3
Parameters: 1 0.000204314 0.000440401 -0.000204005 1 -0.000352296 -0.000439545 0.00035215 1 -0.0236152 -0.0635895 -0.249457
FixedParameters: 0 0 0

#Transform 3
Transform: AffineTransform_float_3_3
Parameters: 1 1.14238e-05 3.42569e-05 -1.14205e-05 1 -0.00102336 -3.42579e-05 0.00102336 1 -0.0226169 0.0723828 -0.251583
FixedParameters: 0 0 0

#Transform 4
Transform: AffineTransform_float_3_3
Parameters: 0.999999 -0.000708039 0.000970301 0.000704284 0.999992 0.00377268 -0.000972432 -0.00377225 0.999993 -0.0246581 0.0525836 -0.0720085
FixedParameters: 0 0 0

#Transform 5
Transform: AffineTransform_float_3_3
Parameters: 0.999999 -0.00124759 0.00129743 0.00124694 0.999999 0.000651537 -0.001299 -0.000650309 0.999999 -0.0121257 0.221895 -0.302148
FixedParameters: 0 0 0

#Transform 6
Transform: AffineTransform_float_3_3
Parameters: 0.999999 -0.00124659 0.00135762 0.00124611 0.999999 0.000560574 -0.00135797 -0.000559167 0.999999 0.00194597 0.0528847 -0.347305
FixedParameters: 0 0 0

#Transform 7
Transform: AffineTransform_float_3_3
Parameters: 1 -9.63699e-05 0.000325647 9.63831e-05 1 -2.01619e-05 -0.000325643 2.02247e-05 1 0.00807087 0.0868031 -0.316758
FixedParameters: 0 0 0

#Transform 8
Transform: AffineTransform_float_3_3
Parameters: 0.999999 -7.77122e-05 0.00137735 7.8737e-05 1 -0.00109636 -0.00137716 0.0010966 0.999999 0.0110961 -0.0983162 -0.353292
FixedParameters: 0 0 0

#Transform 9
Transform: AffineTransform_float_3_3
Parameters: 1 -0.000571433 0.000369943 0.000571283 0.999999 -0.00123457 -0.000369512 0.00123497 0.999999 0.0160671 0.0483044 -0.249762
FixedParameters: 0 0 0

#Transform 10
Transform: AffineTransform_float_3_3
Parameters: 1 -0.000243888 0.000156881 0.000244546 0.999995 -0.00294829 -0.000156351 0.00294834 0.999995 0.0137214 -0.0244341 -0.143092
FixedParameters: 0 0 0

#Transform 11
Transform: AffineTransform_float_3_3
Parameters: 1 -1.39374e-05 0.000197655 1.50789e-05 0.999986 -0.00524481 -0.00019819 0.0052448 0.999986 0.012444 0.0818349 -0.0506988
FixedParameters: 0 0 0

#Transform 12
Transform: AffineTransform_float_3_3
Parameters: 1 6.46532e-06 -0.000554334 -1.05359e-05 0.999972 -0.0074391 0.000554847 0.00743906 0.999972 0.0265067 0.0515732 -0.0122703
FixedParameters: 0 0 0

#Transform 13
Transform: AffineTransform_float_3_3
Parameters: 0.999999 -3.00561e-06 -0.000615786 -1.48422e-06 0.999978 -0.00655972 0.000615301 0.00655964 0.999979 0.0245926 0.073556 -0.116726
FixedParameters: 0 0 0

#Transform 14
Transform: AffineTransform_float_3_3
Parameters: 1 -1.38816e-05 -0.00112483 7.05337e-06 0.999984 -0.00570035 0.0011243 0.00570122 0.999983 0.019361 -0.0137157 -0.0673333
FixedParameters: 0 0 0

#Transform 15
Transform: AffineTransform_float_3_3
Parameters: 0.999999 -1.5595e-05 -0.00113056 9.15475e-06 0.999985 -0.00552946 0.00113002 0.00553032 0.999984 0.0171146 0.0532151 -0.0677568
FixedParameters: 0 0 0

#Transform 16
Transform: AffineTransform_float_3_3
Parameters: 1 -2.58534e-05 -0.00061506 2.27996e-05 0.999991 -0.00437061 0.000615504 0.00437055 0.999991 0.0202311 -0.0959336 -0.0891429
FixedParameters: 0 0 0

#Transform 17
Transform: AffineTransform_float_3_3
Parameters: 1 -2.0055e-05 -0.000498612 1.73672e-05 0.999988 -0.00488996 0.00049907 0.00488992 0.999988 0.0345246 0.0491985 -0.0518719
FixedParameters: 0 0 0

#Transform 18
Transform: AffineTransform_float_3_3
Parameters: 1 -0.000216968 -0.000264034 0.000215721 0.999989 -0.00473929 0.000265336 0.00473913 0.999988 0.041835 -0.0248561 -0.102937
FixedParameters: 0 0 0

#Transform 19
Transform: AffineTransform_float_3_3
Parameters: 0.999999 -0.000365593 -0.000512042 0.00036334 0.99999 -0.00446623 0.00051353 0.00446576 0.99999 0.0442721 -0.0239411 -0.140292
FixedParameters: 0 0 0

#Transform 20
Transform: AffineTransform_float_3_3
Parameters: 1 -0.000452713 -2.29346e-05 0.000452904 0.99999 -0.00433759 2.50678e-05 0.0043375 0.99999 0.0409036 0.0156324 -0.156213
FixedParameters: 0 0 0

#Transform 21
Transform: AffineTransform_float_3_3
Parameters: 1 -0.000461668 -5.02319e-05 0.00046091 0.999993 -0.0035331 5.1627e-05 0.00353299 0.999994 0.0417641 0.0115632 -0.0914176
FixedParameters: 0 0 0

#Transform 22
Transform: AffineTransform_float_3_3
Parameters: 1 -0.000450949 5.29445e-05 0.000450747 0.99999 -0.00448009 -5.06801e-05 0.00448008 0.99999 0.0421092 -0.00653733 -0.0985644
FixedParameters: 0 0 0

#Transform 23
Transform: AffineTransform_float_3_3
Parameters: 0.999999 -0.000675394 -3.00158e-06 0.000675545 0.999987 -0.00490681 6.90313e-06 0.0049067 0.999988 0.0498389 0.0423344 -0.126024
FixedParameters: 0 0 0

#Transform 24
Transform: AffineTransform_float_3_3
Parameters: 0.999999 -0.000657809 0.000617429 0.000661034 0.999981 -0.0060812 -0.000612989 0.00608192 0.999982 0.0603691 -0.03891 -0.154204
FixedParameters: 0 0 0

#Transform 25
Transform: AffineTransform_float_3_3
Parameters: 1 0.000790104 0.000994104 -0.000783513 0.999979 -0.00651261 -0.000998934 0.00651227 0.999979 0.0423762 -0.0806202 -0.195186
FixedParameters: 0 0 0

#Transform 26
Transform: AffineTransform_float_3_3
Parameters: 0.999997 0.00194106 0.00154524 -0.00192901 0.999971 -0.00733175 -0.00156015 0.0073283 0.999972 -0.00497102 -0.13687 -0.126858
FixedParameters: 0 0 0

#Transform 27
Transform: AffineTransform_float_3_3
Parameters: 0.999995 0.00212729 0.00251633 -0.00210791 0.999968 -0.00776372 -0.00253277 0.00775778 0.999966 -0.0168869 -0.0775837 -0.149426
FixedParameters: 0 0 0

#Transform 28
Transform: AffineTransform_float_3_3
Parameters: 0.999996 0.00192477 0.0022772 -0.00190917 0.999975 -0.00677752 -0.00229086 0.00677332 0.999975 -0.00436104 -0.127791 -0.1861
FixedParameters: 0 0 0

#Transform 29
Transform: AffineTransform_float_3_3
Parameters: 0.999996 0.00193471 0.00230055 -0.00191677 0.99997 -0.00751811 -0.00231508 0.00751387 0.999969 -0.00607639 -0.156266 -0.384396
FixedParameters: 0 0 0

#Transform 30
Transform: AffineTransform_float_3_3
Parameters: 0.999994 0.00177194 0.00271323 -0.00174953 0.999965 -0.00816586 -0.00272743 0.00816099 0.999963 0.00500011 -0.121881 -0.520517
FixedParameters: 0 0 0

#Transform 31
Transform: AffineTransform_float_3_3
Parameters: 0.999996 0.00152307 0.00254029 -0.00149971 0.999958 -0.00899804 -0.00255379 0.00899501 0.999956 0.0122383 -0.139442 -0.545889
FixedParameters: 0 0 0

#Transform 32
Transform: AffineTransform_float_3_3
Parameters: 0.999996 0.00134548 0.00210275 -0.0013313 0.999974 -0.00705554 -0.00211222 0.00705337 0.999973 0.0189378 -0.0730383 -0.165045
FixedParameters: 0 0 0

#Transform 33
Transform: AffineTransform_float_3_3
Parameters: 1 3.63902e-05 0.00115726 -2.83531e-05 0.999981 -0.00614775 -0.00115724 0.00614774 0.999981 0.0642925 -0.0915305 -0.150683
FixedParameters: 0 0 0

#Transform 34
Transform: AffineTransform_float_3_3
Parameters: 0.999999 0.00112676 0.00122201 -0.00111571 0.999965 -0.00827978 -0.00123088 0.00827844 0.999965 0.0649874 -0.0967946 -0.266772
FixedParameters: 0 0 0

#Transform 35
Transform: AffineTransform_float_3_3
Parameters: 0.999999 0.000491863 0.00142953 -0.000484807 0.999986 -0.00520655 -0.00143236 0.0052063 0.999986 0.0774839 -0.0960575 -0.145695
FixedParameters: 0 0 0

#Transform 36
Transform: AffineTransform_float_3_3
Parameters: 0.999999 6.6103e-05 0.00111841 -5.97995e-05 0.999988 -0.00499002 -0.00111876 0.00498994 0.999987 0.0836133 0.0467878 -0.197142
FixedParameters: 0 0 0

#Transform 37
Transform: AffineTransform_float_3_3
Parameters: 0.999999 0.000253647 0.00157968 -0.000243288 0.99998 -0.00617952 -0.00158138 0.00617986 0.999979 0.0790912 0.157613 -0.176226
FixedParameters: 0 0 0

#Transform 38
Transform: AffineTransform_float_3_3
Parameters: 0.999998 0.000269127 0.00169299 -0.000255903 0.999972 -0.00736134 -0.00169525 0.00736061 0.999972 0.0823706 -0.0179281 -0.369719
FixedParameters: 0 0 0

#Transform 39
Transform: AffineTransform_float_3_3
Parameters: 0.999999 0.000467562 0.00142463 -0.000455509 0.999963 -0.00856599 -0.00142873 0.00856491 0.999963 0.104535 -0.180029 -0.959373
FixedParameters: 0 0 0

#Transform 40
Transform: AffineTransform_float_3_3
Parameters: 1 0.000481074 -0.000269743 -0.000482699 0.99998 -0.0062253 0.000267173 0.00622564 0.99998 0.0584881 -0.12967 -0.47273
FixedParameters: 0 0 0

#Transform 41
Transform: AffineTransform_float_3_3
Parameters: 1 0.000247779 0.000205392 -0.000246504 0.999981 -0.00619322 -0.000206031 0.0061932 0.999981 0.0916635 -0.00581276 -0.147775
FixedParameters: 0 0 0

#Transform 42
Transform: AffineTransform_float_3_3
Parameters: 1 0.000253233 -0.0004764 -0.000256501 0.999975 -0.00699329 0.000474405 0.00699353 0.999976 0.0897293 0.0300602 -0.025948
FixedParameters: 0 0 0

#Transform 43
Transform: AffineTransform_float_3_3
Parameters: 1 -0.000245208 -0.000827085 0.000240671 0.999983 -0.00575324 0.000828254 0.00575271 0.999983 0.0622443 0.214006 -0.0720508
FixedParameters: 0 0 0

#Transform 44
Transform: AffineTransform_float_3_3
Parameters: 0.999992 -0.00082695 -0.00397946 0.000818324 0.999997 -0.00215104 0.00398194 0.00214733 0.99999 0.0938377 0.0209734 -0.0789151
FixedParameters: 0 0 0

#Transform 45
Transform: AffineTransform_float_3_3
Parameters: 0.999996 -0.000831491 -0.0023556 0.000823851 0.999995 -0.00308104 0.00235776 0.00307895 0.999993 0.0848256 0.147357 -0.0895659
FixedParameters: 0 0 0

#Transform 46
Transform: AffineTransform_float_3_3
Parameters: 0.999996 -0.000803046 -0.00238908 0.00079807 0.999997 -0.00210517 0.00239044 0.00210321 0.999995 0.0877879 0.0516952 -0.136162
FixedParameters: 0 0 0

#Transform 47
Transform: AffineTransform_float_3_3
Parameters: 0.999995 -0.00168357 -0.00239912 0.00167894 0.999997 -0.00182431 0.00240212 0.00182109 0.999996 0.105735 0.140837 -0.359133
FixedParameters: 0 0 0

#Transform 48
Transform: AffineTransform_float_3_3
Parameters: 0.999991 -0.00264455 -0.0034139 0.00264937 0.999996 0.00138024 0.00341021 -0.00138913 0.999993 0.124465 -0.00410822 -0.471154
FixedParameters: 0 0 0

#Transform 49
Transform: AffineTransform_float_3_3
Parameters: 0.999983 -0.0028847 -0.00504426 0.00289606 0.999993 0.00243726 0.00503762 -0.00245202 0.999985 0.112759 0.18054 -0.451972
FixedParameters: 0 0 0

#Transform 50
Transform: AffineTransform_float_3_3
Parameters: 0.999983 -0.00313309 -0.00479677 0.00313469 0.999995 0.000480907 0.00479511 -0.000495899 0.999989 0.105139 0.347423 -0.429985
FixedParameters: 0 0 0

#Transform 51
Transform: AffineTransform_float_3_3
Parameters: 0.999983 -0.00290863 -0.00523845 0.00292078 0.999993 0.00240778 0.00523181 -0.00242293 0.999984 0.116922 0.107456 -0.538026
FixedParameters: 0 0 0

#Transform 52
Transform: AffineTransform_float_3_3
Parameters: 0.999984 -0.00264899 -0.00480129 0.00266228 0.999993 0.00277906 0.00479307 -0.00279219 0.999984 0.113039 0.144994 -0.472477
FixedParameters: 0 0 0

#Transform 53
Transform: AffineTransform_float_3_3
Parameters: 0.999977 -0.00266263 -0.00626261 0.00269046 0.999987 0.00447721 0.00625016 -0.00449405 0.999971 0.0981902 0.167781 -0.330012
FixedParameters: 0 0 0

#Transform 54
Transform: AffineTransform_float_3_3
Parameters: 0.999999 -0.000537759 0.000516064 0.000533567 0.99997 0.00781354 -0.000520731 -0.00781293 0.99997 0.0687889 0.193828 -0.464927
FixedParameters: 0 0 0

#Transform 55
Transform: AffineTransform_float_3_3
Parameters: 0.999998 0.000330135 0.00200818 -0.000346358 0.999966 0.00825121 -0.00200584 -0.0082519 0.999964 0.0447786 0.282304 -0.557414
FixedParameters: 0 0 0

#Transform 56
Transform: AffineTransform_float_3_3
Parameters: 0.999998 -6.06202e-05 0.00174624 4.73854e-05 0.999969 0.0078237 -0.00174637 -0.00782367 0.999968 0.0769688 0.226106 -0.581649
FixedParameters: 0 0 0

#Transform 57
Transform: AffineTransform_float_3_3
Parameters: 0.999998 0.000334856 0.00167352 -0.000355543 0.999923 0.0124537 -0.00166916 -0.0124543 0.999921 0.0533683 0.304256 -0.603766
FixedParameters: 0 0 0

#Transform 58
Transform: AffineTransform_float_3_3
Parameters: 1 -0.000436549 0.000767125 0.000426824 0.999915 0.0130324 -0.000772467 -0.0130317 0.999915 0.0627778 0.348876 -0.624118
FixedParameters: 0 0 0

#Transform 59
Transform: AffineTransform_float_3_3
Parameters: 1 -3.9052e-05 -0.000475407 4.25253e-05 0.999968 0.00807867 0.000474479 -0.0080787 0.999968 0.0726657 0.378179 -0.472635
FixedParameters: 0 0 0

#Transform 60
Transform: AffineTransform_float_3_3
Parameters: 0.999999 -0.000448009 -0.000867774 0.000453018 0.999983 0.00588733 0.000865857 -0.00588795 0.999983 0.0663757 0.0721335 -0.464531
FixedParameters: 0 0 0

#Transform 61
Transform: AffineTransform_float_3_3
Parameters: 1 -0.000304381 -0.000408622 0.000308195 0.99995 0.00993707 0.000405623 -0.0099372 0.99995 0.0573105 0.263649 -0.525347
FixedParameters: 0 0 0

#Transform 62
Transform: AffineTransform_float_3_3
Parameters: 0.999996 0.0014516 0.00248418 -0.00148865 0.999889 0.0147851 -0.00246238 -0.0147886 0.999887 0.0660783 0.109853 -0.619847
FixedParameters: 0 0 0

#Transform 63
Transform: AffineTransform_float_3_3
Parameters: 1 -0.000472087 0.000114587 0.000470404 0.99994 0.0110056 -0.000120591 -0.0110054 0.99994 0.0243207 0.319881 -0.467611
FixedParameters: 0 0 0

#Transform 64
Transform: AffineTransform_float_3_3
Parameters: 0.999999 -0.000508613 -0.001568 0.000524194 0.999952 0.00982333 0.00156287 -0.00982364 0.999951 0.0333358 0.183828 -0.508958
FixedParameters: 0 0 0

#Transform 65
Transform: AffineTransform_float_3_3
Parameters: 0.999998 -0.000944075 -0.00144369 0.000957851 0.999957 0.00922581 0.00143504 -0.00922714 0.999957 0.00019567 0.20363 -0.893951
FixedParameters: 0 0 0

#Transform 66
Transform: AffineTransform_float_3_3
Parameters: 0.999994 -0.001943 -0.00266599 0.00197124 0.999943 0.0105001 0.00264489 -0.0105056 0.999941 0.0177274 0.123936 -1.20141
FixedParameters: 0 0 0

#Transform 67
Transform: AffineTransform_float_3_3
Parameters: 0.999998 -0.000937035 0.00112518 0.000924684 0.999934 0.0114717 -0.00113599 -0.0114705 0.999934 0.0156704 0.2784 -1.11311
FixedParameters: 0 0 0

#Transform 68
Transform: AffineTransform_float_3_3
Parameters: 0.999997 0.000577647 0.00200067 -0.000609538 0.999873 0.0159317 -0.0019919 -0.0159329 0.999871 0.00975667 -0.00563095 -1.42123
FixedParameters: 0 0 0

#Transform 69
Transform: AffineTransform_float_3_3
Parameters: 0.999999 0.000544651 0.00162162 -0.000570148 0.999882 0.0153867 -0.00161283 -0.0153871 0.999881 -0.0278509 0.383783 -1.40849
FixedParameters: 0 0 0

#Transform 70
Transform: AffineTransform_float_3_3
Parameters: 0.999996 0.000292995 0.00269896 -0.000245735 0.999852 -0.0172258 -0.00270399 0.0172249 0.999848 -0.0116683 -0.242413 -1.27722
FixedParameters: 0 0 0

#Transform 71
Transform: AffineTransform_float_3_3
Parameters: 0.999999 4.13841e-05 0.00165791 -3.39387e-05 0.999988 -0.00487416 -0.00165803 0.00487413 0.999986 -0.0242826 0.148199 -1.39419
FixedParameters: 0 0 0

#Transform 72
Transform: AffineTransform_float_3_3
Parameters: 1 -0.000122211 0.000726198 0.000125169 0.999989 -0.00455783 -0.000725832 0.00455802 0.99999 -0.0149916 0.0344449 -1.3664
FixedParameters: 0 0 0

#Transform 73
Transform: AffineTransform_float_3_3
Parameters: 0.999988 0.00228794 0.00437633 -0.00232468 0.999962 0.00849046 -0.00435671 -0.00850072 0.999954 -0.00954254 0.0449758 -1.55838
FixedParameters: 0 0 0

#Transform 74
Transform: AffineTransform_float_3_3
Parameters: 0.999999 0.000655806 -0.000412956 -0.000655187 1 0.000829267 0.000413044 -0.000828755 0.999999 -8.42944e-05 -0.0489529 -1.02209
FixedParameters: 0 0 0

#Transform 75
Transform: AffineTransform_float_3_3
Parameters: 1 0.0004574 0.000238255 -0.000458498 0.999993 0.00357713 -0.000235842 -0.00357739 0.999993 -0.0138158 0.187353 -1.19241
FixedParameters: 0 0 0

#Transform 76
Transform: AffineTransform_float_3_3
Parameters: 0.999993 -0.000129231 0.00380512 6.42477e-05 0.999856 0.0169548 -0.0038071 -0.0169538 0.999849 0.02302 0.220947 -1.14885
FixedParameters: 0 0 0

#Transform 77
Transform: AffineTransform_float_3_3
Parameters: 1 0.000334891 0.000288165 -0.00034092 0.999764 0.0217074 -0.000281221 -0.0217072 0.999765 -0.0400216 0.380776 -1.25383
FixedParameters: 0 0 0

#Transform 78
Transform: AffineTransform_float_3_3
Parameters: 1 -0.000191033 -0.000519985 0.000201087 0.999784 0.0208064 0.000516671 -0.0208065 0.999784 -0.0333448 0.125981 -1.30499
FixedParameters: 0 0 0

#Transform 79
Transform: AffineTransform_float_3_3
Parameters: 0.999998 0.000816675 0.00206025 -0.000825544 0.99999 0.00446999 -0.00205675 -0.00447162 0.999988 0.00320499 -0.00208694 -1.28561
FixedParameters: 0 0 0

#Transform 80
Transform: AffineTransform_float_3_3
Parameters: 0.999998 0.000134218 0.00195847 -0.000101884 0.999866 -0.0164084 -0.00196037 0.0164083 0.999864 -0.0341554 -0.0460591 -1.31063
FixedParameters: 0 0 0

#Transform 81
Transform: AffineTransform_float_3_3
Parameters: 0.999992 -0.00223741 -0.0034862 0.00238443 0.999092 0.0425519 0.00338827 -0.0425595 0.999088 0.0469164 0.32407 -1.15729
FixedParameters: 0 0 0

#Transform 82
Transform: AffineTransform_float_3_3
Parameters: 0.999999 -0.000214314 0.00129111 0.000205498 0.999977 0.00673029 -0.00129242 -0.00672982 0.999976 0.00187739 0.15934 -1.07598
FixedParameters: 0 0 0

#Transform 83
Transform: AffineTransform_float_3_3
Parameters: 0.999999 -0.000479264 0.00120662 0.000444675 0.999591 0.0285796 -0.0012198 -0.0285788 0.99959 -0.0138012 0.420105 -1.26846
FixedParameters: 0 0 0

#Transform 84
Transform: AffineTransform_float_3_3
Parameters: 0.999999 -0.000566696 -0.000377664 0.000579102 0.999448 0.033242 0.000357985 -0.033243 0.999447 -0.0260318 0.646448 -1.37176
FixedParameters: 0 0 0

#Transform 85
Transform: AffineTransform_float_3_3
Parameters: 1 -0.00087408 0.000170398 0.000867326 0.99939 0.0349136 -0.000200499 -0.0349138 0.99939 -0.0433839 1.00466 -1.39643
FixedParameters: 0 0 0

#Transform 86
Transform: AffineTransform_float_3_3
Parameters: 0.999998 -0.00159365 0.00117708 0.00155335 0.999436 0.0335239 -0.00122985 -0.0335222 0.999437 -0.0186392 0.59637 -1.47333
FixedParameters: 0 0 0

#Transform 87
Transform: AffineTransform_float_3_3
Parameters: 0.999999 -0.0014021 0.00059879 0.00138087 0.999447 0.0332162 -0.000644807 -0.0332156 0.999448 -0.0198924 0.467723 -1.34741
FixedParameters: 0 0 0

#Transform 88
Transform: AffineTransform_float_3_3
Parameters: 0.999998 -0.00156424 0.000699905 0.00154059 0.999461 0.032791 -0.000750547 -0.0327907 0.999462 -0.0428416 0.34184 -1.31332
FixedParameters: 0 0 0

#Transform 89
Transform: AffineTransform_float_3_3
Parameters: 0.999997 -0.00152836 0.00156294 0.00147867 0.999511 0.0312355 -0.00160977 -0.031233 0.999511 -0.03103 0.464433 -1.37215
FixedParameters: 0 0 0

#Transform 90
Transform: AffineTransform_float_3_3
Parameters: 0.999997 -0.00086485 -0.00189408 0.000931028 0.999368 0.0355383 0.00186229 -0.0355403 0.999367 -0.120936 0.611732 -1.2154
FixedParameters: 0 0 0

#Transform 91
Transform: AffineTransform_float_3_3
Parameters: 1 -6.93584e-05 -0.000366302 7.19574e-05 0.999972 0.0074696 0.000365868 -0.00746962 0.999972 -0.0828822 0.322033 -0.999094
FixedParameters: 0 0 0

#Transform 92
Transform: AffineTransform_float_3_3
Parameters: 0.999999 -0.00081834 0.000233274 0.00081552 0.99996 0.00886161 -0.000239879 -0.008861 0.99996 -0.0810572 0.294678 -0.977277
FixedParameters: 0 0 0

#Transform 93
Transform: AffineTransform_float_3_3
Parameters: 0.999999 -0.00102698 -0.000628981 0.00103475 0.999902 0.01394 0.000614383 -0.0139408 0.999902 -0.0897874 0.388892 -1.09927
FixedParameters: 0 0 0

#Transform 94
Transform: AffineTransform_float_3_3
Parameters: 0.999999 -0.000754407 -0.000408527 0.00076086 0.999885 0.0151774 0.000397088 -0.0151776 0.999884 -0.0601859 0.293474 -1.22486
FixedParameters: 0 0 0

#Transform 95
Transform: AffineTransform_float_3_3
Parameters: 1 -0.000353295 -0.000114489 0.000355807 0.999863 0.0165506 0.000108824 -0.0165506 0.999863 -0.0648287 0.474912 -1.22932
FixedParameters: 0 0 0

#Transform 96
Transform: AffineTransform_float_3_3
Parameters: 0.999999 -0.000849302 -0.000444805 0.000856628 0.999869 0.0161918 0.00043113 -0.0161931 0.999868 -0.0590967 0.324316 -1.24204
FixedParameters: 0 0 0

#Transform 97
Transform: AffineTransform_float_3_3
Parameters: 0.999999 -0.000827515 -0.000570854 0.000836923 0.999874 0.0158795 0.000557222 -0.01588 0.999873 -0.0422382 0.20588 -1.27002
FixedParameters: 0 0 0

#Transform 98
Transform: AffineTransform_float_3_3
Parameters: 1 0.000714919 0.00084331 -0.000716847 0.999999 0.00170361 -0.000841879 -0.00170386 0.999998 -0.0464496 0.12004 -0.917457
FixedParameters: 0 0 0

#Transform 99
Transform: AffineTransform_float_3_3
Parameters: 0.999999 0.000885194 0.00121254 -0.000892588 0.99998 0.00627707 -0.00120699 -0.00627851 0.999979 -0.084096 0.329698 -0.793193
FixedParameters: 0 0 0

#Transform 100
Transform: AffineTransform_float_3_3
Parameters: 0.999998 0.0018922 -4.02619e-05 -0.00189151 0.999895 0.0143799 6.69308e-05 -0.0143796 0.999897 0.0743182 0.260489 -1.36784
FixedParameters: 0 0 0

#Transform 101
Transform: AffineTransform_float_3_3
Parameters: 1 0.000784461 0.00048104 -0.000790498 0.999922 0.0124929 -0.000470644 -0.0124931 0.999922 0.02789 0.278206 -1.24325
FixedParameters: 0 0 0

#Transform 102
Transform: AffineTransform_float_3_3
Parameters: 1 0.00052541 0.000864544 -0.000535165 0.999936 0.0113311 -0.000858079 -0.0113324 0.999935 0.0227339 0.201424 -1.24229
FixedParameters: 0 0 0

#Transform 103
Transform: AffineTransform_float_3_3
Parameters: 0.999999 0.00101608 0.000796986 -0.00102378 0.999951 0.00981793 -0.000786906 -0.00981901 0.999951 0.00222779 0.170491 -1.09338
FixedParameters: 0 0 0

#Transform 104
Transform: AffineTransform_float_3_3
Parameters: 1 0.000355404 -6.32271e-05 -0.000355358 0.999971 0.0075975 6.62784e-05 -0.00759755 0.999971 0.00674328 0.140501 -1.06029
FixedParameters: 0 0 0

#Transform 105
Transform: AffineTransform_float_3_3
Parameters: 0.999999 -0.000443413 0.00113947 0.000432678 0.999954 0.00952872 -0.00114378 -0.00952774 0.999954 0.013764 0.273028 -1.19216
FixedParameters: 0 0 0

#Transform 106
Transform: AffineTransform_float_3_3
Parameters: 0.999998 9.77015e-05 0.00210813 -0.000105889 0.999994 0.0035506 -0.00210826 -0.00355115 0.999992 0.000904682 0.185423 -1.16576
FixedParameters: 0 0 0

#Transform 107
Transform: AffineTransform_float_3_3
Parameters: 0.999999 0.000130744 0.00116196 -0.000137448 0.999983 0.00586179 -0.00116099 -0.00586221 0.999982 -0.00831158 0.202294 -1.13321
FixedParameters: 0 0 0

#Transform 108
Transform: AffineTransform_float_3_3
Parameters: 0.999997 0.000267644 0.0022985 -0.000285855 0.99997 0.00771296 -0.00229656 -0.00771353 0.999967 -0.0240676 0.229301 -1.01661
FixedParameters: 0 0 0

#Transform 109
Transform: AffineTransform_float_3_3
Parameters: 0.999999 -0.000436589 0.0013422 0.000426375 0.999973 0.00726222 -0.00134486 -0.00726107 0.999972 -0.0503214 0.152957 -1.18945
FixedParameters: 0 0 0

#Transform 110
Transform: AffineTransform_float_3_3
Parameters: 1 0.000179961 -0.000728873 -0.000175356 0.999982 0.00607649 0.000730448 -0.00607622 0.999982 -0.0110949 0.141095 -0.919595
FixedParameters: 0 0 0

#Transform 111
Transform: AffineTransform_float_3_3
Parameters: 1 0.00020921 -0.000186414 -0.000208223 0.999979 0.00656217 0.000187646 -0.00656214 0.999979 -0.0130051 0.138918 -0.966021
FixedParameters: 0 0 0

#Transform 112
Transform: AffineTransform_float_3_3
Parameters: 1 5.45158e-05 -0.000520612 -5.09748e-05 0.999977 0.00679142 0.000520837 -0.00679136 0.999977 -0.0357717 0.112171 -0.925699
FixedParameters: 0 0 0

#Transform 113
Transform: AffineTransform_float_3_3
Parameters: 1 0.000552022 2.22684e-05 -0.000552175 0.999987 0.00520403 -2.02267e-05 -0.00520418 0.999986 -0.00974505 0.091277 -0.922155
FixedParameters: 0 0 0

#Transform 114
Transform: AffineTransform_float_3_3
Parameters: 1 0.000340074 4.28875e-05 -0.000340328 0.999974 0.00710654 -4.05212e-05 -0.00710567 0.999975 -0.0156943 0.0842324 -0.960167
FixedParameters: 0 0 0

#Transform 115
Transform: AffineTransform_float_3_3
Parameters: 1 -0.000385359 -0.000151118 0.000386715 0.999972 0.00746632 0.000147978 -0.00746636 0.999972 -0.0363928 0.159459 -0.942037
FixedParameters: 0 0 0

#Transform 116
Transform: AffineTransform_float_3_3
Parameters: 1 -0.000408841 0.000129205 0.000407285 0.999964 0.00840314 -0.000133277 -0.00840298 0.999964 -0.0285289 0.196958 -0.948659
FixedParameters: 0 0 0

#Transform 117
Transform: AffineTransform_float_3_3
Parameters: 0.999999 -0.000815377 -0.000152145 0.000815694 0.999973 0.00737448 0.000145714 -0.00737453 0.999973 -0.0301898 0.284438 -0.741966
FixedParameters: 0 0 0

#Transform 118
Transform: AffineTransform_float_3_3
Parameters: 0.999999 -0.000951718 -0.000564533 0.000956297 0.99997 0.00766096 0.000556573 -0.00766179 0.999971 -0.0151914 0.187951 -0.761868
FixedParameters: 0 0 0

#Transform 119
Transform: AffineTransform_float_3_3
Parameters: 0.999997 -0.00163575 -0.00164512 0.00164758 0.999973 0.00717788 0.001633 -0.00718076 0.999973 0.0145928 0.165261 -0.795259
FixedParameters: 0 0 0

#Transform 120
Transform: AffineTransform_float_3_3
Parameters: 0.999999 -0.00147294 -0.000715154 0.00147792 0.999977 0.00669509 0.000705837 -0.0066958 0.999978 -0.00140385 0.293415 -0.731825
FixedParameters: 0 0 0

#Transform 121
Transform: AffineTransform_float_3_3
Parameters: 0.999998 -0.00203138 -0.000700716 0.00203667 0.999972 0.00727651 0.000685616 -0.0072778 0.999973 0.0179857 0.17509 -0.735131
FixedParameters: 0 0 0

#Transform 122
Transform: AffineTransform_float_3_3
Parameters: 0.999997 -0.00218751 -0.000508093 0.00219468 0.999891 0.0146006 0.00047642 -0.0146017 0.999893 0.0257731 0.413013 -0.885062
FixedParameters: 0 0 0

#Transform 123
Transform: AffineTransform_float_3_3
Parameters: 0.999998 -0.0013204 0.0007879 0.00130964 0.999913 0.0131424 -0.000805485 -0.0131409 0.999913 0.00541017 0.41594 -0.82134
FixedParameters: 0 0 0

#Transform 124
Transform: AffineTransform_float_3_3
Parameters: 0.999998 -0.00207116 -4.52071e-06 0.0020713 0.999942 0.010522 -1.6838e-05 -0.0105223 0.999945 0.0306517 0.332181 -0.778279
FixedParameters: 0 0 0

#Transform 125
Transform: AffineTransform_float_3_3
Parameters: 0.999997 -0.00245639 -4.70868e-05 0.00245726 0.999909 0.0132523 1.48845e-05 -0.0132524 0.999912 0.0451375 0.419539 -0.58366
FixedParameters: 0 0 0

#Transform 126
Transform: AffineTransform_float_3_3
Parameters: 0.999997 -0.00244199 -4.08272e-05 0.0024422 0.999932 0.0114043 1.35271e-05 -0.0114045 0.999935 0.0470189 0.347313 -0.657795
FixedParameters: 0 0 0

#Transform 127
Transform: AffineTransform_float_3_3
Parameters: 0.999995 -0.00318322 -0.000544959 0.00318828 0.999948 0.00966861 0.000514253 -0.00967091 0.999953 0.0431641 0.375773 -0.689951
FixedParameters: 0 0 0

#Transform 128
Transform: AffineTransform_float_3_3
Parameters: 0.999995 -0.00313952 -0.000401956 0.00314189 0.999979 0.0057665 0.000383977 -0.00576832 0.999983 0.048968 0.261623 -0.536744
FixedParameters: 0 0 0

#Transform 129
Transform: AffineTransform_float_3_3
Parameters: 0.999994 -0.00312685 -0.000629182 0.00313358 0.999923 0.0119969 0.000591535 -0.0119984 0.999928 0.0373549 0.396757 -0.617841
FixedParameters: 0 0 0

#Transform 130
Transform: AffineTransform_float_3_3
Parameters: 0.999996 -0.00278355 -0.00102836 0.0027921 0.999956 0.00899916 0.0010039 -0.00900186 0.999959 0.0423044 0.309555 -0.774336
FixedParameters: 0 0 0

#Transform 131
Transform: AffineTransform_float_3_3
Parameters: 0.999995 -0.00280471 -0.00190762 0.00282681 0.999922 0.0121643 0.00187347 -0.0121695 0.999924 0.022217 0.340798 -0.76737
FixedParameters: 0 0 0

#Transform 132
Transform: AffineTransform_float_3_3
Parameters: 0.999995 -0.00290624 -0.00157927 0.00292219 0.999946 0.00996834 0.00155003 -0.00997335 0.999949 0.041906 0.218212 -0.729308
FixedParameters: 0 0 0

#Transform 133
Transform: AffineTransform_float_3_3
Parameters: 0.999997 -0.00250043 -0.000730511 0.00250867 0.999943 0.0103542 0.000704715 -0.0103558 0.999946 0.0262 0.258659 -0.575309
FixedParameters: 0 0 0

#Transform 134
Transform: AffineTransform_float_3_3
Parameters: 0.999994 -0.0033589 -0.000887402 0.00336808 0.999943 0.0101894 0.000853839 -0.010193 0.999948 0.0303572 0.317902 -0.6935
FixedParameters: 0 0 0

#Transform 135
Transform: AffineTransform_float_3_3
Parameters: 0.999991 -0.0039043 -0.00134514 0.00392185 0.9999 0.0135635 0.0012927 -0.0135688 0.999907 0.0381415 0.367383 -0.773229
FixedParameters: 0 0 0

#Transform 136
Transform: AffineTransform_float_3_3
Parameters: 0.999993 -0.00357289 -0.00091192 0.00358265 0.999931 0.0112418 0.000871643 -0.0112447 0.999936 0.0366589 0.367105 -0.846212
FixedParameters: 0 0 0

#Transform 137
Transform: AffineTransform_float_3_3
Parameters: 0.999996 -0.002858 -0.000768987 0.00286519 0.99994 0.0106289 0.000738259 -0.0106311 0.999943 0.020628 0.326575 -0.640275
FixedParameters: 0 0 0

#Transform 138
Transform: AffineTransform_float_3_3
Parameters: 0.999994 -0.00334134 -0.000776479 0.00334927 0.999943 0.0101997 0.000743223 -0.0102025 0.999948 0.0217308 0.332076 -0.67789
FixedParameters: 0 0 0

#Transform 139
Transform: AffineTransform_float_3_3
Parameters: 0.999994 -0.00334753 -0.000924262 0.00335686 0.999939 0.0105705 0.00088846 -0.0105743 0.999944 0.0227619 0.33782 -0.644388
FixedParameters: 0 0 0

#Transform 140
Transform: AffineTransform_float_3_3
Parameters: 0.999992 -0.00322425 -0.00237858 0.00324626 0.999952 0.00925257 0.00234828 -0.00926064 0.999954 0.0344378 0.25164 -0.750851
FixedParameters: 0 0 0

#Transform 141
Transform: AffineTransform_float_3_3
Parameters: 0.999993 -0.00281933 -0.00237424 0.00284134 0.999953 0.00926207 0.00234844 -0.00926932 0.999954 0.0500435 0.222543 -0.786428
FixedParameters: 0 0 0

#Transform 142
Transform: AffineTransform_float_3_3
Parameters: 0.999993 -0.00270241 -0.00238545 0.00272501 0.99995 0.00961046 0.00235901 -0.00961724 0.999951 0.0418649 0.310637 -0.755575
FixedParameters: 0 0 0

#Transform 143
Transform: AffineTransform_float_3_3
Parameters: 0.999993 -0.00285979 -0.00244674 0.00288315 0.999948 0.00973124 0.00241856 -0.00973804 0.99995 0.0454694 0.305274 -0.66206
FixedParameters: 0 0 0

#Transform 144
Transform: AffineTransform_float_3_3
Parameters: 0.999992 -0.00286594 -0.0025751 0.00288858 0.999958 0.00879783 0.00254898 -0.00880551 0.999958 0.0417974 0.319041 -0.689924
FixedParameters: 0 0 0

#Transform 145
Transform: AffineTransform_float_3_3
Parameters: 0.999992 -0.00250241 -0.00293265 0.00252809 0.999959 0.00872378 0.00291029 -0.0087315 0.999958 0.0531913 0.249545 -0.672512
FixedParameters: 0 0 0

#Transform 146
Transform: AffineTransform_float_3_3
Parameters: 0.999987 -0.00223008 -0.00449275 0.00227157 0.999954 0.00934224 0.00447221 -0.00935227 0.999946 0.0562117 0.23618 -0.641099
FixedParameters: 0 0 0

#Transform 147
Transform: AffineTransform_float_3_3
Parameters: 0.999989 -0.00218165 -0.00414079 0.00222107 0.999953 0.00942257 0.00411989 -0.00943168 0.999947 0.0466133 0.328259 -0.684055
FixedParameters: 0 0 0

#Transform 148
Transform: AffineTransform_float_3_3
Parameters: 0.999988 -0.00274569 -0.0040009 0.00279016 0.999934 0.0111825 0.00396986 -0.011193 0.99993 0.0591859 0.30094 -0.693377
FixedParameters: 0 0 0

#Transform 149
Transform: AffineTransform_float_3_3
Parameters: 0.999987 -0.00279466 -0.00414175 0.00284884 0.999909 0.013149 0.00410491 -0.0131605 0.999905 0.0453643 0.328892 -0.563472
FixedParameters: 0 0 0

#Transform 150
Transform: AffineTransform_float_3_3
Parameters: 0.999989 -0.0029647 -0.00356086 0.00300239 0.99994 0.0105859 0.00352942 -0.0105956 0.999938 0.0495519 0.325231 -0.619159
FixedParameters: 0 0 0

#Transform 151
Transform: AffineTransform_float_3_3
Parameters: 0.999988 -0.00343509 -0.00357677 0.0034712 0.999941 0.0102813 0.00354133 -0.0102933 0.999941 0.0471673 0.437032 -0.642188
FixedParameters: 0 0 0

#Transform 152
Transform: AffineTransform_float_3_3
Parameters: 0.999987 -0.00368724 -0.00345542 0.00372071 0.999947 0.00962171 0.00341953 -0.00963364 0.999948 0.0518136 0.339803 -0.642806
FixedParameters: 0 0 0

#Transform 153
Transform: AffineTransform_float_3_3
Parameters: 0.999987 -0.00335935 -0.00370473 0.00339 0.999959 0.00847937 0.00367567 -0.00849099 0.999957 0.0524809 0.377383 -0.720922
FixedParameters: 0 0 0

#Transform 154
Transform: AffineTransform_float_3_3
Parameters: 0.999987 -0.00344652 -0.00380039 0.00347994 0.999956 0.00863266 0.00376979 -0.00864556 0.999956 0.0544806 0.290897 -0.83084
FixedParameters: 0 0 0

#Transform 155
Transform: AffineTransform_float_3_3
Parameters: 0.999982 -0.00412255 -0.00431322 0.00415325 0.999964 0.00729949 0.00428354 -0.00731768 0.999964 0.06708 0.291388 -1.25445
FixedParameters: 0 0 0

#Transform 156
Transform: AffineTransform_float_3_3
Parameters: 0.99998 -0.00433724 -0.00450056 0.00436712 0.999969 0.00663964 0.00447129 -0.00665939 0.999967 0.0531806 0.208082 -1.30426
FixedParameters: 0 0 0

#Transform 157
Transform: AffineTransform_float_3_3
Parameters: 0.999982 -0.00383711 -0.00448437 0.00386518 0.999972 0.00632671 0.00445926 -0.00634405 0.99997 0.0620323 0.219776 -1.36465
FixedParameters: 0 0 0

#Transform 158
Transform: AffineTransform_float_3_3
Parameters: 0.999981 -0.00439848 -0.00448011 0.00442548 0.999971 0.00608405 0.00445284 -0.00610326 0.999972 0.0721511 0.187442 -1.42727
FixedParameters: 0 0 0

#Transform 159
Transform: AffineTransform_float_3_3
Parameters: 0.999988 -0.00461881 -0.00159279 0.00462777 0.999973 0.00568933 0.00156606 -0.00569693 0.999983 0.0484867 0.292802 -1.28785
FixedParameters: 0 0 0

#Transform 160
Transform: AffineTransform_float_3_3
Parameters: 0.99999 -0.0043917 -0.000747954 0.00439503 0.999983 0.0039578 0.000729999 -0.00396067 0.999992 0.0393347 0.206617 -1.43875
FixedParameters: 0 0 0

#Transform 161
Transform: AffineTransform_float_3_3
Parameters: 0.999992 -0.00399372 0.00018114 0.0039945 0.999992 0.000536653 -0.000182571 -0.000536081 1 0.066948 0.171686 -1.14796
FixedParameters: 0 0 0

#Transform 162
Transform: AffineTransform_float_3_3
Parameters: 0.999985 -0.00524734 0.00157642 0.00523615 0.999961 0.00704219 -0.00161363 -0.00703434 0.999973 0.12747 0.310998 -0.851774
FixedParameters: 0 0 0

#Transform 163
Transform: AffineTransform_float_3_3
Parameters: 0.999984 -0.00521622 0.00225602 0.00521461 0.999986 0.000802721 -0.00226022 -0.000791009 0.999997 0.133295 0.312629 -1.19936
FixedParameters: 0 0 0

#Transform 164
Transform: AffineTransform_float_3_3
Parameters: 0.999985 -0.00498594 0.00196665 0.00497818 0.999981 0.00384708 -0.00198666 -0.00383782 0.999991 0.144995 0.18612 -0.831348
FixedParameters: 0 0 0

#Transform 165
Transform: AffineTransform_float_3_3
Parameters: 0.999984 -0.0052171 0.00192346 0.00520718 0.999974 0.00492919 -0.00194945 -0.00491922 0.999986 0.155623 0.329123 -0.736368
FixedParameters: 0 0 0

#Transform 166
Transform: AffineTransform_float_3_3
Parameters: 0.999984 -0.00529625 0.00193422 0.00528651 0.999975 0.00463666 -0.00195893 -0.0046263 0.999987 0.157188 0.280193 -0.734655
FixedParameters: 0 0 0

#Transform 167
Transform: AffineTransform_float_3_3
Parameters: 0.999984 -0.0056566 0.0011815 0.00565106 0.999972 0.00488417 -0.00120955 -0.00487676 0.999987 0.1585 0.223067 -0.830917
FixedParameters: 0 0 0

#Transform 168
Transform: AffineTransform_float_3_3
Parameters: 0.999985 -0.00529904 0.000867243 0.00529338 0.999972 0.00541594 -0.000896406 -0.00541065 0.999985 0.127089 0.357623 -0.685706
FixedParameters: 0 0 0

#Transform 169
Transform: AffineTransform_float_3_3
Parameters: 0.99999 -0.00395618 -0.00227156 0.00396979 0.999974 0.00586535 0.00224795 -0.00587434 0.99998 0.106775 0.209763 -0.748664
FixedParameters: 0 0 0

#Transform 170
Transform: AffineTransform_float_3_3
Parameters: 0.999988 -0.00383355 -0.00311156 0.00384659 0.999984 0.00404927 0.00309603 -0.00406143 0.999987 0.118161 0.20176 -0.711619
FixedParameters: 0 0 0

#Transform 171
Transform: AffineTransform_float_3_3
Parameters: 0.999987 -0.00399026 -0.00309714 0.00400914 0.999972 0.00628531 0.00307163 -0.00629692 0.999976 0.132276 0.105639 -0.749086
FixedParameters: 0 0 0

#Transform 172
Transform: AffineTransform_float_3_3
Parameters: 0.999987 -0.00414786 -0.00290597 0.00416564 0.999972 0.00616819 0.00288045 -0.00618016 0.999976 0.107652 0.221929 -0.732263
FixedParameters: 0 0 0

#Transform 173
Transform: AffineTransform_float_3_3
Parameters: 0.999987 -0.00433966 -0.00263456 0.00435689 0.999969 0.00657012 0.00260626 -0.00658173 0.999975 0.104721 0.247156 -0.733361
FixedParameters: 0 0 0

#Transform 174
Transform: AffineTransform_float_3_3
Parameters: 0.999996 -0.0027645 -0.000923159 0.00277388 0.99995 0.00963864 0.000895657 -0.00964173 0.999953 0.104378 0.364805 -0.644542
FixedParameters: 0 0 0

#Transform 175
Transform: AffineTransform_float_3_3
Parameters: 0.999997 -0.00207622 0.00167275 0.00207257 0.999996 0.00224583 -0.00167792 -0.00224278 0.999996 0.0536989 0.230748 -0.598799
FixedParameters: 0 0 0

#Transform 176
Transform: AffineTransform_float_3_3
Parameters: 0.999994 -0.00349774 -0.000366724 0.00350122 0.999927 0.011574 0.000326038 -0.0115751 0.999932 0.04997 0.419646 -0.600486
FixedParameters: 0 0 0

#Transform 177
Transform: AffineTransform_float_3_3
Parameters: 0.999994 -0.00354675 -0.000493909 0.00355161 0.999952 0.00911697 0.000461957 -0.00911922 0.999958 0.0547724 0.438077 -0.670753
FixedParameters: 0 0 0

#Transform 178
Transform: AffineTransform_float_3_3
Parameters: 0.999992 -0.00382011 -0.000660759 0.00382429 0.99997 0.00673887 0.000634526 -0.00674191 0.999977 0.0566473 0.395598 -0.684413
FixedParameters: 0 0 0

#Transform 179
Transform: AffineTransform_float_3_3
Parameters: 0.999992 -0.00403222 -0.000745513 0.00403758 0.999969 0.0068133 0.000718777 -0.00681619 0.999977 0.0778415 0.297468 -0.736487
FixedParameters: 0 0 0

#Transform 180
Transform: AffineTransform_float_3_3
Parameters: 0.999993 -0.00358965 -0.000602567 0.00359247 0.999976 0.00600615 0.000580628 -0.00600862 0.999981 0.0837774 0.267915 -0.795418
FixedParameters: 0 0 0

#Transform 181
Transform: AffineTransform_float_3_3
Parameters: 0.999993 -0.00359312 -0.000754877 0.00359728 0.999972 0.00644379 0.000731801 -0.00644728 0.999979 0.0860421 0.201269 -0.855298
FixedParameters: 0 0 0

#Transform 182
Transform: AffineTransform_float_3_3
Parameters: 0.999998 -0.00230438 0.00039756 0.00230207 0.999979 0.00617884 -0.000411631 -0.00617753 0.999981 0.0611224 0.187872 -0.899258
FixedParameters: 0 0 0

#Transform 183
Transform: AffineTransform_float_3_3
Parameters: 0.999997 -0.000996341 0.00177027 0.000984242 0.999974 0.00717255 -0.00177685 -0.00716995 0.999972 0.0420168 0.17925 -0.93169
FixedParameters: 0 0 0

#Transform 184
Transform: AffineTransform_float_3_3
Parameters: 0.999998 -0.000992293 0.00125922 0.000991088 1 0.000474624 -0.00126013 -0.000473125 0.999999 0.0292499 0.103982 -0.868244
FixedParameters: 0 0 0

#Transform 185
Transform: AffineTransform_float_3_3
Parameters: 0.999998 -0.000971804 0.00135671 0.000947291 0.999844 0.0176423 -0.00137297 -0.0176415 0.999844 0.0504336 0.0949098 -0.829296
FixedParameters: 0 0 0

#Transform 186
Transform: AffineTransform_float_3_3
Parameters: 0.999999 -0.00183176 -0.00010243 0.00183103 0.999995 -0.00254278 0.000107768 0.00254227 0.999997 0.0584254 0.0138116 -0.778156
FixedParameters: 0 0 0

#Transform 187
Transform: AffineTransform_float_3_3
Parameters: 0.999998 -0.00201214 -3.08582e-05 0.00201211 0.999998 -0.000440839 3.15879e-05 0.000440687 1 0.0638735 0.148302 -0.752421
FixedParameters: 0 0 0

#Transform 188
Transform: AffineTransform_float_3_3
Parameters: 0.999998 -0.00203155 -0.000645087 0.00203239 0.999997 0.00147147 0.000642043 -0.00147297 0.999998 0.0624252 0.0592821 -0.7552
FixedParameters: 0 0 0

#Transform 189
Transform: AffineTransform_float_3_3
