#Insight Transform File V1.0
#Transform 0
Transform: AffineTransform_float_3_3
Parameters: 0.999983 0.00311122 -0.00490252 -0.00313139 0.999986 -0.00410006 0.00488924 0.00411495 0.99998 0.179187 0.0518369 0.416318
FixedParameters: 0 0 0

#Transform 1
Transform: AffineTransform_float_3_3
Parameters: 0.999982 0.00313369 -0.00513951 -0.00315725 0.999985 -0.0045215 0.0051247 0.00453696 0.999977 0.184287 0.0648504 0.414887
FixedParameters: 0 0 0

#Transform 2
Transform: AffineTransform_float_3_3
Parameters: 0.999982 0.0029176 -0.00515989 -0.00294009 0.999986 -0.004502 0.00514624 0.00451631 0.999977 0.201155 0.0357321 0.400516
FixedParameters: 0 0 0

#Transform 3
Transform: AffineTransform_float_3_3
Parameters: 0.999984 0.00268188 -0.00497039 -0.00270674 0.999984 -0.00508873 0.00495686 0.00510257 0.999975 0.19488 0.161551 0.390055
FixedParameters: 0 0 0

#Transform 4
Transform: AffineTransform_float_3_3
Parameters: 0.999978 0.00354273 -0.00569805 -0.00356741 0.999984 -0.00426503 0.00568248 0.00428536 0.999974 0.200434 0.0543626 0.404278
FixedParameters: 0 0 0

#Transform 5
Transform: AffineTransform_float_3_3
Parameters: 0.999976 0.00329939 -0.00606255 -0.00332783 0.999983 -0.00472074 0.00604754 0.00474016 0.99997 0.23447 0.0275719 0.36104
FixedParameters: 0 0 0

#Transform 6
Transform: AffineTransform_float_3_3
Parameters: 0.999976 0.00336013 -0.00607821 -0.00339161 0.999981 -0.00518947 0.00606075 0.00520976 0.999968 0.224888 0.0596973 0.388667
FixedParameters: 0 0 0

#Transform 7
Transform: AffineTransform_float_3_3
Parameters: 0.999975 0.00341415 -0.00611962 -0.003448 0.999979 -0.00549981 0.00610066 0.00552088 0.999966 0.218741 0.105099 0.347978
FixedParameters: 0 0 0

#Transform 8
Transform: AffineTransform_float_3_3
Parameters: 0.999977 0.0034171 -0.00593338 -0.00344715 0.999981 -0.00502903 0.00591622 0.00504921 0.99997 0.185231 0.104706 0.401778
FixedParameters: 0 0 0

#Transform 9
Transform: AffineTransform_float_3_3
Parameters: 0.999974 0.00379452 -0.00607378 -0.00382247 0.999982 -0.0047356 0.00605608 0.00475937 0.999971 0.223363 0.0781671 0.386301
FixedParameters: 0 0 0

#Transform 10
Transform: AffineTransform_float_3_3
Parameters: 0.999979 0.00312631 -0.00565245 -0.00315635 0.999981 -0.00536273 0.00563522 0.00537983 0.99997 0.190565 0.228168 0.381463
FixedParameters: 0 0 0

#Transform 11
Transform: AffineTransform_float_3_3
Parameters: 0.999977 0.00329169 -0.00593099 -0.00333126 0.999973 -0.00661058 0.00590959 0.00663035 0.99996 0.216532 0.141811 0.400134
FixedParameters: 0 0 0

#Transform 12
Transform: AffineTransform_float_3_3
Parameters: 0.999979 0.00367852 -0.00546299 -0.00372589 0.999954 -0.00884099 0.00543016 0.00886165 0.999946 0.168313 0.312583 0.326595
FixedParameters: 0 0 0

#Transform 13
Transform: AffineTransform_float_3_3
Parameters: 0.999991 -0.00139208 -0.00381902 0.00134621 0.999928 -0.012001 0.00383603 0.0119956 0.999921 0.317887 0.512639 0.359558
FixedParameters: 0 0 0

#Transform 14
Transform: AffineTransform_float_3_3
Parameters: 0.999974 -0.00694083 -0.0019393 0.00691704 0.999906 -0.0118449 0.00202156 0.0118311 0.999928 0.501051 0.554875 0.10914
FixedParameters: 0 0 0

#Transform 15
Transform: AffineTransform_float_3_3
Parameters: 0.99998 -0.00617998 0.000467688 0.00618515 0.999911 -0.0118371 -0.000394328 0.0118396 0.99993 0.410329 0.437387 0.0881643
FixedParameters: 0 0 0

#Transform 16
Transform: AffineTransform_float_3_3
Parameters: 0.999984 -0.00570203 -0.00014423 0.00569929 0.999832 -0.0173887 0.000244207 0.0173873 0.999849 0.359632 0.722302 0.25922
FixedParameters: 0 0 0

#Transform 17
Transform: AffineTransform_float_3_3
Parameters: 0.999998 -0.00162232 -0.00117586 0.0016113 0.99996 -0.00881159 0.00118968 0.00880954 0.99996 0.320656 0.336833 -0.165552
FixedParameters: 0 0 0

#Transform 18
Transform: AffineTransform_float_3_3
Parameters: 0.999999 3.85961e-06 0.0012559 -9.7829e-06 0.999987 0.00497295 -0.00125604 -0.0049732 0.999987 -0.0824178 -0.189197 -0.313441
FixedParameters: 0 0 0

#Transform 19
Transform: AffineTransform_float_3_3
Parameters: 1 -9.81584e-05 -0.000232749 9.87928e-05 0.999999 0.00175685 0.000233416 -0.00175687 0.999999 0.00626546 0.0144766 -0.158921
FixedParameters: 0 0 0

#Transform 20
Transform: AffineTransform_float_3_3
Parameters: 0.999999 3.20738e-06 0.000998352 -2.54602e-06 1 -0.000332089 -0.000998341 0.000331891 1 -0.0451515 0.0195067 -0.0674889
FixedParameters: 0 0 0

#Transform 21
Transform: AffineTransform_float_3_3
Parameters: 0.999995 -0.000783581 -0.00298289 0.000797418 0.999988 0.00479109 0.002979 -0.00479348 0.999984 0.202512 -0.201773 -0.0122369
FixedParameters: 0 0 0

#Transform 22
Transform: AffineTransform_float_3_3
Parameters: 0.999998 -0.000103983 -0.00209126 0.000114211 0.999989 0.00470407 0.00209046 -0.00470486 0.999986 0.1498 -0.201264 -0.111835
FixedParameters: 0 0 0

#Transform 23
Transform: AffineTransform_float_3_3
Parameters: 0.999999 -0.00106265 0.000867708 0.00106147 0.999999 0.00119375 -0.00086913 -0.00119286 0.999999 0.129764 -0.0509162 -0.0909704
FixedParameters: 0 0 0

#Transform 24
Transform: AffineTransform_float_3_3
Parameters: 0.999971 -0.00717095 -0.00256653 0.00717796 0.99997 0.00295873 0.00254565 -0.00297614 0.999992 0.546158 -0.194796 0.363675
FixedParameters: 0 0 0

#Transform 25
Transform: AffineTransform_float_3_3
Parameters: 0.99998 -0.00472595 -0.0042739 0.00474109 0.999983 0.00332893 0.00425756 -0.00334912 0.999985 0.59071 -0.196434 0.389983
FixedParameters: 0 0 0

#Transform 26
Transform: AffineTransform_float_3_3
Parameters: 0.999972 -0.00604726 -0.00443435 0.00602416 0.999967 -0.00532478 0.004466 0.00529826 0.999976 0.652398 0.166129 0.17793
FixedParameters: 0 0 0

#Transform 27
Transform: AffineTransform_float_3_3
Parameters: 0.999977 -0.00472662 -0.00485333 0.00470371 0.999977 -0.00477086 0.00487584 0.00474754 0.999977 0.607497 0.184231 0.243947
FixedParameters: 0 0 0

#Transform 28
Transform: AffineTransform_float_3_3
Parameters: 0.999983 -0.00344464 -0.00468221 0.00341356 0.999971 -0.00682764 0.00470588 0.00681188 0.999966 0.5146 0.316233 0.141716
FixedParameters: 0 0 0

#Transform 29
Transform: AffineTransform_float_3_3
Parameters: 0.999987 -0.00234021 -0.00457024 0.00230729 0.999971 -0.00732704 0.0045875 0.00731684 0.999963 0.46798 0.271563 0.251437
FixedParameters: 0 0 0

#Transform 30
Transform: AffineTransform_float_3_3
Parameters: 0.99999 -0.0019234 -0.00392583 0.00188827 0.99996 -0.008723 0.0039425 0.00871536 0.999954 0.422177 0.32658 0.284663
FixedParameters: 0 0 0

#Transform 31
Transform: AffineTransform_float_3_3
Parameters: 0.999992 -0.00129833 -0.00370561 0.00126796 0.999967 -0.00800527 0.00371618 0.00800032 0.999961 0.364244 0.277191 0.325843
FixedParameters: 0 0 0

#Transform 32
Transform: AffineTransform_float_3_3
Parameters: 0.999989 -0.00130852 -0.00453855 0.00127189 0.999967 -0.00802526 0.00454894 0.00801926 0.999958 0.402536 0.291387 0.295809
FixedParameters: 0 0 0

#Transform 33
Transform: AffineTransform_float_3_3
Parameters: 0.999979 -0.00276404 -0.00588123 0.00271543 0.999961 -0.00835234 0.00590463 0.00833586 0.999947 0.530831 0.396531 0.00101286
FixedParameters: 0 0 0

#Transform 34
Transform: AffineTransform_float_3_3
Parameters: 0.999998 0.00110462 -0.00136447 -0.00108289 0.999874 0.0158649 0.00138166 -0.0158632 0.999873 0.108292 -0.791575 -0.538448
FixedParameters: 0 0 0

#Transform 35
Transform: AffineTransform_float_3_3
Parameters: 0.999988 0.00061269 -0.00484298 -0.000591342 0.99999 0.00445044 0.00484538 -0.00444787 0.999979 0.257104 -0.0806249 0.064745
FixedParameters: 0 0 0

#Transform 36
Transform: AffineTransform_float_3_3
Parameters: 0.999987 -0.000858403 -0.0049654 0.00087388 0.999995 0.00327196 0.00496202 -0.00327646 0.999982 0.276432 -0.16442 0.0833459
FixedParameters: 0 0 0

#Transform 37
Transform: AffineTransform_float_3_3
Parameters: 0.999989 -0.00115397 -0.00455957 0.00116801 0.999994 0.00308868 0.00455594 -0.00309398 0.999985 0.284868 -0.0594703 0.101126
FixedParameters: 0 0 0

#Transform 38
Transform: AffineTransform_float_3_3
Parameters: 0.999985 -0.00115344 -0.0052653 0.00116461 0.999997 0.00227474 0.00526264 -0.00228129 0.999984 0.348808 0.0293016 0.129106
FixedParameters: 0 0 0

#Transform 39
Transform: AffineTransform_float_3_3
Parameters: 0.999984 -0.00112046 -0.00560089 0.00113464 0.999996 0.00258124 0.0055975 -0.00258839 0.999981 0.39964 -0.0508731 0.0957471
FixedParameters: 0 0 0

#Transform 40
Transform: AffineTransform_float_3_3
Parameters: 0.999984 -0.0011224 -0.00557341 0.00113316 0.999997 0.00191257 0.00557089 -0.00191891 0.999983 0.412626 0.0289206 0.0971014
FixedParameters: 0 0 0

#Transform 41
Transform: AffineTransform_float_3_3
Parameters: 0.999984 -0.00112576 -0.00551045 0.00112314 0.999999 -0.000495633 0.00551062 0.000489352 0.999985 0.407483 0.0586296 0.131826
FixedParameters: 0 0 0

#Transform 42
Transform: AffineTransform_float_3_3
Parameters: 0.999985 -0.00188727 -0.00499035 0.00187584 0.999996 -0.00224177 0.00499455 0.00223289 0.999985 0.438491 0.0877352 0.113089
FixedParameters: 0 0 0

#Transform 43
Transform: AffineTransform_float_3_3
Parameters: 0.999986 -0.00145363 -0.00505015 0.00143818 0.999995 -0.00290132 0.00505468 0.00289347 0.999983 0.431949 0.118521 0.266226
FixedParameters: 0 0 0

#Transform 44
Transform: AffineTransform_float_3_3
Parameters: 0.999986 -0.0013076 -0.0050665 0.00128688 0.999991 -0.00409964 0.00507201 0.00409319 0.999978 0.457513 0.176758 0.15862
FixedParameters: 0 0 0

#Transform 45
Transform: AffineTransform_float_3_3
Parameters: 0.999985 -0.000845514 -0.00548529 0.000825914 0.999994 -0.00350402 0.00548786 0.00349888 0.999979 0.452485 0.132868 0.279103
FixedParameters: 0 0 0

#Transform 46
Transform: AffineTransform_float_3_3
Parameters: 0.999982 -0.000341636 -0.00607508 0.000323364 0.999995 -0.00296846 0.00607668 0.00296677 0.999977 0.462174 0.110778 0.12433
FixedParameters: 0 0 0

#Transform 47
Transform: AffineTransform_float_3_3
Parameters: 0.999979 -3.86557e-05 -0.00643548 2.61402e-05 0.999998 -0.00197319 0.00643578 0.0019728 0.999977 0.495487 0.05605 0.150405
FixedParameters: 0 0 0

#Transform 48
Transform: AffineTransform_float_3_3
Parameters: 0.99998 -0.000607033 -0.00624513 0.000591067 0.999997 -0.00255704 0.00624661 0.00255287 0.999977 0.526795 0.11786 0.104724
FixedParameters: 0 0 0

#Transform 49
Transform: AffineTransform_float_3_3
Parameters: 0.999982 0.000223415 -0.00605552 -0.00023325 0.999999 -0.00162382 0.0060547 0.00162485 0.999981 0.49589 0.0484412 0.156824
FixedParameters: 0 0 0

#Transform 50
Transform: AffineTransform_float_3_3
Parameters: 0.999979 8.10456e-05 -0.00641572 -9.53852e-05 0.999998 -0.00234953 0.0064158 0.0023497 0.999976 0.506316 0.0974239 0.164505
FixedParameters: 0 0 0

#Transform 51
Transform: AffineTransform_float_3_3
Parameters: 0.99998 0.000335461 -0.0063865 -0.000351649 0.999997 -0.00258126 0.00638535 0.00258351 0.999977 0.491006 0.115154 0.151806
FixedParameters: 0 0 0

#Transform 52
Transform: AffineTransform_float_3_3
Parameters: 0.999974 -0.000225573 -0.0071697 0.000204998 0.999996 -0.00290544 0.00717089 0.00290414 0.999971 0.553861 0.166239 0.108497
FixedParameters: 0 0 0

#Transform 53
Transform: AffineTransform_float_3_3
Parameters: 0.999971 0.000585534 -0.00764113 -0.000605428 0.999996 -0.00261239 0.00763999 0.00261666 0.999968 0.557301 0.08084 0.132151
FixedParameters: 0 0 0

#Transform 54
Transform: AffineTransform_float_3_3
Parameters: 0.999969 0.000105581 -0.00783357 -0.00012523 0.999997 -0.00255158 0.00783286 0.00255322 0.999966 0.55086 0.134024 0.0644788
FixedParameters: 0 0 0

#Transform 55
Transform: AffineTransform_float_3_3
Parameters: 0.999966 0.000109058 -0.00814569 -0.000119047 0.999999 -0.00124929 0.00814632 0.00124969 0.999966 0.554695 0.0516289 0.0806487
FixedParameters: 0 0 0

#Transform 56
Transform: AffineTransform_float_3_3
Parameters: 0.999971 -0.000423062 -0.00766505 0.000414226 0.999999 -0.00112469 0.0076656 0.00112168 0.99997 0.594003 0.05491 0.0143964
FixedParameters: 0 0 0

#Transform 57
Transform: AffineTransform_float_3_3
Parameters: 0.999969 2.42419e-05 -0.00787584 -3.17569e-05 1 -0.00101007 0.00787546 0.00101059 0.999968 0.578394 0.121653 0.0910764
FixedParameters: 0 0 0

#Transform 58
Transform: AffineTransform_float_3_3
Parameters: 0.999964 -0.000660798 -0.00843 0.000652122 0.999999 -0.000972563 0.00843072 0.000967677 0.999964 0.644484 0.104654 0.0146497
FixedParameters: 0 0 0

#Transform 59
Transform: AffineTransform_float_3_3
Parameters: 0.999967 3.84204e-05 -0.00817704 -4.54022e-05 1 -0.000826689 0.00817646 0.000827075 0.999966 0.611392 0.102806 0.0445311
FixedParameters: 0 0 0

#Transform 60
Transform: AffineTransform_float_3_3
Parameters: 0.999963 -0.000362338 -0.00861258 0.000356846 1 -0.000651932 0.00861236 0.000649578 0.999963 0.654082 0.0338454 -0.00161813
FixedParameters: 0 0 0

#Transform 61
Transform: AffineTransform_float_3_3
Parameters: 0.999964 0.000122989 -0.00847042 -0.000120178 1 0.000253766 0.00847121 -0.00025271 0.999964 0.620376 0.045143 0.032537
FixedParameters: 0 0 0

#Transform 62
Transform: AffineTransform_float_3_3
Parameters: 0.999961 -0.000370779 -0.00885624 0.000377203 0.999999 0.000779616 0.0088567 -0.000782688 0.999961 0.647364 0.0701083 0.0185186
FixedParameters: 0 0 0

#Transform 63
Transform: AffineTransform_float_3_3
Parameters: 0.999974 0.00212957 -0.00685694 -0.00214752 0.999994 -0.00272136 0.00685042 0.00273627 0.999972 0.437642 0.0936321 0.127625
FixedParameters: 0 0 0

#Transform 64
Transform: AffineTransform_float_3_3
Parameters: 0.999976 0.00315231 -0.00602966 -0.00316612 0.999992 -0.00221325 0.00602326 0.00223148 0.999979 0.349676 0.117185 0.17839
FixedParameters: 0 0 0

#Transform 65
Transform: AffineTransform_float_3_3
Parameters: 0.999988 0.00237681 -0.00420451 -0.00239443 0.999988 -0.00424701 0.00419428 0.00425779 0.999982 0.323719 0.194676 0.106887
FixedParameters: 0 0 0

#Transform 66
Transform: AffineTransform_float_3_3
Parameters: 0.999978 0.00212083 -0.00624232 -0.00213895 0.999993 -0.00290083 0.00623595 0.00291478 0.999977 0.401402 0.104667 0.170154
FixedParameters: 0 0 0

#Transform 67
Transform: AffineTransform_float_3_3
Parameters: 0.999976 0.0031295 -0.00618082 -0.00314877 0.99999 -0.00314163 0.00617135 0.00316138 0.999976 0.348081 0.134754 0.201504
FixedParameters: 0 0 0

#Transform 68
Transform: AffineTransform_float_3_3
Parameters: 0.999974 0.00372743 -0.00611964 -0.00374794 0.999987 -0.00341003 0.00610763 0.00343304 0.999976 0.315761 0.164623 0.221816
FixedParameters: 0 0 0

#Transform 69
Transform: AffineTransform_float_3_3
Parameters: 0.999977 0.0034916 -0.00582152 -0.00351082 0.999988 -0.00339782 0.00580909 0.00341815 0.999978 0.299445 0.120488 0.216224
FixedParameters: 0 0 0

#Transform 70
Transform: AffineTransform_float_3_3
Parameters: 0.999977 0.00387963 -0.00566626 -0.00388529 0.999992 -0.000955376 0.00566265 0.000977294 0.999984 0.292911 -0.0676711 0.466574
FixedParameters: 0 0 0

#Transform 71
Transform: AffineTransform_float_3_3
Parameters: 0.999975 0.00429629 -0.00550633 -0.00428509 0.999989 0.00199944 0.00551472 -0.00197581 0.999983 0.240352 -0.320229 0.748669
FixedParameters: 0 0 0

#Transform 72
Transform: AffineTransform_float_3_3
Parameters: 0.999978 0.00367821 -0.00547606 -0.00366608 0.999991 0.00210267 0.00548371 -0.00208252 0.999983 0.294831 -0.268391 0.747722
FixedParameters: 0 0 0

#Transform 73
Transform: AffineTransform_float_3_3
Parameters: 0.999951 0.00313703 -0.00936169 -0.00308879 0.999982 0.00506899 0.00937819 -0.00503965 0.999943 0.441964 -0.424789 0.858264
FixedParameters: 0 0 0

#Transform 74
Transform: AffineTransform_float_3_3
Parameters: 0.999833 0.00133534 -0.0182246 -0.000928542 0.999752 0.0222703 0.0182499 -0.0222493 0.999586 0.839387 -1.11189 0.980026
FixedParameters: 0 0 0

#Transform 75
Transform: AffineTransform_float_3_3
Parameters: 0.999856 0.002058 -0.0168175 -0.0016816 0.999748 0.0223735 0.016859 -0.0223426 0.999608 0.768586 -0.8861 0.689365
FixedParameters: 0 0 0

#Transform 76
Transform: AffineTransform_float_3_3
Parameters: 0.99991 0.00188331 -0.0132931 -0.00163118 0.999819 0.0189488 0.0133257 -0.0189257 0.999732 0.603559 -0.802401 0.52458
FixedParameters: 0 0 0

#Transform 77
Transform: AffineTransform_float_3_3
Parameters: 0.999895 0.00418142 -0.0138725 -0.00394359 0.999845 0.0171635 0.0139421 -0.017107 0.999757 0.537595 -0.708779 0.610983
FixedParameters: 0 0 0

#Transform 78
Transform: AffineTransform_float_3_3
Parameters: 0.999869 0.00330961 -0.015897 -0.00305877 0.99987 0.015796 0.0159472 -0.0157459 0.999749 0.687607 -0.709119 0.666966
FixedParameters: 0 0 0

#Transform 79
Transform: AffineTransform_float_3_3
Parameters: 0.999883 0.00321084 -0.0149643 -0.00296212 0.999857 0.0166083 0.0150158 -0.0165613 0.99975 0.640944 -0.716952 0.641121
FixedParameters: 0 0 0

#Transform 80
Transform: AffineTransform_float_3_3
Parameters: 0.999882 0.00382884 -0.0148851 -0.00359125 0.999866 0.0160139 0.0149438 -0.0159584 0.999761 0.62033 -0.723912 0.669768
FixedParameters: 0 0 0

#Transform 81
Transform: AffineTransform_float_3_3
Parameters: 0.99987 0.00359264 -0.0156882 -0.00334499 0.99987 0.01577 0.0157437 -0.0157155 0.999752 0.640126 -0.6502 0.684247
FixedParameters: 0 0 0

#Transform 82
Transform: AffineTransform_float_3_3
Parameters: 0.999874 0.00344568 -0.0154956 -0.00319484 0.999864 0.016177 0.0155488 -0.016125 0.99975 0.656809 -0.709009 0.616862
FixedParameters: 0 0 0

#Transform 83
Transform: AffineTransform_float_3_3
Parameters: 0.999874 0.00354203 -0.015456 -0.00331344 0.999886 0.0147346 0.0155058 -0.0146815 0.999772 0.65094 -0.690396 0.657247
FixedParameters: 0 0 0

#Transform 84
Transform: AffineTransform_float_3_3
Parameters: 0.999875 0.00300222 -0.015518 -0.00277253 0.999886 0.0148016 0.0155609 -0.0147571 0.99977 0.674987 -0.620381 0.533403
FixedParameters: 0 0 0

#Transform 85
Transform: AffineTransform_float_3_3
Parameters: 0.999875 0.00437635 -0.0151979 -0.0041447 0.999876 0.0151902 0.015263 -0.0151255 0.999769 0.555387 -0.666933 0.576346
FixedParameters: 0 0 0

#Transform 86
Transform: AffineTransform_float_3_3
Parameters: 0.999874 0.00438221 -0.0152829 -0.00415663 0.999882 0.0147696 0.015346 -0.0147043 0.999774 0.562406 -0.650786 0.636907
FixedParameters: 0 0 0

#Transform 87
Transform: AffineTransform_float_3_3
Parameters: 0.999882 0.00345847 -0.0149567 -0.00322675 0.999874 0.0155212 0.0150088 -0.0154715 0.999768 0.588496 -0.578771 0.511755
FixedParameters: 0 0 0

#Transform 88
Transform: AffineTransform_float_3_3
Parameters: 0.999896 0.0047141 -0.0136553 -0.00449698 0.999863 0.0159062 0.0137288 -0.015844 0.99978 0.503024 -0.652279 0.591284
FixedParameters: 0 0 0

#Transform 89
Transform: AffineTransform_float_3_3
Parameters: 0.999882 0.00375513 -0.0149077 -0.0035066 0.999856 0.016638 0.0149687 -0.0165838 0.999751 0.580471 -0.684577 0.704292
FixedParameters: 0 0 0

#Transform 90
Transform: AffineTransform_float_3_3
Parameters: 0.999885 0.00538632 -0.0141881 -0.00507738 0.999751 0.0217111 0.0143018 -0.0216361 0.999663 0.481911 -0.917585 0.765806
FixedParameters: 0 0 0

#Transform 91
Transform: AffineTransform_float_3_3
Parameters: 0.999892 0.00518668 -0.0137097 -0.00488503 0.999748 0.0218983 0.0138196 -0.0218285 0.999666 0.473635 -0.862383 0.749248
FixedParameters: 0 0 0

#Transform 92
Transform: AffineTransform_float_3_3
Parameters: 0.9999 0.00386861 -0.0136324 -0.00359435 0.999792 0.0200769 0.0137077 -0.0200256 0.999705 0.532305 -0.734137 0.739259
FixedParameters: 0 0 0

#Transform 93
Transform: AffineTransform_float_3_3
Parameters: 0.999902 0.00384464 -0.0134818 -0.00358557 0.99981 0.0191704 0.0135529 -0.0191203 0.999725 0.52593 -0.751128 0.732609
FixedParameters: 0 0 0

#Transform 94
Transform: AffineTransform_float_3_3
Parameters: 0.999902 0.00438281 -0.0133142 -0.0041357 0.999819 0.0185791 0.013393 -0.0185214 0.999739 0.500381 -0.751417 0.715848
FixedParameters: 0 0 0

#Transform 95
Transform: AffineTransform_float_3_3
Parameters: 0.999903 0.00351836 -0.0134865 -0.00328285 0.999842 0.0174733 0.0135457 -0.0174268 0.999756 0.547513 -0.689559 0.639299
FixedParameters: 0 0 0

#Transform 96
Transform: AffineTransform_float_3_3
Parameters: 0.999903 0.00314377 -0.0135075 -0.00292248 0.999862 0.01637 0.0135564 -0.0163295 0.999775 0.557871 -0.598627 0.700414
FixedParameters: 0 0 0

#Transform 97
Transform: AffineTransform_float_3_3
Parameters: 0.999891 0.0029752 -0.0144607 -0.00266563 0.999768 0.0213709 0.0145215 -0.0213299 0.999667 0.59527 -0.843472 0.736426
FixedParameters: 0 0 0

#Transform 98
Transform: AffineTransform_float_3_3
Parameters: 0.99989 0.00374624 -0.0142979 -0.00345891 0.999793 0.0200514 0.0143695 -0.0199997 0.999697 0.565116 -0.69428 0.769479
FixedParameters: 0 0 0

#Transform 99
Transform: AffineTransform_float_3_3
Parameters: 0.999889 0.00342379 -0.014471 -0.00311534 0.999768 0.021277 0.0145404 -0.0212291 0.999668 0.593715 -0.916527 0.731312
FixedParameters: 0 0 0

#Transform 100
Transform: AffineTransform_float_3_3
Parameters: 0.999901 0.00259136 -0.0138331 -0.00231744 0.999801 0.0197888 0.0138815 -0.019755 0.999709 0.588737 -0.779871 0.738714
FixedParameters: 0 0 0

#Transform 101
Transform: AffineTransform_float_3_3
Parameters: 0.999894 0.00264705 -0.0142707 -0.00235619 0.99979 0.0203726 0.0143213 -0.0203365 0.999691 0.594275 -0.86449 0.753321
FixedParameters: 0 0 0

#Transform 102
Transform: AffineTransform_float_3_3
Parameters: 0.9999 0.00217785 -0.013976 -0.00189509 0.999795 0.0201563 0.0140177 -0.0201278 0.9997 0.6135 -0.791132 0.698396
FixedParameters: 0 0 0

#Transform 103
Transform: AffineTransform_float_3_3
Parameters: 0.999905 0.00238654 -0.0136011 -0.00211616 0.9998 0.01987 0.013646 -0.0198393 0.99971 0.586619 -0.773829 0.743212
FixedParameters: 0 0 0

#Transform 104
Transform: AffineTransform_float_3_3
Parameters: 0.999848 0.00554639 -0.0165496 -0.00521798 0.999791 0.0197825 0.0166559 -0.0196927 0.999668 0.601779 -0.821269 0.759652
FixedParameters: 0 0 0

#Transform 105
Transform: AffineTransform_float_3_3
Parameters: 0.999861 0.00389924 -0.0162127 -0.00363196 0.999858 0.0164657 0.016275 -0.0164044 0.999732 0.651782 -0.663625 0.723108
FixedParameters: 0 0 0

#Transform 106
Transform: AffineTransform_float_3_3
Parameters: 0.99987 0.00344056 -0.0157387 -0.00313805 0.999811 0.0191972 0.0158025 -0.019146 0.999692 0.637541 -0.817114 0.760233
FixedParameters: 0 0 0

#Transform 107
Transform: AffineTransform_float_3_3
Parameters: 0.999864 0.0052117 -0.0156049 -0.00482786 0.999687 0.0245757 0.0157286 -0.0244973 0.999576 0.593986 -1.01731 0.902661
FixedParameters: 0 0 0

#Transform 108
Transform: AffineTransform_float_3_3
Parameters: 0.999871 0.00418233 -0.0155102 -0.00378826 0.999672 0.0253191 0.0156115 -0.0252567 0.999559 0.597557 -0.966219 0.828727
FixedParameters: 0 0 0

#Transform 109
Transform: AffineTransform_float_3_3
Parameters: 0.999828 0.00495459 -0.0178988 -0.0045417 0.999724 0.0230474 0.0180085 -0.0229621 0.999574 0.652029 -0.878324 0.809578
FixedParameters: 0 0 0

#Transform 110
Transform: AffineTransform_float_3_3
Parameters: 0.999837 0.00490483 -0.0174134 -0.00451944 0.999745 0.0220946 0.017518 -0.0220127 0.999604 0.643441 -0.823334 0.744606
FixedParameters: 0 0 0

#Transform 111
Transform: AffineTransform_float_3_3
Parameters: 0.999845 0.00435647 -0.0170786 -0.00398785 0.999759 0.0215423 0.0171681 -0.0214701 0.999622 0.641859 -0.88986 0.833065
FixedParameters: 0 0 0

#Transform 112
Transform: AffineTransform_float_3_3
Parameters: 0.999854 0.00420747 -0.0165898 -0.00383683 0.999744 0.022327 0.0166791 -0.0222602 0.999613 0.656862 -0.920727 0.691906
FixedParameters: 0 0 0

#Transform 113
Transform: AffineTransform_float_3_3
Parameters: 0.999887 0.00556888 -0.0139517 -0.00526328 0.999746 0.0218758 0.0140705 -0.0218005 0.999664 0.468858 -0.88219 0.731528
FixedParameters: 0 0 0

#Transform 114
Transform: AffineTransform_float_3_3
Parameters: 0.999881 0.00687571 -0.0137792 -0.0065397 0.999683 0.024314 0.0139419 -0.0242206 0.999609 0.395225 -1.01183 0.778716
FixedParameters: 0 0 0

#Transform 115
Transform: AffineTransform_float_3_3
Parameters: 0.999874 0.00758846 -0.0139695 -0.00725037 0.999683 0.0241291 0.0141478 -0.024025 0.999611 0.384947 -0.975536 0.791314
FixedParameters: 0 0 0

#Transform 116
Transform: AffineTransform_float_3_3
Parameters: 0.999877 0.00690799 -0.0140756 -0.00657101 0.999694 0.0238265 0.0142352 -0.0237311 0.999617 0.426851 -0.937938 0.795351
FixedParameters: 0 0 0

#Transform 117
Transform: AffineTransform_float_3_3
Parameters: 0.999862 0.00634523 -0.0153983 -0.00599528 0.999724 0.022718 0.0155384 -0.022623 0.999623 0.512501 -0.837359 0.819039
FixedParameters: 0 0 0

#Transform 118
Transform: AffineTransform_float_3_3
Parameters: 0.999846 0.00646602 -0.0162934 -0.00610489 0.999737 0.0221296 0.0164323 -0.0220265 0.999623 0.541138 -0.852177 0.818366
FixedParameters: 0 0 0

#Transform 119
Transform: AffineTransform_float_3_3
Parameters: 0.999845 0.00602415 -0.0165747 -0.00565247 0.999733 0.0224043 0.016706 -0.0223067 0.999612 0.537917 -0.878232 0.836301
FixedParameters: 0 0 0

#Transform 120
Transform: AffineTransform_float_3_3
Parameters: 0.999845 0.00620177 -0.0164544 -0.00585178 0.999756 0.0212822 0.0165823 -0.0211824 0.999638 0.525075 -0.871294 0.793807
FixedParameters: 0 0 0

#Transform 121
Transform: AffineTransform_float_3_3
Parameters: 0.999852 0.00506825 -0.0164518 -0.00472413 0.999769 0.0209344 0.0165536 -0.0208536 0.999646 0.574571 -0.837719 0.81513
FixedParameters: 0 0 0

#Transform 122
Transform: AffineTransform_float_3_3
Parameters: 0.999895 0.00246184 -0.0142201 -0.00219099 0.999817 0.0190242 0.0142639 -0.0189911 0.999718 0.625085 -0.764386 0.806182
FixedParameters: 0 0 0

#Transform 123
Transform: AffineTransform_float_3_3
Parameters: 0.999947 8.28897e-05 -0.010348 5.45747e-05 0.999911 0.0133181 0.010348 -0.013318 0.999858 0.495461 -0.526381 0.74497
FixedParameters: 0 0 0

#Transform 124
Transform: AffineTransform_float_3_3
Parameters: 0.999907 0.00137797 -0.0135514 -0.0011331 0.999835 0.018074 0.0135742 -0.0180563 0.999745 0.611858 -0.751206 0.74083
FixedParameters: 0 0 0

#Transform 125
Transform: AffineTransform_float_3_3
Parameters: 0.999884 0.00192656 -0.015055 -0.00165283 0.999834 0.018135 0.0150877 -0.0181084 0.999722 0.65013 -0.735588 0.812419
FixedParameters: 0 0 0

#Transform 126
Transform: AffineTransform_float_3_3
Parameters: 0.999876 0.00257749 -0.0155342 -0.00227838 0.999813 0.0192364 0.0155813 -0.0191986 0.999694 0.640974 -0.778514 0.778662
FixedParameters: 0 0 0

#Transform 127
Transform: AffineTransform_float_3_3
Parameters: 0.999867 0.00310067 -0.0159935 -0.00280368 0.999824 0.0185351 0.0160477 -0.0184878 0.9997 0.625964 -0.803406 0.818182
FixedParameters: 0 0 0

#Transform 128
Transform: AffineTransform_float_3_3
Parameters: 0.999855 0.00396345 -0.0165822 -0.00364385 0.999807 0.0192647 0.0166556 -0.0192016 0.999677 0.612187 -0.809529 0.802369
FixedParameters: 0 0 0

#Transform 129
Transform: AffineTransform_float_3_3
Parameters: 0.999843 0.00545928 -0.0168963 -0.00512382 0.999791 0.0197923 0.0170005 -0.0197029 0.999662 0.569481 -0.827976 0.819004
FixedParameters: 0 0 0

#Transform 130
Transform: AffineTransform_float_3_3
Parameters: 0.999835 0.00692449 -0.016772 -0.00654348 0.999722 0.022651 0.016924 -0.0225369 0.999603 0.543857 -0.986782 0.851468
FixedParameters: 0 0 0

#Transform 131
Transform: AffineTransform_float_3_3
Parameters: 0.999838 0.00702995 -0.016568 -0.00667007 0.999742 0.0216786 0.0167157 -0.0215649 0.999627 0.543525 -0.898225 0.751474
FixedParameters: 0 0 0

#Transform 132
Transform: AffineTransform_float_3_3
Parameters: 0.999834 0.00717672 -0.016718 -0.00682185 0.999752 0.0212052 0.0168658 -0.0210868 0.999635 0.518299 -0.875227 0.841718
FixedParameters: 0 0 0

#Transform 133
Transform: AffineTransform_float_3_3
Parameters: 0.999831 0.00769621 -0.0166578 -0.00734054 0.999746 0.0213013 0.0168171 -0.0211757 0.999634 0.503175 -0.889544 0.784424
FixedParameters: 0 0 0

#Transform 134
Transform: AffineTransform_float_3_3
Parameters: 0.999833 0.00757473 -0.0165857 -0.00722888 0.999757 0.0208038 0.0167385 -0.0206802 0.999646 0.502795 -0.852964 0.822508
FixedParameters: 0 0 0

#Transform 135
Transform: AffineTransform_float_3_3
Parameters: 0.999828 0.0077378 -0.0169045 -0.00737794 0.999747 0.0212261 0.017064 -0.0210983 0.999632 0.518946 -0.928603 0.808516
FixedParameters: 0 0 0

#Transform 136
Transform: AffineTransform_float_3_3
Parameters: 0.999827 0.00785867 -0.0168719 -0.00750366 0.999751 0.0210293 0.0170329 -0.0208995 0.999636 0.510546 -0.833368 0.838674
FixedParameters: 0 0 0

#Transform 137
Transform: AffineTransform_float_3_3
Parameters: 0.999819 0.00803617 -0.017249 -0.0076719 0.999748 0.0211141 0.0174147 -0.0209776 0.999628 0.517873 -0.869415 0.875879
FixedParameters: 0 0 0

#Transform 138
Transform: AffineTransform_float_3_3
Parameters: 0.999812 0.00831007 -0.0174879 -0.00794241 0.999747 0.0210172 0.0176582 -0.0208741 0.999627 0.497635 -0.873255 0.820499
FixedParameters: 0 0 0

#Transform 139
Transform: AffineTransform_float_3_3
Parameters: 0.999818 0.00826489 -0.0172043 -0.0079213 0.999769 0.0199758 0.0173654 -0.0198364 0.999652 0.499652 -0.779998 0.838902
FixedParameters: 0 0 0

#Transform 140
Transform: AffineTransform_float_3_3
Parameters: 0.999778 0.010031 -0.0185339 -0.00967619 0.99977 0.0191259 0.0187213 -0.0189431 0.999645 0.474982 -0.808664 0.881979
FixedParameters: 0 0 0

#Transform 141
Transform: AffineTransform_float_3_3
Parameters: 0.999751 0.00966847 -0.0200992 -0.00929214 0.999781 0.0187514 0.0202761 -0.0185601 0.999622 0.555004 -0.866384 0.908212
FixedParameters: 0 0 0

#Transform 142
Transform: AffineTransform_float_3_3
Parameters: 0.999752 0.0110729 -0.0193148 -0.010717 0.999772 0.01844 0.0195147 -0.018228 0.999644 0.469425 -0.803457 0.861736
FixedParameters: 0 0 0

#Transform 143
Transform: AffineTransform_float_3_3
Parameters: 0.999767 0.0106033 -0.0188262 -0.0102651 0.999787 0.0179505 0.0190127 -0.0177531 0.999661 0.449246 -0.779046 0.88244
FixedParameters: 0 0 0

#Transform 144
Transform: AffineTransform_float_3_3
Parameters: 0.999759 0.0106503 -0.0191838 -0.0102973 0.999778 0.0183806 0.0193754 -0.0181786 0.999647 0.461878 -0.852235 0.862446
FixedParameters: 0 0 0

#Transform 145
Transform: AffineTransform_float_3_3
Parameters: 0.999758 0.0106545 -0.0192395 -0.010304 0.999781 0.018213 0.019429 -0.0180108 0.999649 0.463617 -0.717438 0.901471
FixedParameters: 0 0 0

#Transform 146
Transform: AffineTransform_float_3_3
Parameters: 0.999741 0.0112979 -0.0197484 -0.010919 0.999756 0.0192019 0.019961 -0.0189809 0.99962 0.466691 -0.909395 0.862908
FixedParameters: 0 0 0

#Transform 147
Transform: AffineTransform_float_3_3
Parameters: 0.999738 0.0112178 -0.0199452 -0.0108554 0.999776 0.0181904 0.0201452 -0.0179689 0.999635 0.469992 -0.791965 0.861457
FixedParameters: 0 0 0

#Transform 148
Transform: AffineTransform_float_3_3
Parameters: 0.999724 0.011753 -0.0203504 -0.0113734 0.99976 0.0186835 0.0205653 -0.0184464 0.999618 0.449777 -0.816823 0.892722
FixedParameters: 0 0 0

#Transform 149
Transform: AffineTransform_float_3_3
Parameters: 0.999742 0.0114168 -0.0196722 -0.0110544 0.99977 0.0184049 0.0198773 -0.0181822 0.999637 0.443945 -0.802317 0.852011
FixedParameters: 0 0 0

#Transform 150
Transform: AffineTransform_float_3_3
Parameters: 0.999759 0.0102953 -0.0193878 -0.00994839 0.99979 0.0179202 0.0195686 -0.0177229 0.999651 0.483549 -0.776971 0.887893
FixedParameters: 0 0 0

#Transform 151
Transform: AffineTransform_float_3_3
Parameters: 0.999681 0.0123382 -0.0220022 -0.0118898 0.999721 0.0203989 0.0222479 -0.020131 0.99955 0.461988 -0.919603 0.95298
FixedParameters: 0 0 0

#Transform 152
Transform: AffineTransform_float_3_3
Parameters: 0.999695 0.0109496 -0.0221395 -0.0105423 0.999775 0.0184066 0.0223365 -0.0181672 0.999586 0.596059 -0.759462 0.855129
FixedParameters: 0 0 0

#Transform 153
Transform: AffineTransform_float_3_3
Parameters: 0.999856 0.00835787 -0.0148185 -0.00804719 0.999748 0.0209483 0.0149901 -0.0208257 0.99967 0.363433 -0.883428 0.651748
FixedParameters: 0 0 0

#Transform 154
Transform: AffineTransform_float_3_3
Parameters: 0.999762 0.00941544 -0.0196641 -0.00922374 0.99991 0.00978123 0.0197545 -0.00959739 0.999759 0.494703 -0.440182 0.815195
FixedParameters: 0 0 0

#Transform 155
Transform: AffineTransform_float_3_3
Parameters: 0.999645 0.0121985 -0.0236768 -0.0119256 0.999862 0.0116416 0.0238157 -0.0113547 0.999652 0.607014 -0.317869 0.76509
FixedParameters: 0 0 0

#Transform 156
Transform: AffineTransform_float_3_3
Parameters: 0.999768 0.008425 -0.0197793 -0.00814909 0.999869 0.0139747 0.0198944 -0.0138102 0.999707 0.678832 -0.604046 0.601635
FixedParameters: 0 0 0

#Transform 157
Transform: AffineTransform_float_3_3
Parameters: 0.999937 -0.00172127 -0.0110512 0.00177374 0.999987 0.00480468 0.0110427 -0.00482361 0.999927 0.611897 -0.150469 0.612089
FixedParameters: 0 0 0

#Transform 158
Transform: AffineTransform_float_3_3
Parameters: 0.99995 0.000647359 -0.00994439 -0.000529155 0.999929 0.0118651 0.0099508 -0.0118591 0.99988 0.482713 -0.339157 0.397759
FixedParameters: 0 0 0

#Transform 159
Transform: AffineTransform_float_3_3
Parameters: 0.999955 0.000128159 -0.00944389 -6.59147e-05 0.999978 0.00665018 0.0094452 -0.00664927 0.999933 0.455831 -0.117359 0.239287
FixedParameters: 0 0 0

#Transform 160
Transform: AffineTransform_float_3_3
Parameters: 0.999947 -0.000397805 -0.0102967 0.00046317 0.99998 0.00628578 0.010294 -0.00629016 0.999927 0.51638 -0.121347 0.291334
FixedParameters: 0 0 0

#Transform 161
Transform: AffineTransform_float_3_3
Parameters: 0.999942 0.0012159 -0.0106859 -0.00112509 0.999962 0.00854013 0.0106965 -0.00852763 0.999906 0.402051 -0.134055 -0.17806
FixedParameters: 0 0 0

#Transform 162
Transform: AffineTransform_float_3_3
Parameters: 0.999915 0.00190403 -0.0129236 -0.00178356 0.999955 0.00931861 0.012941 -0.00929536 0.999873 0.494178 -0.111625 -0.16097
FixedParameters: 0 0 0

#Transform 163
Transform: AffineTransform_float_3_3
Parameters: 0.999877 0.00197755 -0.0155079 -0.0018429 0.99996 0.00865684 0.0155246 -0.00862707 0.999842 0.538098 -0.182083 -0.164904
FixedParameters: 0 0 0

#Transform 164
Transform: AffineTransform_float_3_3
Parameters: 0.999586 0.0126283 -0.0258417 -0.0123506 0.999865 0.0108476 0.0259753 -0.0105233 0.999607 0.660909 -0.292493 0.246089
FixedParameters: 0 0 0

#Transform 165
Transform: AffineTransform_float_3_3
Parameters: 0.999606 0.0146777 -0.0239044 -0.0143089 0.999777 0.0155084 0.0241277 -0.0151604 0.999594 0.486462 -0.472372 0.377405
FixedParameters: 0 0 0

#Transform 166
Transform: AffineTransform_float_3_3
Parameters: 0.999985 0.00366084 -0.00411378 -0.0036081 0.999912 0.0127913 0.00416066 -0.0127754 0.999909 0.33267 -0.407086 -0.226816
FixedParameters: 0 0 0

#Transform 167
Transform: AffineTransform_float_3_3
Parameters: 0.999992 -0.00301065 0.002539 0.00303231 0.99996 -0.00845721 -0.00251343 0.00846512 0.999961 0.187425 0.696882 -0.203831
FixedParameters: 0 0 0

#Transform 168
Transform: AffineTransform_float_3_3
Parameters: 0.999989 -0.00351061 -0.00303659 0.00349587 0.999982 -0.00495184 0.00305451 0.00494045 0.999983 0.395144 0.468968 -0.0428271
FixedParameters: 0 0 0

#Transform 169
Transform: AffineTransform_float_3_3
Parameters: 0.999958 -0.00266774 -0.00882877 0.00266421 0.999996 -0.00043493 0.00882966 0.00041149 0.99996 0.609082 0.161737 0.00396116
FixedParameters: 0 0 0

#Transform 170
Transform: AffineTransform_float_3_3
Parameters: 0.999945 -0.003239 -0.0099444 0.0032478 0.999994 0.000885818 0.00994171 -0.000918051 0.99995 0.67619 0.16262 0.0580172
FixedParameters: 0 0 0

#Transform 171
Transform: AffineTransform_float_3_3
Parameters: 0.999936 -0.00208843 -0.0111492 0.00212049 0.999994 0.00286914 0.0111432 -0.0028916 0.999933 0.672795 0.0177357 0.130482
FixedParameters: 0 0 0

#Transform 172
Transform: AffineTransform_float_3_3
Parameters: 0.999916 0.000239934 -0.0129433 -0.000222311 0.999999 0.00131909 0.012944 -0.00131603 0.999915 0.662342 0.2427 -0.557873
FixedParameters: 0 0 0

#Transform 173
Transform: AffineTransform_float_3_3
Parameters: 0.999901 -0.00110523 -0.0140086 0.00109591 0.999999 -0.000643585 0.0140091 0.000628196 0.999902 0.769326 0.219086 -1.13545
FixedParameters: 0 0 0

#Transform 174
Transform: AffineTransform_float_3_3
Parameters: 0.999912 -0.000470732 -0.0132205 0.000534168 0.999988 0.00478693 0.0132182 -0.00479326 0.999901 0.666676 0.0982548 -0.516145
FixedParameters: 0 0 0

#Transform 175
Transform: AffineTransform_float_3_3
Parameters: 0.999941 -0.00101636 -0.0108077 0.00114203 0.999931 0.011707 0.0107956 -0.0117186 0.999873 0.632393 -0.24256 -0.39005
FixedParameters: 0 0 0

#Transform 176
Transform: AffineTransform_float_3_3
Parameters: 0.999947 -0.00172901 -0.0101167 0.00178737 0.999982 0.00578203 0.0101063 -0.00580004 0.999932 0.643642 0.0946695 -0.707787
FixedParameters: 0 0 0

#Transform 177
Transform: AffineTransform_float_3_3
Parameters: 0.99992 -0.00206862 -0.0124954 0.00213252 0.999984 0.00512686 0.0124849 -0.00515261 0.999909 0.752239 0.041528 -0.594594
FixedParameters: 0 0 0

#Transform 178
Transform: AffineTransform_float_3_3
Parameters: 0.999927 -0.000987551 -0.0120292 0.00103551 0.999991 0.00397282 0.0120251 -0.00398519 0.999919 0.674121 0.163103 -0.654126
FixedParameters: 0 0 0

#Transform 179
Transform: AffineTransform_float_3_3
Parameters: 0.999909 -0.000867294 -0.0134408 0.000875766 1 0.000611801 0.0134403 -0.000624219 0.99991 0.71792 0.272234 -0.591281
FixedParameters: 0 0 0

#Transform 180
Transform: AffineTransform_float_3_3
Parameters: 0.999892 -0.000905326 -0.0146752 0.00097166 0.999989 0.00451876 0.0146716 -0.00453212 0.999882 0.80066 0.154578 -0.553056
FixedParameters: 0 0 0

#Transform 181
Transform: AffineTransform_float_3_3
Parameters: 0.999808 0.00473125 -0.0190203 -0.00474646 0.999988 -0.0007849 0.0190172 0.000874882 0.999818 0.672684 0.303404 -0.262565
FixedParameters: 0 0 0

#Transform 182
Transform: AffineTransform_float_3_3
Parameters: 0.999812 0.00714179 -0.0179895 -0.00689578 0.999883 0.0136798 0.0180847 -0.0135534 0.999745 0.626949 -0.404302 0.290899
FixedParameters: 0 0 0

#Transform 183
Transform: AffineTransform_float_3_3
Parameters: 0.999947 0.00170909 -0.0101161 -0.00160138 0.999941 0.0106672 0.0101338 -0.010651 0.999892 0.498524 -0.141185 -0.508699
FixedParameters: 0 0 0

#Transform 184
Transform: AffineTransform_float_3_3
Parameters: 0.999957 0.000339981 -0.00928383 -0.000266948 0.999969 0.00790096 0.00928682 -0.00789899 0.999925 0.504711 0.0197742 -0.53115
FixedParameters: 0 0 0

#Transform 185
Transform: AffineTransform_float_3_3
Parameters: 0.999937 -0.00507855 -0.00992275 0.0051069 0.999983 0.00279264 0.00990907 -0.00284302 0.999947 0.801449 0.251237 -0.601205
FixedParameters: 0 0 0

#Transform 186
Transform: AffineTransform_float_3_3
Parameters: 0.9999 -0.0048967 -0.0132142 0.00493707 0.999984 0.00300872 0.0131996 -0.00307403 0.999908 0.897179 0.206136 -0.562327
FixedParameters: 0 0 0

#Transform 187
Transform: AffineTransform_float_3_3
Parameters: 0.999906 -0.000244034 -0.0136952 0.000286919 0.999995 0.00311333 0.013695 -0.00311706 0.999901 0.717177 0.182735 -0.499422
FixedParameters: 0 0 0

#Transform 188
Transform: AffineTransform_float_3_3
Parameters: 0.999845 -0.000696197 -0.0175872 0.000743533 0.999997 0.00266837 0.017585 -0.00268065 0.999842 0.890139 0.239104 -0.372097
FixedParameters: 0 0 0

#Transform 189
Transform: AffineTransform_float_3_3
Parameters: 0.999874 0.00058233 -0.0159061 -0.000540683 0.999996 0.00262417 0.0159077 -0.00261446 0.99987 0.758375 0.282414 -0.342447
FixedParameters: 0 0 0

#Transform 190
Transform: AffineTransform_float_3_3
Parameters: 0.999888 -0.000199826 -0.0149436 0.000178947 0.999999 -0.00143732 0.0149437 0.00143417 0.999887 0.737208 0.416226 -0.382595
FixedParameters: 0 0 0

#Transform 191
Transform: AffineTransform_float_3_3
Parameters: 0.999878 0.00110475 -0.0155792 -0.00108804 0.999999 0.00111287 0.0155807 -0.0010962 0.999878 0.673352 0.303068 -0.512155
FixedParameters: 0 0 0

#Transform 192
