# transform file /out/sourcedata/freesurfer/sub-v1s5x0050754_ses-1/mri/transforms/cc_up.lta
# created by oesteban on Tue Mar 10 06:46:52 2026

type      = 0 # LINEAR_VOX_TO_VOX
nxforms   = 1
mean      = 129.0000 108.0000 121.0000
sigma     = 10000.0000
1 4 4
9.982511401176453e-01 -2.524955198168755e-02 5.345210060477257e-02 -3.888471603393555e+00 
2.521343342959881e-02 9.996811747550964e-01 1.350072096101940e-03 3.363979339599609e+01 
-5.346914753317833e-02 0.000000000000000e+00 9.985694885253906e-01 1.902121353149414e+01 
0.000000000000000e+00 0.000000000000000e+00 0.000000000000000e+00 1.000000000000000e+00 
src volume info
valid = 1  # volume info valid
filename = /out/sourcedata/freesurfer/sub-v1s5x0050754_ses-1/mri/norm.mgz
volume = 256 256 256
voxelsize = 1.000000000000000e+00 1.000000000000000e+00 1.000000000000000e+00
xras   = -1.000000119209290e+00 -4.656612873077393e-10 7.450580596923828e-09
yras   = 0.000000000000000e+00 0.000000000000000e+00 -1.000000000000000e+00
zras   = 4.656612873077393e-10 1.000000000000000e+00 0.000000000000000e+00
cras   = 2.506286621093750e+00 5.385551452636719e+00 1.159928131103516e+01
dst volume info
valid = 1  # volume info valid
filename = /out/sourcedata/freesurfer/sub-v1s5x0050754_ses-1/mri/norm.mgz
volume = 256 256 256
voxelsize = 1.000000000000000e+00 1.000000000000000e+00 1.000000000000000e+00
xras   = -1.000000119209290e+00 -4.656612873077393e-10 7.450580596923828e-09
yras   = 0.000000000000000e+00 0.000000000000000e+00 -1.000000000000000e+00
zras   = 4.656612873077393e-10 1.000000000000000e+00 0.000000000000000e+00
cras   = 2.506286621093750e+00 5.385551452636719e+00 1.159928131103516e+01
