# transform file /out/sourcedata/freesurfer/sub-v1s5x0050745_ses-1/mri/transforms/cc_up.lta
# created by oesteban on Tue Mar 10 06:26:46 2026

type      = 0 # LINEAR_VOX_TO_VOX
nxforms   = 1
mean      = 131.0000 109.0000 119.0000
sigma     = 10000.0000
1 4 4
9.961180090904236e-01 6.202190741896629e-02 6.246846914291382e-02 -1.566197299957275e+01 
-6.190030649304390e-02 9.980748295783997e-01 -3.881886601448059e-03 4.168198013305664e+01 
-6.258896738290787e-02 -2.328306714094452e-10 9.980394244194031e-01 3.739916229248047e+01 
0.000000000000000e+00 0.000000000000000e+00 0.000000000000000e+00 1.000000000000000e+00 
src volume info
valid = 1  # volume info valid
filename = /out/sourcedata/freesurfer/sub-v1s5x0050745_ses-1/mri/norm.mgz
volume = 256 256 256
voxelsize = 1.000000000000000e+00 1.000000000000000e+00 1.000000000000000e+00
xras   = -1.000000000000000e+00 0.000000000000000e+00 0.000000000000000e+00
yras   = -3.725290298461914e-09 3.725290298461914e-09 -9.999998807907104e-01
zras   = 1.629814505577087e-09 1.000000000000000e+00 0.000000000000000e+00
cras   = -7.912063598632812e-01 4.366607666015625e-01 1.422811889648438e+01
dst volume info
valid = 1  # volume info valid
filename = /out/sourcedata/freesurfer/sub-v1s5x0050745_ses-1/mri/norm.mgz
volume = 256 256 256
voxelsize = 1.000000000000000e+00 1.000000000000000e+00 1.000000000000000e+00
xras   = -1.000000000000000e+00 0.000000000000000e+00 0.000000000000000e+00
yras   = -3.725290298461914e-09 3.725290298461914e-09 -9.999998807907104e-01
zras   = 1.629814505577087e-09 1.000000000000000e+00 0.000000000000000e+00
cras   = -7.912063598632812e-01 4.366607666015625e-01 1.422811889648438e+01
