# transform file transforms/talairach.lta
# created by oesteban on Tue Mar 10 05:08:10 2026

type      = 0 # LINEAR_VOX_TO_VOX
nxforms   = 1
mean      = 131.0000 109.0000 119.0000
sigma     = 10000.0000
1 4 4
1.096841692924500e+00 8.212563395500183e-02 6.248834729194641e-02 -3.167352867126465e+01 
-9.927283227443695e-02 1.150980830192566e+00 1.618797928094864e-01 -3.949818611145020e+00 
-7.309174537658691e-02 -1.599841266870499e-01 1.003050923347473e+00 1.926282691955566e+01 
0.000000000000000e+00 0.000000000000000e+00 0.000000000000000e+00 1.000000000000000e+00 
src volume info
valid = 1  # volume info valid
filename = nu.mgz
volume = 256 256 256
voxelsize = 1.000000000000000e+00 1.000000000000000e+00 1.000000000000000e+00
xras   = -1.000000000000000e+00 0.000000000000000e+00 0.000000000000000e+00
yras   = -3.725290298461914e-09 3.725290298461914e-09 -9.999998807907104e-01
zras   = 1.629814505577087e-09 1.000000000000000e+00 0.000000000000000e+00
cras   = -7.912063598632812e-01 4.366607666015625e-01 1.422811889648438e+01
dst volume info
valid = 1  # volume info valid
filename = /opt/freesurfer/average/RB_all_2020-01-02.gca
volume = 256 256 256
voxelsize = 1.000000000000000e+00 1.000000000000000e+00 1.000000000000000e+00
xras   = -1.000000000000000e+00 0.000000000000000e+00 0.000000000000000e+00
yras   = 0.000000000000000e+00 0.000000000000000e+00 -1.000000000000000e+00
zras   = 0.000000000000000e+00 1.000000000000000e+00 0.000000000000000e+00
cras   = 0.000000000000000e+00 0.000000000000000e+00 0.000000000000000e+00
