type      = 0 # LINEAR_VOX_TO_VOX
nxforms   = 1
mean      = 0.0000 0.0000 0.0000
sigma     = 1.0000
1 4 4
1.108742952346802e+00 5.266599729657173e-02 7.130700349807739e-02 -2.992314147949219e+01 
-8.155000209808350e-02 1.115846872329712e+00 1.745769977569580e-01 -4.742645263671875e+00 
-6.199499964714050e-02 -1.152709797024727e-01 1.099714040756226e+00 -3.519287109375000e-01 
0.000000000000000e+00 0.000000000000000e+00 0.000000000000000e+00 1.000000000000000e+00 
src volume info
valid = 1  # volume info valid
filename = /out/sourcedata/freesurfer/sub-v1s5x0050745_ses-1/mri/orig.mgz
volume = 256 256 256
voxelsize = 1.000000000000000e+00 1.000000000000000e+00 1.000000000000000e+00
xras   = -1.000000000000000e+00 0.000000000000000e+00 0.000000000000000e+00
yras   = -3.725290298461914e-09 3.725290298461914e-09 -9.999998807907104e-01
zras   = 1.629814505577087e-09 1.000000000000000e+00 0.000000000000000e+00
cras   = -7.912063598632812e-01 4.366607666015625e-01 1.422811889648438e+01
dst volume info
valid = 1  # volume info valid
filename = /opt/freesurfer/average/mni305.cor.mgz
volume = 256 256 256
voxelsize = 1.000000000000000e+00 1.000000000000000e+00 1.000000000000000e+00
xras   = -1.000000000000000e+00 0.000000000000000e+00 0.000000000000000e+00
yras   = 0.000000000000000e+00 0.000000000000000e+00 -1.000000000000000e+00
zras   = 0.000000000000000e+00 1.000000000000000e+00 0.000000000000000e+00
cras   = 0.000000000000000e+00 0.000000000000000e+00 0.000000000000000e+00
subject fsaverage
fscale 0.100000
