#Insight Transform File V1.0
#Transform 0
Transform: AffineTransform_float_3_3
Parameters: 1 0.000204784 0.00060166 -0.000205791 0.999999 0.000836382 -0.000601401 -0.000836613 1 -0.0844876 -0.0169536 0.12889
FixedParameters: 0 0 0

#Transform 1
Transform: AffineTransform_float_3_3
Parameters: 1 0.00064931 -6.38103e-06 -0.00064931 1 -2.93303e-05 6.34295e-06 2.93386e-05 1 -0.080348 -0.0222968 0.131207
FixedParameters: 0 0 0

#Transform 2
Transform: AffineTransform_float_3_3
Parameters: 1 0.000608782 -0.000862168 -0.000608842 1 0.000141552 0.000862425 -0.000140515 0.999999 -0.0986881 -0.0730357 0.152791
FixedParameters: 0 0 0

#Transform 3
Transform: AffineTransform_float_3_3
Parameters: 0.999999 0.000540273 -0.000756488 -0.000540034 1 0.000131026 0.000756476 -0.000131195 0.999999 -0.0736955 0.0217481 0.15422
FixedParameters: 0 0 0

#Transform 4
Transform: AffineTransform_float_3_3
Parameters: 0.999999 0.000100849 -0.000762972 -0.000100718 1 8.60108e-05 0.000762989 -8.5857e-05 0.999999 -0.0641701 -0.0188578 0.13748
FixedParameters: 0 0 0

#Transform 5
Transform: AffineTransform_float_3_3
Parameters: 1 3.92453e-06 6.12507e-05 -3.93452e-06 1 8.14673e-05 -6.125e-05 -8.14677e-05 1 -0.0403811 -0.0766757 0.127381
FixedParameters: 0 0 0

#Transform 6
Transform: AffineTransform_float_3_3
Parameters: 1 3.7464e-06 -0.000389239 -3.62293e-06 1 0.000158649 0.00038924 -0.000158646 1 -0.0427666 -0.00360873 0.120306
FixedParameters: 0 0 0

#Transform 7
Transform: AffineTransform_float_3_3
Parameters: 1 -1.02113e-05 -0.000384495 1.00816e-05 1 -0.000168679 0.000384498 0.000168672 1 -0.0440295 0.00366801 0.138549
FixedParameters: 0 0 0

#Transform 8
Transform: AffineTransform_float_3_3
Parameters: 1 -0.000118649 -0.000663455 0.0001191 1 0.000340272 0.000663374 -0.000340429 0.999999 -0.0294896 -0.047293 0.161489
FixedParameters: 0 0 0

#Transform 9
Transform: AffineTransform_float_3_3
Parameters: 1 0.000147632 -0.000305819 -0.000148127 1 0.000747205 0.000306035 -0.000747158 0.999999 -0.0510263 -0.0459981 0.14631
FixedParameters: 0 0 0

#Transform 10
Transform: AffineTransform_float_3_3
Parameters: 1 5.69572e-07 -0.000404815 -4.80081e-07 1 0.00011056 0.000404815 -0.000110559 1 -0.0271801 -0.00926175 0.154818
FixedParameters: 0 0 0

#Transform 11
Transform: AffineTransform_float_3_3
Parameters: 1 8.2272e-05 -0.000245219 -8.19252e-05 0.999999 0.000707206 0.000245335 -0.000707166 0.999999 -0.0360239 -0.0162244 0.159469
FixedParameters: 0 0 0

#Transform 12
Transform: AffineTransform_float_3_3
Parameters: 1 -2.38853e-05 -0.00040632 2.39671e-05 1 0.000100706 0.000406315 -0.000100726 1 -0.0234521 -0.0205897 0.120507
FixedParameters: 0 0 0

#Transform 13
Transform: AffineTransform_float_3_3
Parameters: 1 0.000204928 -0.000126234 -0.000204858 1 0.000276139 0.000126348 -0.000276087 1 -0.0151824 -0.0439312 0.148996
FixedParameters: 0 0 0

#Transform 14
Transform: AffineTransform_float_3_3
Parameters: 1 -9.81039e-06 -0.000420279 9.81971e-06 1 1.11021e-05 0.000420279 -1.11103e-05 1 -0.0101156 -0.0461667 0.126934
FixedParameters: 0 0 0

#Transform 15
Transform: AffineTransform_float_3_3
Parameters: 1 4.45113e-06 -0.000230891 -4.30744e-06 1 0.000311254 0.000230894 -0.000311252 1 -0.0151693 -0.0437519 0.157901
FixedParameters: 0 0 0

#Transform 16
Transform: AffineTransform_float_3_3
Parameters: 1 -0.000111873 -0.000311609 0.000111824 1 -7.83705e-05 0.000311626 7.83008e-05 1 -0.0112952 -0.0444414 0.0954256
FixedParameters: 0 0 0

#Transform 17
Transform: AffineTransform_float_3_3
Parameters: 1 -0.000309269 0.000218931 0.000308881 0.999999 0.000886041 -0.000219479 -0.000885906 0.999999 -0.000405953 -0.0243931 0.0950307
FixedParameters: 0 0 0

#Transform 18
Transform: AffineTransform_float_3_3
Parameters: 1 -0.000316536 6.23641e-05 0.000316529 1 5.37461e-05 -6.23982e-05 -5.37067e-05 1 0.0051493 -0.0104727 0.0802228
FixedParameters: 0 0 0

#Transform 19
Transform: AffineTransform_float_3_3
Parameters: 1 0.000115104 -0.000280417 -0.000114878 1 0.000403317 0.000280509 -0.000403252 1 0.00175016 -0.049615 0.0803182
FixedParameters: 0 0 0

#Transform 20
Transform: AffineTransform_float_3_3
Parameters: 1 -4.15457e-05 4.19882e-05 4.15772e-05 1 -0.000374448 -4.1957e-05 0.000374452 1 0.00714499 -0.00285055 -0.014291
FixedParameters: 0 0 0

#Transform 21
Transform: AffineTransform_float_3_3
Parameters: 1 -3.70751e-05 0.000606041 3.65254e-05 0.999999 0.0014886 -0.00060623 -0.0014885 0.999998 -0.016093 -0.0726546 0.0414337
FixedParameters: 0 0 0

#Transform 22
Transform: AffineTransform_float_3_3
Parameters: 0.999999 -0.000275321 0.000794248 0.000274448 0.999999 0.00133918 -0.000795063 -0.00133868 0.999999 0.0115743 0.00611094 0.0456331
FixedParameters: 0 0 0

#Transform 23
Transform: AffineTransform_float_3_3
Parameters: 1 -0.000275303 0.000536339 0.000275093 0.999999 0.00137924 -0.000536193 -0.00137904 0.999999 0.010125 -0.0435452 0.0763174
FixedParameters: 0 0 0

#Transform 24
Transform: AffineTransform_float_3_3
Parameters: 1 5.06419e-05 0.000542406 -5.09248e-05 0.999999 0.00141767 -0.000542341 -0.00141767 0.999999 -0.0141124 -0.0309606 0.0954127
FixedParameters: 0 0 0

#Transform 25
Transform: AffineTransform_float_3_3
Parameters: 1 4.75519e-05 0.000437248 -4.8688e-05 0.999998 0.00164584 -0.000437175 -0.00164587 0.999998 -0.0130258 -0.0502605 0.0969491
FixedParameters: 0 0 0

#Transform 26
Transform: AffineTransform_float_3_3
Parameters: 1 0.000138368 0.000519472 -0.00013873 0.999998 0.00155616 -0.000519121 -0.00155625 0.999998 -0.00982474 0.000137322 0.124507
FixedParameters: 0 0 0

#Transform 27
Transform: AffineTransform_float_3_3
Parameters: 1 0.000115532 8.78649e-05 -0.000115431 1 0.00115027 -8.76843e-05 -0.00115028 1 -0.0249243 -0.0398889 0.0988224
FixedParameters: 0 0 0

#Transform 28
Transform: AffineTransform_float_3_3
Parameters: 1 0.000283265 0.00012961 -0.000283329 0.999999 0.00141808 -0.000128891 -0.00141814 0.999999 -0.0389391 -0.0109997 0.107214
FixedParameters: 0 0 0

#Transform 29
Transform: AffineTransform_float_3_3
Parameters: 1 7.47882e-05 2.84342e-05 -7.48318e-05 0.999999 0.000768254 -2.83193e-05 -0.000768258 0.999999 -0.0262681 -0.0231872 0.0639359
FixedParameters: 0 0 0

#Transform 30
Transform: AffineTransform_float_3_3
Parameters: 1 9.59991e-05 0.000104011 -9.59567e-05 0.999999 0.00125396 -0.000103855 -0.00125396 0.999999 -0.0397236 -0.026449 0.0982192
FixedParameters: 0 0 0

#Transform 31
Transform: AffineTransform_float_3_3
Parameters: 1 -0.000101968 0.000209048 0.000101586 0.999999 0.00091398 -0.000209234 -0.000913937 0.999999 -0.0112051 -0.0405728 0.0660022
FixedParameters: 0 0 0

#Transform 32
Transform: AffineTransform_float_3_3
Parameters: 1 9.53154e-05 0.000101551 -9.52637e-05 0.999999 0.00123816 -0.0001014 -0.00123817 0.999999 -0.0237265 0.0132548 0.0915541
FixedParameters: 0 0 0

#Transform 33
Transform: AffineTransform_float_3_3
Parameters: 1 0.000135684 0.000258658 -0.000135219 0.999999 0.000940494 -0.000258397 -0.000940521 0.999999 -0.0285892 -0.0311789 0.0737949
FixedParameters: 0 0 0

#Transform 34
Transform: AffineTransform_float_3_3
Parameters: 1 9.62121e-05 0.000297457 -9.66399e-05 0.999999 0.00122889 -0.000297305 -0.00122893 0.999999 -0.0386605 -0.0238754 0.0928682
FixedParameters: 0 0 0

#Transform 35
Transform: AffineTransform_float_3_3
Parameters: 1 8.08309e-05 5.01033e-05 -8.09218e-05 0.999999 0.000907447 -4.99566e-05 -0.000907455 0.999999 -0.025387 -0.00712362 0.0422179
FixedParameters: 0 0 0

#Transform 36
Transform: AffineTransform_float_3_3
Parameters: 1 0.000556061 0.000117207 -0.000556086 0.999999 0.00133825 -0.000116788 -0.00133822 0.999999 -0.0521876 -0.0495195 0.0826553
FixedParameters: 0 0 0

#Transform 37
Transform: AffineTransform_float_3_3
Parameters: 1 0.000405273 3.61337e-05 -0.000405332 0.999999 0.000818526 -3.54702e-05 -0.000818555 0.999999 -0.0173117 0.041071 0.0739098
FixedParameters: 0 0 0

#Transform 38
Transform: AffineTransform_float_3_3
Parameters: 1 0.000533256 8.90938e-05 -0.000533173 0.999999 0.00115825 -8.89281e-05 -0.00115818 1 -0.0508566 -0.0616989 0.0792662
FixedParameters: 0 0 0

#Transform 39
Transform: AffineTransform_float_3_3
Parameters: 1 0.000458004 5.95298e-05 -0.000458767 1 0.000968552 -5.86477e-05 -0.000968651 0.999999 -0.0421618 -0.0125479 0.0686135
FixedParameters: 0 0 0

#Transform 40
Transform: AffineTransform_float_3_3
Parameters: 1 0.000356154 -0.000274027 -0.00035534 1 0.000958188 0.000273724 -0.000957842 0.999999 -0.0553317 -0.0296577 0.0657632
FixedParameters: 0 0 0

#Transform 41
Transform: AffineTransform_float_3_3
Parameters: 1 0.00054596 -0.000325843 -0.000544924 0.999999 0.00114551 0.000326022 -0.00114498 1 -0.0402947 0.0136425 0.083026
FixedParameters: 0 0 0

#Transform 42
Transform: AffineTransform_float_3_3
Parameters: 1 0.000440245 -0.000380967 -0.000439656 0.999999 0.000791931 0.000380679 -0.000791442 0.999999 -0.0537576 -0.0218741 0.0964145
FixedParameters: 0 0 0

#Transform 43
Transform: AffineTransform_float_3_3
Parameters: 1 0.000531833 -0.00040771 -0.000531342 0.999999 0.000620953 0.000407385 -0.000620366 0.999999 -0.0703415 -0.0578511 0.0948548
FixedParameters: 0 0 0

#Transform 44
Transform: AffineTransform_float_3_3
Parameters: 0.999998 0.00161748 -0.000492049 -0.00161735 0.999998 8.89213e-05 0.000492267 -8.83318e-05 1 -0.0911003 0.00660393 0.147
FixedParameters: 0 0 0

#Transform 45
Transform: AffineTransform_float_3_3
Parameters: 0.999999 0.000713445 0.000180354 -0.000713493 1 0.000978107 -0.000179044 -0.00097835 1 -0.0528172 0.00193596 0.177997
FixedParameters: 0 0 0

#Transform 46
Transform: AffineTransform_float_3_3
Parameters: 1 0.00072282 3.05403e-05 -0.000722605 0.999999 0.001224 -2.98406e-05 -0.00122387 0.999999 -0.0620025 -0.0838849 0.203414
FixedParameters: 0 0 0

#Transform 47
Transform: AffineTransform_float_3_3
Parameters: 1 0.000302569 0.000234598 -0.000302934 0.999999 0.000747479 -0.00023513 -0.000747468 0.999999 -0.0495766 0.0231361 0.184758
FixedParameters: 0 0 0

#Transform 48
Transform: AffineTransform_float_3_3
Parameters: 0.999999 0.000380089 -0.000663875 -0.000380365 1 0.000509369 0.000664256 -0.000508906 0.999999 -0.0570475 -0.0447377 0.151536
FixedParameters: 0 0 0

#Transform 49
Transform: AffineTransform_float_3_3
Parameters: 1 0.000319659 -0.000520315 -0.000319333 1 0.000313348 0.000520515 -0.000313016 1 -0.0532174 0.0145127 0.170414
FixedParameters: 0 0 0

#Transform 50
Transform: AffineTransform_float_3_3
Parameters: 1 0.000874185 -0.000367401 -0.000874199 0.999999 0.00129384 0.000368672 -0.00129309 0.999999 -0.108863 -0.0702245 0.233735
FixedParameters: 0 0 0

#Transform 51
Transform: AffineTransform_float_3_3
Parameters: 1 0.000628446 -0.000254681 -0.000628148 0.999999 0.000583765 0.000255414 -0.000583444 1 -0.0924893 -0.0284325 0.204535
FixedParameters: 0 0 0

#Transform 52
Transform: AffineTransform_float_3_3
Parameters: 1 0.000149886 -0.000375651 -0.000149479 1 0.000506803 0.000374665 -0.000507525 1 -0.0723436 -0.0289642 0.207733
FixedParameters: 0 0 0

#Transform 53
Transform: AffineTransform_float_3_3
Parameters: 1 0.000177898 -0.000363019 -0.000178443 1 0.000503585 0.000363039 -0.000504486 1 -0.0709727 -0.0793521 0.208623
FixedParameters: 0 0 0

#Transform 54
Transform: AffineTransform_float_3_3
Parameters: 1 2.05549e-05 -0.000494678 -2.00838e-05 1 0.000476199 0.000494697 -0.000476179 1 -0.0836948 -0.0355391 0.254342
FixedParameters: 0 0 0

#Transform 55
Transform: AffineTransform_float_3_3
Parameters: 1 3.78357e-05 -0.000571468 -3.72162e-05 1 0.000542108 0.000571509 -0.000542065 0.999999 -0.0617901 -0.0404767 0.261539
FixedParameters: 0 0 0

#Transform 56
Transform: AffineTransform_float_3_3
Parameters: 0.999999 0.000239132 -0.000724893 -0.000238238 1 0.000617144 0.000725188 -0.000616798 0.999999 -0.0804454 -0.0380531 0.280105
FixedParameters: 0 0 0

#Transform 57
Transform: AffineTransform_float_3_3
Parameters: 1 0.000244129 -0.000851253 -0.000243104 0.999999 0.000780469 0.000851634 -0.000780052 1 -0.0881428 -0.040869 0.287117
FixedParameters: 0 0 0

#Transform 58
Transform: AffineTransform_float_3_3
Parameters: 0.999999 0.000287953 -0.000719257 -0.000287043 0.999998 0.00174466 0.000720079 -0.0017443 0.999998 -0.0985655 -0.0729183 0.233464
FixedParameters: 0 0 0

#Transform 59
Transform: AffineTransform_float_3_3
Parameters: 0.999999 0.000561159 -0.000370648 -0.000560878 0.999999 0.00127337 0.000371002 -0.00127284 0.999999 -0.10418 -0.0735546 0.285869
FixedParameters: 0 0 0

#Transform 60
Transform: AffineTransform_float_3_3
Parameters: 1 0.000291742 -0.000834291 -0.000291254 0.999999 0.00104522 0.000834895 -0.00104478 0.999999 -0.135337 -0.0550651 0.287347
FixedParameters: 0 0 0

#Transform 61
Transform: AffineTransform_float_3_3
Parameters: 1 0.000459582 -0.000835428 -0.000459103 0.999999 0.00103825 0.000836377 -0.00103753 0.999999 -0.135423 -0.0472137 0.290151
FixedParameters: 0 0 0

#Transform 62
Transform: AffineTransform_float_3_3
Parameters: 1 0.000410266 -0.00108095 -0.000409582 0.999999 0.000885167 0.00108053 -0.000885155 0.999999 -0.179561 -0.0481078 0.295937
FixedParameters: 0 0 0

#Transform 63
Transform: AffineTransform_float_3_3
Parameters: 1 0.000642055 -0.000925988 -0.000641509 0.999999 0.0004591 0.000926577 -0.000457909 1 -0.166019 -0.0156786 0.302242
FixedParameters: 0 0 0

#Transform 64
Transform: AffineTransform_float_3_3
Parameters: 0.999998 0.000908396 -0.00131324 -0.000906748 0.999999 0.000980468 0.00131388 -0.00097896 0.999998 -0.190662 -0.067091 0.337376
FixedParameters: 0 0 0

#Transform 65
Transform: AffineTransform_float_3_3
Parameters: 0.999999 0.000220928 -0.00143 -0.000220577 1 0.000229362 0.0014301 -0.000228729 0.999999 -0.137849 0.0220884 0.295687
FixedParameters: 0 0 0

#Transform 66
Transform: AffineTransform_float_3_3
Parameters: 0.999999 0.000437069 -0.00125698 -0.000435579 0.999999 0.00134 0.00125691 -0.00133981 0.999999 -0.168673 -0.0366311 0.333332
FixedParameters: 0 0 0

#Transform 67
Transform: AffineTransform_float_3_3
Parameters: 0.999999 0.000643685 -0.0015749 -0.000643293 0.999999 0.00060698 0.0015756 -0.000605993 0.999998 -0.162571 -0.0706144 0.296814
FixedParameters: 0 0 0

#Transform 68
Transform: AffineTransform_float_3_3
Parameters: 1 0.000107216 -0.00106303 -0.000105601 1 0.00120723 0.00106328 -0.00120705 0.999998 -0.143121 -0.0431738 0.326032
FixedParameters: 0 0 0

#Transform 69
Transform: AffineTransform_float_3_3
Parameters: 0.999999 0.000210923 -0.00170659 -0.000209668 0.999999 0.000824951 0.00170693 -0.000824271 0.999998 -0.133399 -0.0188987 0.309793
FixedParameters: 0 0 0

#Transform 70
Transform: AffineTransform_float_3_3
Parameters: 0.999999 0.000283234 -0.00164372 -0.000281666 0.999999 0.00122847 0.00164425 -0.00122861 0.999998 -0.154214 -0.0598158 0.346955
FixedParameters: 0 0 0

#Transform 71
Transform: AffineTransform_float_3_3
Parameters: 0.999999 -0.000258624 -0.00177891 0.000259289 1 0.000357435 0.00177872 -0.000358351 0.999999 -0.125317 -0.0632237 0.278795
FixedParameters: 0 0 0

#Transform 72
Transform: AffineTransform_float_3_3
Parameters: 0.999999 0.000138693 -0.00173119 -0.000136993 1 0.000666711 0.00173137 -0.000666229 0.999999 -0.150254 0.000249363 0.315982
FixedParameters: 0 0 0

#Transform 73
Transform: AffineTransform_float_3_3
Parameters: 0.999999 0.000136534 -0.00179192 -0.000134893 1 0.000627633 0.00179209 -0.000627141 0.999998 -0.119653 -0.0141917 0.299079
FixedParameters: 0 0 0

#Transform 74
Transform: AffineTransform_float_3_3
Parameters: 0.999998 0.00014091 -0.00213295 -0.000139431 1 0.000783851 0.00213316 -0.000783288 0.999998 -0.160908 -0.0588463 0.296382
FixedParameters: 0 0 0

#Transform 75
Transform: AffineTransform_float_3_3
Parameters: 0.999998 0.000126874 -0.00218075 -0.000125707 1 0.00047685 0.00218087 -0.000476292 0.999998 -0.149234 -0.0339073 0.268512
FixedParameters: 0 0 0

#Transform 76
Transform: AffineTransform_float_3_3
Parameters: 0.999997 0.000153877 -0.00208917 -0.000150987 0.999999 0.00106523 0.0020894 -0.00106461 0.999997 -0.158634 -0.0408576 0.305585
FixedParameters: 0 0 0

#Transform 77
Transform: AffineTransform_float_3_3
Parameters: 0.999998 0.000142395 -0.00212787 -0.000140785 1 0.00081643 0.0021281 -0.000815863 0.999998 -0.140427 -0.0451872 0.295666
FixedParameters: 0 0 0

#Transform 78
Transform: AffineTransform_float_3_3
Parameters: 0.999998 0.000157924 -0.00207499 -0.000155901 0.999999 0.00115601 0.00207519 -0.00115642 0.999997 -0.143054 -0.0917772 0.345868
FixedParameters: 0 0 0

#Transform 79
Transform: AffineTransform_float_3_3
Parameters: 0.999998 -0.000232903 -0.00219902 0.000233562 1 0.000356787 0.00219885 -0.000357805 0.999998 -0.128297 -0.0470642 0.287934
FixedParameters: 0 0 0

#Transform 80
Transform: AffineTransform_float_3_3
Parameters: 0.999998 5.236e-05 -0.00213109 -5.08341e-05 1 0.000795326 0.00213117 -0.000795142 0.999998 -0.142073 -0.0464935 0.341579
FixedParameters: 0 0 0

#Transform 81
Transform: AffineTransform_float_3_3
Parameters: 0.999998 -0.000500238 -0.00221249 0.000500474 1 0.00026761 0.00221246 -0.000268845 0.999997 -0.120346 -0.000945704 0.298775
FixedParameters: 0 0 0

#Transform 82
Transform: AffineTransform_float_3_3
Parameters: 0.999998 -0.000217925 -0.00214119 0.000219142 1 0.000729049 0.00214102 -0.000729033 0.999998 -0.144418 -0.0753085 0.334966
FixedParameters: 0 0 0

#Transform 83
Transform: AffineTransform_float_3_3
Parameters: 0.999998 -0.000443841 -0.00227235 0.000443309 1 -0.00011742 0.00227261 0.000116441 0.999998 -0.11246 -0.000788785 0.296413
FixedParameters: 0 0 0

#Transform 84
Transform: AffineTransform_float_3_3
Parameters: 0.999998 -0.000332032 -0.00219552 0.000332743 1 0.000378572 0.00219542 -0.000379038 0.999998 -0.127134 -0.0617931 0.229971
FixedParameters: 0 0 0

#Transform 85
Transform: AffineTransform_float_3_3
Parameters: 0.999996 -0.000590505 -0.00292433 0.000584388 0.999998 -0.00173933 0.00292556 0.00173827 0.999994 -0.111326 -0.05182 0.197912
FixedParameters: 0 0 0

#Transform 86
Transform: AffineTransform_float_3_3
Parameters: 0.999996 -0.000523205 -0.0029217 0.00051923 0.999999 -0.00138186 0.00292225 0.00138019 0.999995 -0.117389 0.0279204 0.265008
FixedParameters: 0 0 0

#Transform 87
Transform: AffineTransform_float_3_3
Parameters: 0.999996 -0.000825924 -0.00291794 0.000821989 0.999999 -0.00137007 0.00291946 0.00136762 0.999995 -0.12368 0.00596712 0.219319
FixedParameters: 0 0 0

#Transform 88
Transform: AffineTransform_float_3_3
Parameters: 0.999996 -0.000731797 -0.00286779 0.000728611 0.999999 -0.00104441 0.00286858 0.00104254 0.999996 -0.117032 -0.0254844 0.251684
FixedParameters: 0 0 0

#Transform 89
Transform: AffineTransform_float_3_3
Parameters: 0.999994 -0.00142257 -0.00301645 0.00141593 0.999997 -0.00202022 0.00301946 0.00201538 0.999994 -0.100249 0.0152791 0.200026
FixedParameters: 0 0 0

#Transform 90
Transform: AffineTransform_float_3_3
Parameters: 0.999996 -0.00104806 -0.00275251 0.00104567 0.999999 -0.000932807 0.00275297 0.000930489 0.999995 -0.125299 -0.0776196 0.226687
FixedParameters: 0 0 0

#Transform 91
Transform: AffineTransform_float_3_3
Parameters: 0.999996 -0.00107364 -0.00278585 0.00106932 0.999998 -0.00149582 0.00278749 0.00149335 0.999995 -0.122499 -0.0548245 0.209807
FixedParameters: 0 0 0

#Transform 92
Transform: AffineTransform_float_3_3
Parameters: 0.999996 -0.00105003 -0.00261817 0.00104783 0.999998 -0.00100614 0.00261969 0.00100395 0.999996 -0.112059 -0.0454507 0.215732
FixedParameters: 0 0 0

#Transform 93
Transform: AffineTransform_float_3_3
Parameters: 0.999997 -0.00105001 -0.00243801 0.00104831 0.999999 -0.00104511 0.00243847 0.00104246 0.999997 -0.101524 0.0201107 0.198203
FixedParameters: 0 0 0

#Transform 94
Transform: AffineTransform_float_3_3
Parameters: 0.999996 -0.00102414 -0.00262083 0.00102372 0.999999 -0.000427458 0.0026212 0.00042534 0.999997 -0.0843689 -0.0175191 0.226241
FixedParameters: 0 0 0

#Transform 95
Transform: AffineTransform_float_3_3
Parameters: 0.999996 -0.00156536 -0.00229213 0.00156374 0.999998 -0.000869082 0.0022935 0.000866293 0.999997 -0.0817776 -0.0737592 0.175504
FixedParameters: 0 0 0

#Transform 96
Transform: AffineTransform_float_3_3
Parameters: 0.999997 -0.00139406 -0.00216643 0.00139263 0.999998 -0.000595793 0.00216659 0.000593114 0.999998 -0.0802729 -0.0369112 0.192552
FixedParameters: 0 0 0

#Transform 97
Transform: AffineTransform_float_3_3
Parameters: 0.999997 -0.00138999 -0.00214933 0.00138906 0.999999 -0.00048516 0.00214926 0.000482529 0.999997 -0.0831807 -0.0450948 0.170571
FixedParameters: 0 0 0

#Transform 98
Transform: AffineTransform_float_3_3
Parameters: 0.999997 -0.00102362 -0.0023461 0.00102258 1 -0.000469963 0.00234655 0.000468367 0.999997 -0.0921125 -0.0417446 0.221647
FixedParameters: 0 0 0

#Transform 99
Transform: AffineTransform_float_3_3
Parameters: 0.999997 -0.00102911 -0.0025961 0.00102811 0.999999 -0.000542494 0.00259671 0.000540403 0.999997 -0.0981738 -0.0574412 0.190981
FixedParameters: 0 0 0

#Transform 100
Transform: AffineTransform_float_3_3
Parameters: 0.999998 -0.00038862 -0.00207537 0.000388987 1 4.72739e-06 0.00207537 -6.29372e-06 0.999998 -0.0785191 -0.0143213 0.18333
FixedParameters: 0 0 0

#Transform 101
Transform: AffineTransform_float_3_3
Parameters: 0.999999 -0.000241832 -0.00150862 0.000244459 0.999999 0.00160218 0.00150783 -0.001603 0.999997 -0.0993476 -0.0670471 0.178202
FixedParameters: 0 0 0

#Transform 102
Transform: AffineTransform_float_3_3
Parameters: 0.999998 -0.000433675 -0.00193214 0.000434707 0.999999 0.000927335 0.00193148 -0.000928106 0.999997 -0.101078 -0.093599 0.221014
FixedParameters: 0 0 0

#Transform 103
Transform: AffineTransform_float_3_3
Parameters: 0.999998 -0.000370723 -0.00196665 0.000371897 1 0.000705237 0.00196628 -0.000705749 0.999998 -0.0929615 -0.0419738 0.207245
FixedParameters: 0 0 0

#Transform 104
Transform: AffineTransform_float_3_3
Parameters: 0.999997 -0.000838324 -0.00215309 0.000839931 1 0.000753494 0.00215213 -0.00075517 0.999998 -0.0877769 -0.0636418 0.211793
FixedParameters: 0 0 0

#Transform 105
Transform: AffineTransform_float_3_3
Parameters: 0.999997 -0.000894319 -0.00227348 0.000895662 1 0.000236651 0.00227337 -0.000238698 0.999998 -0.0839412 -0.0491019 0.206059
FixedParameters: 0 0 0

#Transform 106
Transform: AffineTransform_float_3_3
Parameters: 0.999997 -0.00123147 -0.00197379 0.00123358 0.999999 0.000955769 0.00197296 -0.000957878 0.999997 -0.0708685 -0.0744164 0.294476
FixedParameters: 0 0 0

#Transform 107
Transform: AffineTransform_float_3_3
Parameters: 0.999996 -0.00130281 -0.00244903 0.0013032 0.999999 0.000288642 0.00244882 -0.00029207 0.999997 -0.0798818 -0.0523176 0.22807
FixedParameters: 0 0 0

#Transform 108
Transform: AffineTransform_float_3_3
Parameters: 0.999997 -0.00120323 -0.00234989 0.00120564 0.999999 0.000931626 0.00234917 -0.000934529 0.999997 -0.0680411 -0.0580622 0.263802
FixedParameters: 0 0 0

#Transform 109
Transform: AffineTransform_float_3_3
Parameters: 0.999997 -0.00121194 -0.00240283 0.0012128 0.999999 0.000588689 0.00240194 -0.000591604 0.999997 -0.0648307 -0.106731 0.246609
FixedParameters: 0 0 0

#Transform 110
Transform: AffineTransform_float_3_3
Parameters: 0.999997 -0.00119011 -0.00232937 0.00119215 0.999999 0.00106462 0.00232835 -0.00106745 0.999996 -0.0670665 -0.0739597 0.249533
FixedParameters: 0 0 0

#Transform 111
Transform: AffineTransform_float_3_3
Parameters: 0.999995 -0.00120986 -0.00265844 0.00121143 0.999999 0.000676678 0.00265741 -0.0006792 0.999996 -0.0593745 -0.0777074 0.233917
FixedParameters: 0 0 0

#Transform 112
Transform: AffineTransform_float_3_3
Parameters: 0.999997 -0.00121446 -0.0024112 0.00121601 0.999999 0.000534417 0.00241045 -0.000537324 0.999997 -0.0718496 -0.0701655 0.17101
FixedParameters: 0 0 0

#Transform 113
Transform: AffineTransform_float_3_3
Parameters: 0.999996 -0.00138154 -0.00257463 0.0013806 0.999998 -0.000526269 0.00257573 0.000523393 0.999997 -0.0598033 -0.0328918 0.176764
FixedParameters: 0 0 0

#Transform 114
Transform: AffineTransform_float_3_3
Parameters: 0.999996 -0.00131637 -0.00248097 0.0013167 0.999999 8.14652e-05 0.0024813 -8.50025e-05 0.999997 -0.0602074 -0.0618182 0.212825
FixedParameters: 0 0 0

#Transform 115
Transform: AffineTransform_float_3_3
Parameters: 0.999997 -0.00144946 -0.00234344 0.00144766 0.999999 -0.000366739 0.00234407 0.000363098 0.999997 -0.0448178 0.0112865 0.183265
FixedParameters: 0 0 0

#Transform 116
Transform: AffineTransform_float_3_3
Parameters: 0.999996 -0.00150674 -0.00246458 0.00150659 0.999999 0.000185977 0.00246471 -0.000189463 0.999997 -0.0677626 -0.0659568 0.208883
FixedParameters: 0 0 0

#Transform 117
Transform: AffineTransform_float_3_3
Parameters: 0.999996 -0.00164608 -0.00221159 0.00164596 0.999998 0.00020442 0.00221154 -0.000208763 0.999997 -0.0789282 -0.0908178 0.176119
FixedParameters: 0 0 0

#Transform 118
Transform: AffineTransform_float_3_3
Parameters: 0.999996 -0.0015096 -0.00246745 0.00150936 0.999999 0.000167293 0.00246764 -0.000170802 0.999997 -0.0927491 -0.0859086 0.148116
FixedParameters: 0 0 0

#Transform 119
Transform: AffineTransform_float_3_3
Parameters: 0.999996 -0.00136825 -0.00241314 0.0013697 0.999999 0.000520776 0.00241241 -0.000523442 0.999997 -0.102238 -0.113341 0.186106
FixedParameters: 0 0 0

#Transform 120
Transform: AffineTransform_float_3_3
Parameters: 0.999996 -0.00137751 -0.0024442 0.001378 0.999999 0.000319324 0.00244402 -0.000322118 0.999997 -0.0786096 -0.0692701 0.173331
FixedParameters: 0 0 0

#Transform 121
Transform: AffineTransform_float_3_3
Parameters: 0.999997 -0.00136171 -0.00208971 0.00136259 0.999999 0.000610373 0.00208859 -0.000613156 0.999997 -0.0910297 -0.0822303 0.206624
FixedParameters: 0 0 0

#Transform 122
Transform: AffineTransform_float_3_3
Parameters: 0.999996 -0.00150515 -0.00226787 0.00150719 0.999998 0.000681264 0.0022675 -0.000684308 0.999997 -0.077256 -0.0861563 0.188264
FixedParameters: 0 0 0

#Transform 123
Transform: AffineTransform_float_3_3
Parameters: 0.999996 -0.00136925 -0.00241649 0.0013706 0.999999 0.000499051 0.00241582 -0.000501731 0.999997 -0.0769699 -0.0371042 0.245368
FixedParameters: 0 0 0

#Transform 124
Transform: AffineTransform_float_3_3
Parameters: 0.999995 -0.00135197 -0.00276735 0.00135391 0.999999 0.00094029 0.00276549 -0.000943919 0.999995 -0.0672974 -0.0878114 0.295668
FixedParameters: 0 0 0

#Transform 125
Transform: AffineTransform_float_3_3
Parameters: 0.999997 -0.00146803 -0.0020548 0.00147024 0.999998 0.00125654 0.00205376 -0.00125902 0.999997 -0.0925787 -0.0845671 0.294468
FixedParameters: 0 0 0

#Transform 126
Transform: AffineTransform_float_3_3
Parameters: 0.999997 -0.00177565 -0.00179875 0.00177743 0.999998 0.00122987 0.00179712 -0.00123273 0.999997 -0.0562299 -0.115476 0.273467
FixedParameters: 0 0 0

#Transform 127
Transform: AffineTransform_float_3_3
Parameters: 0.999997 -0.00185681 -0.00165563 0.00185951 0.999997 0.00179253 0.00165244 -0.00179632 0.999997 -0.0665432 -0.175386 0.277895
FixedParameters: 0 0 0

#Transform 128
Transform: AffineTransform_float_3_3
Parameters: 0.999996 -0.00221131 -0.00194532 0.00221432 0.999996 0.00144769 0.00194263 -0.00145291 0.999997 -0.0435896 -0.0940575 0.246689
FixedParameters: 0 0 0

#Transform 129
Transform: AffineTransform_float_3_3
Parameters: 0.999996 -0.00153587 -0.00227255 0.00153885 0.999998 0.00144579 0.00227066 -0.00144925 0.999997 -0.0641874 -0.0637422 0.199468
FixedParameters: 0 0 0

#Transform 130
Transform: AffineTransform_float_3_3
Parameters: 0.999998 -0.001756 -0.00162419 0.0017594 0.999996 0.00205592 0.00162059 -0.00205828 0.999996 -0.0769574 -0.0830714 0.211836
FixedParameters: 0 0 0

#Transform 131
Transform: AffineTransform_float_3_3
Parameters: 0.999997 -0.00206988 -0.00146711 0.00207144 0.999997 0.00131375 0.00146425 -0.00131727 0.999998 -0.0626804 -0.110009 0.204378
FixedParameters: 0 0 0

#Transform 132
Transform: AffineTransform_float_3_3
Parameters: 0.999997 -0.002208 -0.00135171 0.0022101 0.999997 0.00127453 0.00134866 -0.00127791 0.999999 -0.0555238 -0.0447572 0.210135
FixedParameters: 0 0 0

#Transform 133
Transform: AffineTransform_float_3_3
Parameters: 0.999996 -0.00205068 -0.00174853 0.00205366 0.999997 0.00124681 0.00174615 -0.00125041 0.999997 -0.0362312 -0.0205167 0.239927
FixedParameters: 0 0 0

#Transform 134
Transform: AffineTransform_float_3_3
Parameters: 0.999996 -0.00208562 -0.00169734 0.00208771 0.999997 0.0015806 0.00169437 -0.00158433 0.999998 -0.0356108 -0.0826874 0.231676
FixedParameters: 0 0 0

#Transform 135
Transform: AffineTransform_float_3_3
Parameters: 0.999996 -0.00210774 -0.00177246 0.00210927 0.999998 0.00109078 0.00177059 -0.00109473 0.999998 -0.0509571 -0.0777026 0.227525
FixedParameters: 0 0 0

#Transform 136
Transform: AffineTransform_float_3_3
Parameters: 0.999997 -0.00130196 -0.00222482 0.00130418 0.999998 0.00136804 0.00222277 -0.00137116 0.999996 -0.058751 -0.105557 0.256462
FixedParameters: 0 0 0

#Transform 137
Transform: AffineTransform_float_3_3
Parameters: 0.999996 -0.00139446 -0.00231041 0.00139621 0.999999 0.000812865 0.00230982 -0.000815567 0.999997 -0.0477414 -0.0252843 0.234702
FixedParameters: 0 0 0

#Transform 138
Transform: AffineTransform_float_3_3
Parameters: 0.999997 -0.00180878 -0.0016847 0.00181034 0.999998 0.000866388 0.00168308 -0.000869729 0.999998 -0.057005 -0.063287 0.248972
FixedParameters: 0 0 0

#Transform 139
Transform: AffineTransform_float_3_3
Parameters: 0.999997 -0.00189309 -0.00191162 0.00189406 0.999998 0.000449076 0.00191169 -0.000452546 0.999998 -0.031681 -0.0190987 0.211306
FixedParameters: 0 0 0

#Transform 140
Transform: AffineTransform_float_3_3
Parameters: 0.999996 -0.00176923 -0.00171245 0.00177131 0.999998 0.00129128 0.00171054 -0.0012938 0.999997 -0.0609738 -0.104964 0.249774
FixedParameters: 0 0 0

#Transform 141
Transform: AffineTransform_float_3_3
Parameters: 0.999997 -0.00181282 -0.00193822 0.00181317 0.999999 0.000276645 0.00193784 -0.000280737 0.999998 -0.0527032 -0.0765292 0.209632
FixedParameters: 0 0 0

#Transform 142
Transform: AffineTransform_float_3_3
Parameters: 0.999997 -0.00176469 -0.00180894 0.00176705 0.999998 0.0011176 0.00180774 -0.00112041 0.999998 -0.036171 -0.0257854 0.226537
FixedParameters: 0 0 0

#Transform 143
Transform: AffineTransform_float_3_3
Parameters: 0.999996 -0.00180561 -0.00223415 0.00180657 0.999999 0.000175028 0.00223323 -0.000178963 0.999998 -0.0401614 -0.0250248 0.191793
FixedParameters: 0 0 0

#Transform 144
Transform: AffineTransform_float_3_3
Parameters: 0.999996 -0.00181983 -0.00230492 0.00182179 0.999998 0.000655362 0.00230331 -0.000659828 0.999997 -0.0403474 -0.0696686 0.22911
FixedParameters: 0 0 0

#Transform 145
Transform: AffineTransform_float_3_3
Parameters: 0.999996 -0.00184611 -0.00237606 0.00184591 0.999999 0.000192387 0.0023753 -0.000196093 0.999997 -0.0214871 -0.0401183 0.187442
FixedParameters: 0 0 0

#Transform 146
Transform: AffineTransform_float_3_3
Parameters: 0.999997 -0.0018239 -0.00155966 0.00182624 0.999997 0.00118605 0.00155685 -0.00118899 0.999998 -0.0415719 -0.0914077 0.240833
FixedParameters: 0 0 0

#Transform 147
Transform: AffineTransform_float_3_3
Parameters: 0.999995 -0.0020383 -0.00216444 0.00203981 0.999998 0.000534431 0.00216319 -0.000538346 0.999997 -0.00923719 -0.0434342 0.196197
FixedParameters: 0 0 0

#Transform 148
Transform: AffineTransform_float_3_3
Parameters: 0.999996 -0.00198015 -0.00221794 0.00198256 0.999997 0.00122072 0.00221501 -0.00122483 0.999997 -0.013114 -0.0157524 0.21015
FixedParameters: 0 0 0

#Transform 149
Transform: AffineTransform_float_3_3
Parameters: 0.999996 -0.00181501 -0.00228533 0.00181752 0.999998 0.000782799 0.00228326 -0.000787172 0.999997 -0.033406 -0.0481361 0.210844
FixedParameters: 0 0 0

#Transform 150
Transform: AffineTransform_float_3_3
Parameters: 0.999995 -0.00204524 -0.00220172 0.0020484 0.999997 0.00132624 0.00219918 -0.00133073 0.999996 -0.0214593 -0.0670172 0.215204
FixedParameters: 0 0 0

#Transform 151
Transform: AffineTransform_float_3_3
Parameters: 0.999995 -0.00225681 -0.00225338 0.00225766 0.999998 0.00058642 0.00225181 -0.000590736 0.999998 -0.0209732 -0.0685342 0.189948
FixedParameters: 0 0 0

#Transform 152
Transform: AffineTransform_float_3_3
Parameters: 0.999994 -0.00186741 -0.00274985 0.00186746 0.999998 -0.000304179 0.00274988 0.00029927 0.999996 -0.0183719 -0.0323419 0.140967
FixedParameters: 0 0 0

#Transform 153
Transform: AffineTransform_float_3_3
Parameters: 0.999993 -0.0018507 -0.0031071 0.00185195 0.999998 0.00012979 0.00310664 -0.000135139 0.999995 -0.0131498 -0.071044 0.161253
FixedParameters: 0 0 0

#Transform 154
Transform: AffineTransform_float_3_3
Parameters: 0.999993 -0.00182475 -0.00312738 0.00182428 0.999999 -1.86921e-06 0.00312725 -4.41696e-06 0.999995 -0.0333986 -0.064027 0.178857
FixedParameters: 0 0 0

#Transform 155
Transform: AffineTransform_float_3_3
Parameters: 0.999996 -0.0017295 -0.00246731 0.00173021 0.999998 0.000422407 0.00246663 -0.000427015 0.999997 -0.0451133 0.00706515 0.187903
FixedParameters: 0 0 0

#Transform 156
Transform: AffineTransform_float_3_3
Parameters: 0.999993 -0.00182506 -0.00325361 0.00182579 0.999999 0.000236305 0.00325285 -0.000242083 0.999994 -0.0505905 -0.0322042 0.194452
FixedParameters: 0 0 0

#Transform 157
Transform: AffineTransform_float_3_3
Parameters: 0.999994 -0.00172266 -0.00293519 0.00172615 0.999998 0.0011564 0.00293302 -0.00116183 0.999995 -0.0562886 -0.0586808 0.290908
FixedParameters: 0 0 0

#Transform 158
Transform: AffineTransform_float_3_3
Parameters: 0.999995 -0.00174203 -0.00258977 0.00174254 0.999999 0.000494387 0.00258898 -0.00049854 0.999996 -0.0686909 -0.0741336 0.243527
FixedParameters: 0 0 0

#Transform 159
Transform: AffineTransform_float_3_3
Parameters: 0.999995 -0.00185782 -0.00253457 0.00186002 0.999998 0.000648672 0.00253407 -0.000653335 0.999996 -0.0674635 -0.079347 0.279699
FixedParameters: 0 0 0

#Transform 160
Transform: AffineTransform_float_3_3
Parameters: 0.999993 -0.00188806 -0.00306644 0.00188854 0.999998 5.54535e-06 0.00306644 -1.09707e-05 0.999996 -0.0522582 -0.0454288 0.246497
FixedParameters: 0 0 0

#Transform 161
Transform: AffineTransform_float_3_3
Parameters: 0.999994 -0.00132183 -0.00300892 0.00132278 0.999999 0.000384889 0.00300851 -0.000388888 0.999996 -0.0784594 -0.0374294 0.266951
FixedParameters: 0 0 0

#Transform 162
Transform: AffineTransform_float_3_3
Parameters: 0.999994 -0.00175982 -0.00283038 0.00175907 0.999999 -0.000102828 0.00283061 9.79905e-05 0.999996 -0.0627144 -0.0526391 0.237916
FixedParameters: 0 0 0

#Transform 163
Transform: AffineTransform_float_3_3
Parameters: 0.999993 -0.00210819 -0.00295095 0.00210748 0.999998 -3.5705e-05 0.0029512 2.93613e-05 0.999995 -0.0615312 -0.101799 0.253392
FixedParameters: 0 0 0

#Transform 164
Transform: AffineTransform_float_3_3
Parameters: 0.999994 -0.00217288 -0.00299629 0.00217245 0.999998 -0.000305564 0.00299773 0.000298723 0.999996 -0.0469592 -0.0964929 0.185789
FixedParameters: 0 0 0

#Transform 165
Transform: AffineTransform_float_3_3
Parameters: 0.999993 -0.00168529 -0.00324283 0.00168153 0.999998 -0.00113813 0.00324449 0.00113283 0.999994 -0.0864621 -0.0632677 0.248502
FixedParameters: 0 0 0

#Transform 166
Transform: AffineTransform_float_3_3
Parameters: 0.999991 -0.00160971 -0.00379921 0.00160226 0.999997 -0.00199636 0.00380232 0.00199012 0.99999 -0.0654442 -0.00190895 0.241929
FixedParameters: 0 0 0

#Transform 167
Transform: AffineTransform_float_3_3
Parameters: 0.999993 -0.00111465 -0.00358624 0.00111342 0.999999 -0.00060582 0.003587 0.000601184 0.999994 -0.1004 -0.0637168 0.270661
FixedParameters: 0 0 0

#Transform 168
Transform: AffineTransform_float_3_3
Parameters: 0.999993 -0.00152276 -0.00347265 0.00151981 0.999998 -0.000860175 0.00347408 0.000855074 0.999994 -0.083041 -0.00316632 0.273418
FixedParameters: 0 0 0

#Transform 169
Transform: AffineTransform_float_3_3
Parameters: 0.999996 -0.00100441 -0.00276352 0.00100217 0.999999 -0.000741491 0.00276434 0.000738207 0.999996 -0.128409 -0.110125 0.189485
FixedParameters: 0 0 0

#Transform 170
Transform: AffineTransform_float_3_3
Parameters: 0.999996 -0.00111685 -0.00277417 0.00111511 0.999999 -0.000812186 0.00277548 0.000809285 0.999996 -0.12186 -0.067123 0.207447
FixedParameters: 0 0 0

#Transform 171
Transform: AffineTransform_float_3_3
Parameters: 0.999994 -0.00112993 -0.00344188 0.00112667 0.999999 -0.000968848 0.00344258 0.000964571 0.999993 -0.10995 -0.0380063 0.218488
FixedParameters: 0 0 0

#Transform 172
Transform: AffineTransform_float_3_3
Parameters: 0.999994 -0.0010987 -0.00325492 0.00109812 0.999999 -0.000321411 0.00325511 0.000317512 0.999994 -0.118612 -0.0796589 0.262964
FixedParameters: 0 0 0

#Transform 173
Transform: AffineTransform_float_3_3
Parameters: 0.999993 -0.00112715 -0.00359394 0.0011242 0.999999 -0.00087863 0.0035945 0.000875032 0.999993 -0.114862 -0.0336837 0.28137
FixedParameters: 0 0 0

#Transform 174
Transform: AffineTransform_float_3_3
Parameters: 0.999994 -0.00110162 -0.00340675 0.00110137 0.999999 -0.000354533 0.00340703 0.000350325 0.999994 -0.127813 -0.0271267 0.306847
FixedParameters: 0 0 0

#Transform 175
Transform: AffineTransform_float_3_3
Parameters: 0.999993 -0.00136593 -0.00359798 0.00136499 0.999999 -0.000384314 0.00359868 0.000378774 0.999994 -0.110607 -0.0292532 0.294656
FixedParameters: 0 0 0

#Transform 176
Transform: AffineTransform_float_3_3
Parameters: 0.999995 -0.0010806 -0.00324293 0.00108132 1 7.70761e-05 0.00324248 -7.99031e-05 0.999994 -0.125892 -0.0162204 0.307386
FixedParameters: 0 0 0

#Transform 177
Transform: AffineTransform_float_3_3
Parameters: 0.999993 -0.000299037 -0.00371519 0.000299446 1 -3.60739e-05 0.0037144 3.51357e-05 0.999993 -0.144483 -0.0212837 0.303355
FixedParameters: 0 0 0

#Transform 178
Transform: AffineTransform_float_3_3
Parameters: 0.999993 -0.000384391 -0.00358276 0.000384198 1 0.000105752 0.00358291 -0.000106459 0.999994 -0.142278 -0.0628074 0.291095
FixedParameters: 0 0 0

#Transform 179
Transform: AffineTransform_float_3_3
Parameters: 0.999993 -0.000319784 -0.00393844 0.000319968 1 9.66242e-05 0.00393756 -9.78988e-05 0.999992 -0.132641 -0.0379064 0.309628
FixedParameters: 0 0 0

#Transform 180
Transform: AffineTransform_float_3_3
Parameters: 0.999993 -0.000270838 -0.00393881 0.000271006 1 9.47428e-05 0.00393795 -9.56321e-05 0.999992 -0.130269 -0.0356111 0.311859
FixedParameters: 0 0 0

#Transform 181
Transform: AffineTransform_float_3_3
Parameters: 0.999994 -0.000430499 -0.00343298 0.000431535 1 0.000144167 0.00343302 -0.000146039 0.999994 -0.144753 -0.0451006 0.325485
FixedParameters: 0 0 0

#Transform 182
Transform: AffineTransform_float_3_3
Parameters: 0.999994 -0.000561977 -0.00345038 0.000562194 1 3.0577e-05 0.00345067 -3.23819e-05 0.999994 -0.126112 0.00384858 0.296697
FixedParameters: 0 0 0

#Transform 183
Transform: AffineTransform_float_3_3
Parameters: 0.999994 -0.000613897 -0.00344999 0.000613177 1 3.25599e-05 0.00345026 -3.47622e-05 0.999994 -0.14853 -0.0423744 0.336518
FixedParameters: 0 0 0

#Transform 184
Transform: AffineTransform_float_3_3
Parameters: 0.999994 -0.000571546 -0.00353496 0.000569152 1 -0.00051507 0.00353488 0.000513305 0.999993 -0.131263 -0.0128596 0.316596
FixedParameters: 0 0 0

#Transform 185
Transform: AffineTransform_float_3_3
Parameters: 0.999993 -0.000679144 -0.00352655 0.000677132 1 -0.000462416 0.00352652 0.000459901 0.999993 -0.122832 -0.0569877 0.312233
FixedParameters: 0 0 0

#Transform 186
Transform: AffineTransform_float_3_3
Parameters: 0.999993 -0.00111805 -0.00355996 0.00111629 0.999999 -0.000684697 0.00356091 0.000680097 0.999994 -0.112971 -0.0233423 0.272683
FixedParameters: 0 0 0

#Transform 187
Transform: AffineTransform_float_3_3
Parameters: 0.999992 -0.00139652 -0.00371142 0.00139535 0.999999 -0.000267395 0.00371098 0.000262418 0.999993 -0.106732 -0.0811599 0.280469
FixedParameters: 0 0 0

#Transform 188
Transform: AffineTransform_float_3_3
Parameters: 0.999993 -0.00131098 -0.00356837 0.00130874 0.999999 -0.000742515 0.00356898 0.000737647 0.999994 -0.0923252 -0.077698 0.252823
FixedParameters: 0 0 0

#Transform 189
