# transform file /out/sourcedata/freesurfer/sub-v1s5x0050741_ses-1/mri/transforms/cc_up.lta
# created by oesteban on Tue Mar 10 06:08:08 2026

type      = 0 # LINEAR_VOX_TO_VOX
nxforms   = 1
mean      = 126.0000 101.0000 117.0000
sigma     = 10000.0000
1 4 4
9.808185100555420e-01 -1.765676289796829e-01 8.257769793272018e-02 1.230681800842285e+01 
1.759451478719711e-01 9.842885732650757e-01 1.481328625231981e-02 2.190542793273926e+01 
-8.389582484960556e-02 9.313226856377810e-10 9.964746236801147e-01 3.479670333862305e+01 
0.000000000000000e+00 0.000000000000000e+00 0.000000000000000e+00 1.000000000000000e+00 
src volume info
valid = 1  # volume info valid
filename = /out/sourcedata/freesurfer/sub-v1s5x0050741_ses-1/mri/norm.mgz
volume = 256 256 256
voxelsize = 1.000000000000000e+00 1.000000000000000e+00 1.000000000000000e+00
xras   = -1.000000000000000e+00 -4.656612873077393e-10 -7.450580596923828e-09
yras   = 0.000000000000000e+00 0.000000000000000e+00 -1.000000000000000e+00
zras   = 4.656612873077393e-10 1.000000119209290e+00 0.000000000000000e+00
cras   = 5.056716918945312e+00 9.492416381835938e+00 -1.525115966796875e-01
dst volume info
valid = 1  # volume info valid
filename = /out/sourcedata/freesurfer/sub-v1s5x0050741_ses-1/mri/norm.mgz
volume = 256 256 256
voxelsize = 1.000000000000000e+00 1.000000000000000e+00 1.000000000000000e+00
xras   = -1.000000000000000e+00 -4.656612873077393e-10 -7.450580596923828e-09
yras   = 0.000000000000000e+00 0.000000000000000e+00 -1.000000000000000e+00
zras   = 4.656612873077393e-10 1.000000119209290e+00 0.000000000000000e+00
cras   = 5.056716918945312e+00 9.492416381835938e+00 -1.525115966796875e-01
