# transform file transforms/talairach.lta
# created by oesteban on Tue Mar 10 04:53:07 2026

type      = 0 # LINEAR_VOX_TO_VOX
nxforms   = 1
mean      = 126.0000 102.0000 117.0000
sigma     = 10000.0000
1 4 4
1.093448638916016e+00 -2.174665927886963e-01 8.414694666862488e-02 6.724463701248169e-01 
1.590863168239594e-01 1.120803475379944e+00 8.621386438608170e-02 -1.833118438720703e+01 
-1.187926903367043e-01 -6.638085097074509e-02 9.736599326133728e-01 1.659621810913086e+01 
0.000000000000000e+00 0.000000000000000e+00 0.000000000000000e+00 1.000000000000000e+00 
src volume info
valid = 1  # volume info valid
filename = nu.mgz
volume = 256 256 256
voxelsize = 1.000000000000000e+00 1.000000000000000e+00 1.000000000000000e+00
xras   = -1.000000000000000e+00 -4.656612873077393e-10 -7.450580596923828e-09
yras   = 0.000000000000000e+00 0.000000000000000e+00 -1.000000000000000e+00
zras   = 4.656612873077393e-10 1.000000119209290e+00 0.000000000000000e+00
cras   = 5.056716918945312e+00 9.492416381835938e+00 -1.525115966796875e-01
dst volume info
valid = 1  # volume info valid
filename = /opt/freesurfer/average/RB_all_2020-01-02.gca
volume = 256 256 256
voxelsize = 1.000000000000000e+00 1.000000000000000e+00 1.000000000000000e+00
xras   = -1.000000000000000e+00 0.000000000000000e+00 0.000000000000000e+00
yras   = 0.000000000000000e+00 0.000000000000000e+00 -1.000000000000000e+00
zras   = 0.000000000000000e+00 1.000000000000000e+00 0.000000000000000e+00
cras   = 0.000000000000000e+00 0.000000000000000e+00 0.000000000000000e+00
