# transform file /out/sourcedata/freesurfer/sub-v1s5x0050743_ses-1/mri/transforms/cc_up.lta
# created by oesteban on Tue Mar 10 06:19:06 2026

type      = 0 # LINEAR_VOX_TO_VOX
nxforms   = 1
mean      = 130.0000 109.0000 117.0000
sigma     = 10000.0000
1 4 4
9.829413890838623e-01 5.118338763713837e-02 1.766537278890610e-01 -2.416071319580078e+01 
-5.037629976868629e-02 9.986892938613892e-01 -9.053603745996952e-03 4.467888641357422e+01 
-1.768855899572372e-01 0.000000000000000e+00 9.842314720153809e-01 4.176560592651367e+01 
0.000000000000000e+00 0.000000000000000e+00 0.000000000000000e+00 1.000000000000000e+00 
src volume info
valid = 1  # volume info valid
filename = /out/sourcedata/freesurfer/sub-v1s5x0050743_ses-1/mri/norm.mgz
volume = 256 256 256
voxelsize = 1.000000000000000e+00 1.000000000000000e+00 1.000000000000000e+00
xras   = -1.000000119209290e+00 -3.725290298461914e-09 3.725290298461914e-09
yras   = 3.725290298461914e-09 0.000000000000000e+00 -1.000000119209290e+00
zras   = 4.656612873077393e-09 1.000000119209290e+00 -7.450580596923828e-09
cras   = -4.153717041015625e+00 6.804733276367188e+00 -2.832237243652344e+00
dst volume info
valid = 1  # volume info valid
filename = /out/sourcedata/freesurfer/sub-v1s5x0050743_ses-1/mri/norm.mgz
volume = 256 256 256
voxelsize = 1.000000000000000e+00 1.000000000000000e+00 1.000000000000000e+00
xras   = -1.000000119209290e+00 -3.725290298461914e-09 3.725290298461914e-09
yras   = 3.725290298461914e-09 0.000000000000000e+00 -1.000000119209290e+00
zras   = 4.656612873077393e-09 1.000000119209290e+00 -7.450580596923828e-09
cras   = -4.153717041015625e+00 6.804733276367188e+00 -2.832237243652344e+00
