type      = 1 # LINEAR_RAS_TO_RAS
nxforms   = 1
mean      = 0.0000 0.0000 0.0000
sigma     = 1.0000
1 4 4
1.148048996925354e+00 -1.981039941310883e-01 6.680099666118622e-02 3.263289928436279e+00 
1.940090060234070e-01 1.114537954330444e+00 5.003200098872185e-02 -1.484700012207031e+01 
-7.790700346231461e-02 5.614100024104118e-02 1.097089052200317e+00 -1.433564758300781e+01 
0.000000000000000e+00 0.000000000000000e+00 0.000000000000000e+00 1.000000000000000e+00 
src volume info
valid = 1  # volume info valid
filename = /out/sourcedata/freesurfer/sub-v1s5x0050743_ses-1/mri/orig_nu.mgz
volume = 256 256 256
voxelsize = 1.000000000000000e+00 1.000000000000000e+00 1.000000000000000e+00
xras   = -1.000000119209290e+00 -3.725290298461914e-09 3.725290298461914e-09
yras   = 3.725290298461914e-09 0.000000000000000e+00 -1.000000119209290e+00
zras   = 4.656612873077393e-09 1.000000119209290e+00 -7.450580596923828e-09
cras   = -4.153717041015625e+00 6.804733276367188e+00 -2.832237243652344e+00
dst volume info
valid = 1  # volume info valid
filename = /opt/freesurfer/average/mni305.cor.mgz
volume = 256 256 256
voxelsize = 1.000000000000000e+00 1.000000000000000e+00 1.000000000000000e+00
xras   = -1.000000000000000e+00 0.000000000000000e+00 0.000000000000000e+00
yras   = 0.000000000000000e+00 0.000000000000000e+00 -1.000000000000000e+00
zras   = 0.000000000000000e+00 1.000000000000000e+00 0.000000000000000e+00
cras   = 0.000000000000000e+00 0.000000000000000e+00 0.000000000000000e+00
subject fsaverage
fscale 0.100000
