# transform file transforms/talairach.lta
# created by oesteban on Tue Mar 10 04:59:06 2026

type      = 0 # LINEAR_VOX_TO_VOX
nxforms   = 1
mean      = 129.0000 108.0000 118.0000
sigma     = 10000.0000
1 4 4
1.121070146560669e+00 1.137964576482773e-01 2.112188190221786e-01 -5.410616302490234e+01 
-1.137590706348419e-01 1.186078548431396e+00 -1.810344122350216e-02 1.255653572082520e+01 
-1.637673825025558e-01 -3.355461871251464e-03 1.047169446945190e+00 1.018232440948486e+01 
0.000000000000000e+00 0.000000000000000e+00 0.000000000000000e+00 1.000000000000000e+00 
src volume info
valid = 1  # volume info valid
filename = nu.mgz
volume = 256 256 256
voxelsize = 1.000000000000000e+00 1.000000000000000e+00 1.000000000000000e+00
xras   = -1.000000119209290e+00 -3.725290298461914e-09 3.725290298461914e-09
yras   = 3.725290298461914e-09 0.000000000000000e+00 -1.000000119209290e+00
zras   = 4.656612873077393e-09 1.000000119209290e+00 -7.450580596923828e-09
cras   = -4.153717041015625e+00 6.804733276367188e+00 -2.832237243652344e+00
dst volume info
valid = 1  # volume info valid
filename = /opt/freesurfer/average/RB_all_2020-01-02.gca
volume = 256 256 256
voxelsize = 1.000000000000000e+00 1.000000000000000e+00 1.000000000000000e+00
xras   = -1.000000000000000e+00 0.000000000000000e+00 0.000000000000000e+00
yras   = 0.000000000000000e+00 0.000000000000000e+00 -1.000000000000000e+00
zras   = 0.000000000000000e+00 1.000000000000000e+00 0.000000000000000e+00
cras   = 0.000000000000000e+00 0.000000000000000e+00 0.000000000000000e+00
