# transform file /out/sourcedata/freesurfer/sub-v1s5x0050744_ses-1/mri/transforms/cc_up.lta
# created by oesteban on Tue Mar 10 06:07:57 2026

type      = 0 # LINEAR_VOX_TO_VOX
nxforms   = 1
mean      = 128.0000 97.0000 119.0000
sigma     = 10000.0000
1 4 4
9.960042238235474e-01 9.850476868450642e-03 -8.876129984855652e-02 1.017748069763184e+01 
-9.811592288315296e-03 9.999515414237976e-01 8.743835496716201e-04 4.515659332275391e+01 
8.876560628414154e-02 0.000000000000000e+00 9.960525035858154e-01 1.014914703369141e+01 
0.000000000000000e+00 0.000000000000000e+00 0.000000000000000e+00 1.000000000000000e+00 
src volume info
valid = 1  # volume info valid
filename = /out/sourcedata/freesurfer/sub-v1s5x0050744_ses-1/mri/norm.mgz
volume = 256 256 256
voxelsize = 1.000000000000000e+00 1.000000000000000e+00 1.000000000000000e+00
xras   = -1.000000000000000e+00 -4.656612873077393e-10 1.862645149230957e-09
yras   = 3.725290298461914e-09 -1.490116119384766e-08 -1.000000119209290e+00
zras   = 1.862645149230957e-09 1.000000000000000e+00 0.000000000000000e+00
cras   = 2.136627197265625e+00 3.819580078125000e+00 9.351074218750000e+00
dst volume info
valid = 1  # volume info valid
filename = /out/sourcedata/freesurfer/sub-v1s5x0050744_ses-1/mri/norm.mgz
volume = 256 256 256
voxelsize = 1.000000000000000e+00 1.000000000000000e+00 1.000000000000000e+00
xras   = -1.000000000000000e+00 -4.656612873077393e-10 1.862645149230957e-09
yras   = 3.725290298461914e-09 -1.490116119384766e-08 -1.000000119209290e+00
zras   = 1.862645149230957e-09 1.000000000000000e+00 0.000000000000000e+00
cras   = 2.136627197265625e+00 3.819580078125000e+00 9.351074218750000e+00
