# transform file transforms/talairach.lta
# created by oesteban on Tue Mar 10 05:00:48 2026

type      = 0 # LINEAR_VOX_TO_VOX
nxforms   = 1
mean      = 128.0000 96.0000 120.0000
sigma     = 10000.0000
1 4 4
1.141834378242493e+00 -2.992405742406845e-02 -6.503887474536896e-02 -9.893733024597168e+00 
2.907839789986610e-02 1.264950037002563e+00 -1.657623914070427e-03 -2.226622343063354e+00 
7.693726569414139e-02 -1.547276042401791e-06 1.020142436027527e+00 -2.031958198547363e+01 
0.000000000000000e+00 0.000000000000000e+00 0.000000000000000e+00 1.000000000000000e+00 
src volume info
valid = 1  # volume info valid
filename = nu.mgz
volume = 256 256 256
voxelsize = 1.000000000000000e+00 1.000000000000000e+00 1.000000000000000e+00
xras   = -1.000000000000000e+00 -4.656612873077393e-10 1.862645149230957e-09
yras   = 3.725290298461914e-09 -1.490116119384766e-08 -1.000000119209290e+00
zras   = 1.862645149230957e-09 1.000000000000000e+00 0.000000000000000e+00
cras   = 2.136627197265625e+00 3.819580078125000e+00 9.351074218750000e+00
dst volume info
valid = 1  # volume info valid
filename = /opt/freesurfer/average/RB_all_2020-01-02.gca
volume = 256 256 256
voxelsize = 1.000000000000000e+00 1.000000000000000e+00 1.000000000000000e+00
xras   = -1.000000000000000e+00 0.000000000000000e+00 0.000000000000000e+00
yras   = 0.000000000000000e+00 0.000000000000000e+00 -1.000000000000000e+00
zras   = 0.000000000000000e+00 1.000000000000000e+00 0.000000000000000e+00
cras   = 0.000000000000000e+00 0.000000000000000e+00 0.000000000000000e+00
