type      = 0 # LINEAR_VOX_TO_VOX
nxforms   = 1
mean      = 0.0000 0.0000 0.0000
sigma     = 1.0000
1 4 4
1.159183979034424e+00 -4.143000766634941e-02 -8.086699992418289e-02 -7.677398681640625e+00 
7.825998589396477e-03 1.172268152236938e+00 -4.937999881803989e-03 1.009938049316406e+01 
3.993599861860275e-02 -8.569402247667313e-02 1.016749024391174e+00 -8.514831542968750e+00 
0.000000000000000e+00 0.000000000000000e+00 0.000000000000000e+00 1.000000000000000e+00 
src volume info
valid = 1  # volume info valid
filename = /out/sourcedata/freesurfer/sub-v1s5x0050744_ses-1/mri/orig.mgz
volume = 256 256 256
voxelsize = 1.000000000000000e+00 1.000000000000000e+00 1.000000000000000e+00
xras   = -1.000000000000000e+00 -4.656612873077393e-10 1.862645149230957e-09
yras   = 3.725290298461914e-09 -1.490116119384766e-08 -1.000000119209290e+00
zras   = 1.862645149230957e-09 1.000000000000000e+00 0.000000000000000e+00
cras   = 2.136627197265625e+00 3.819580078125000e+00 9.351074218750000e+00
dst volume info
valid = 1  # volume info valid
filename = /opt/freesurfer/average/mni305.cor.mgz
volume = 256 256 256
voxelsize = 1.000000000000000e+00 1.000000000000000e+00 1.000000000000000e+00
xras   = -1.000000000000000e+00 0.000000000000000e+00 0.000000000000000e+00
yras   = 0.000000000000000e+00 0.000000000000000e+00 -1.000000000000000e+00
zras   = 0.000000000000000e+00 1.000000000000000e+00 0.000000000000000e+00
cras   = 0.000000000000000e+00 0.000000000000000e+00 0.000000000000000e+00
subject fsaverage
fscale 0.100000
