#Insight Transform File V1.0
#Transform 0
Transform: AffineTransform_float_3_3
Parameters: 1 0.000231535 -0.000503648 -0.000231255 1 0.00110057 0.000504012 -0.0011004 1 0.0423039 -0.0715148 0.0606391
FixedParameters: 0 0 0

#Transform 1
Transform: AffineTransform_float_3_3
Parameters: 1 -0.000102872 9.82986e-05 0.000102682 0.999999 0.000964605 -9.84971e-05 -0.000964585 0.999999 0.0215697 -0.0773198 0.0588613
FixedParameters: 0 0 0

#Transform 2
Transform: AffineTransform_float_3_3
Parameters: 1 0.000457817 0.000233031 -0.000458172 0.999999 0.000762402 -0.000232333 -0.000762615 0.999999 0.0141842 -0.000319682 0.0502313
FixedParameters: 0 0 0

#Transform 3
Transform: AffineTransform_float_3_3
Parameters: 1 0.000210274 -0.000257749 -0.000209837 0.999999 0.000847402 0.000258105 -0.000847293 0.999999 0.0260994 -0.101001 0.0230645
FixedParameters: 0 0 0

#Transform 4
Transform: AffineTransform_float_3_3
Parameters: 1 0.000571154 0.000264541 -0.000571517 1 0.000966238 -0.000264561 -0.000966452 1 -0.00382608 -0.0174149 0.0964116
FixedParameters: 0 0 0

#Transform 5
Transform: AffineTransform_float_3_3
Parameters: 1 0.000151981 -0.000298077 -0.000151978 1 4.9471e-06 0.000298078 -4.85645e-06 1 0.0203652 -0.0516247 0.0875234
FixedParameters: 0 0 0

#Transform 6
Transform: AffineTransform_float_3_3
Parameters: 0.999999 0.000803773 0.000127891 -0.000803835 1 0.000824255 -0.000127553 -0.000824377 0.999999 -0.00262328 -0.0853527 0.0868666
FixedParameters: 0 0 0

#Transform 7
Transform: AffineTransform_float_3_3
Parameters: 1 2.3829e-05 -0.000578622 -2.42274e-05 1 -0.000344262 0.000578605 0.00034429 1 0.0370672 -0.0255831 -0.00986325
FixedParameters: 0 0 0

#Transform 8
Transform: AffineTransform_float_3_3
Parameters: 1 0.0001316 -0.000456709 -0.000131328 1 0.00120527 0.000456881 -0.0012052 0.999999 0.0242881 -0.048085 0.0775063
FixedParameters: 0 0 0

#Transform 9
Transform: AffineTransform_float_3_3
Parameters: 1 7.30192e-05 -0.000522994 -7.26396e-05 1 0.000362903 0.000523047 -0.000362827 1 0.0272715 -0.0460521 0.0292162
FixedParameters: 0 0 0

#Transform 10
Transform: AffineTransform_float_3_3
Parameters: 1 9.15727e-05 -0.000168622 -9.13631e-05 1 0.000621298 0.000168735 -0.000621267 1 -0.00156119 -0.0632655 0.0261467
FixedParameters: 0 0 0

#Transform 11
Transform: AffineTransform_float_3_3
Parameters: 1 0.000393109 0.000255435 -0.000393456 0.999999 0.000680648 -0.0002549 -0.000680849 0.999999 -0.013509 -0.0297347 0.00512991
FixedParameters: 0 0 0

#Transform 12
Transform: AffineTransform_float_3_3
Parameters: 1 7.93728e-05 -0.000254575 -7.91452e-05 1 0.000446913 0.000254646 -0.000446873 1 0.00326865 -0.0188735 0.0435674
FixedParameters: 0 0 0

#Transform 13
Transform: AffineTransform_float_3_3
Parameters: 1 0.000710666 0.000208878 -0.000710939 0.999999 0.000635215 -0.000208963 -0.000635434 0.999999 -0.0147892 -0.00664767 0.0572454
FixedParameters: 0 0 0

#Transform 14
Transform: AffineTransform_float_3_3
Parameters: 1 0.000160518 -0.000211511 -0.000160428 1 0.000212714 0.000211579 -0.000212646 1 -0.00798828 -0.0889797 0.0419042
FixedParameters: 0 0 0

#Transform 15
Transform: AffineTransform_float_3_3
Parameters: 1 0.000517342 0.000177582 -0.000516555 1 0.000972896 -0.000177692 -0.000972923 1 -0.0130071 -0.020185 0.0560632
FixedParameters: 0 0 0

#Transform 16
Transform: AffineTransform_float_3_3
Parameters: 1 3.1177e-05 -0.000548812 -3.10117e-05 1 0.000150612 0.000548822 -0.000150578 1 0.0302617 -0.0497341 0.0265388
FixedParameters: 0 0 0

#Transform 17
Transform: AffineTransform_float_3_3
Parameters: 1 0.000541446 0.000141128 -0.000541547 1 0.000915734 -0.000140136 -0.00091588 0.999999 -0.0121728 -0.0970664 0.0688514
FixedParameters: 0 0 0

#Transform 18
Transform: AffineTransform_float_3_3
Parameters: 1 2.08779e-05 -0.000253314 -2.10438e-05 1 -0.000327404 0.000253301 0.000327415 1 0.0123775 0.0212949 -0.0175553
FixedParameters: 0 0 0

#Transform 19
Transform: AffineTransform_float_3_3
Parameters: 1 0.000536667 0.000137395 -0.000535786 1 0.000919445 -0.000137388 -0.00091944 0.999999 -0.0102055 -0.0439595 0.0822864
FixedParameters: 0 0 0

#Transform 20
Transform: AffineTransform_float_3_3
Parameters: 1 -0.000247411 0.000120352 0.000247492 1 -0.00033722 -0.000120185 0.000337279 1 0.00182343 0.00595911 0.0145805
FixedParameters: 0 0 0

#Transform 21
Transform: AffineTransform_float_3_3
Parameters: 1 0.000673807 0.000316494 -0.000674274 1 0.000971099 -0.000316308 -0.000971437 1 -0.0148515 -0.0694568 0.0696643
FixedParameters: 0 0 0

#Transform 22
Transform: AffineTransform_float_3_3
Parameters: 1 0.000145687 -0.000231338 -0.000145587 1 0.000216302 0.000231401 -0.000216235 1 0.00703129 -0.0509493 0.025101
FixedParameters: 0 0 0

#Transform 23
Transform: AffineTransform_float_3_3
Parameters: 1 0.000330044 3.14801e-05 -0.000330083 0.999999 0.000629305 -3.10648e-05 -0.000629325 1 0.00143344 0.0127103 0.0493594
FixedParameters: 0 0 0

#Transform 24
Transform: AffineTransform_float_3_3
Parameters: 1 1.38422e-05 -0.000122209 -1.37636e-05 1 0.000321354 0.000122218 -0.000321351 1 -0.0055807 -0.0239007 0.00512974
FixedParameters: 0 0 0

#Transform 25
Transform: AffineTransform_float_3_3
Parameters: 1 4.29837e-05 -3.69537e-05 -4.29287e-05 0.999999 0.000741971 3.70173e-05 -0.000741968 0.999999 -0.0114297 -0.0965274 0.0466681
FixedParameters: 0 0 0

#Transform 26
Transform: AffineTransform_float_3_3
Parameters: 1 3.28816e-05 -0.000427862 -3.23634e-05 1 0.000605517 0.000427901 -0.000605489 0.999999 0.0202982 -0.01102 0.0502217
FixedParameters: 0 0 0

#Transform 27
Transform: AffineTransform_float_3_3
Parameters: 1 -0.000207138 -0.000336243 0.000206486 0.999999 -0.000968828 0.000336507 0.000968694 1 0.0265309 -0.0244671 -0.0393165
FixedParameters: 0 0 0

#Transform 28
Transform: AffineTransform_float_3_3
Parameters: 1 0.000333401 -0.000523083 -0.000333327 1 7.05769e-05 0.00052313 -7.0228e-05 1 0.0135429 -0.077428 0.0450633
FixedParameters: 0 0 0

#Transform 29
Transform: AffineTransform_float_3_3
Parameters: 0.999999 3.50534e-05 -0.000818564 -3.53891e-05 0.999999 -0.000806735 0.000818378 0.000806865 1 0.0409525 -0.0322488 -0.0102572
FixedParameters: 0 0 0

#Transform 30
Transform: AffineTransform_float_3_3
Parameters: 1 0.000533808 -0.000468052 -0.000533414 1 0.000429569 0.000467522 -0.000428992 1 0.0210102 -0.0254196 0.0583578
FixedParameters: 0 0 0

#Transform 31
Transform: AffineTransform_float_3_3
Parameters: 1 -3.51562e-05 -0.000562209 3.4072e-05 0.999999 -0.000963916 0.000562139 0.000963882 1 0.0354743 0.0208549 -0.00835987
FixedParameters: 0 0 0

#Transform 32
Transform: AffineTransform_float_3_3
Parameters: 1 0.000444739 -0.0003679 -0.000445021 1 -0.000382697 0.00036756 0.000383024 1 0.0109971 -0.0375435 -0.00228388
FixedParameters: 0 0 0

#Transform 33
Transform: AffineTransform_float_3_3
Parameters: 1 0.000128253 -0.000652288 -0.000128572 1 -0.00111878 0.000651873 0.00111902 0.999999 0.027346 -0.0268817 -0.0410601
FixedParameters: 0 0 0

#Transform 34
Transform: AffineTransform_float_3_3
Parameters: 1 0.000207682 -0.000413303 -0.000207668 1 1.72411e-05 0.00041331 -1.70693e-05 1 0.00309553 -0.0226909 0.0460041
FixedParameters: 0 0 0

#Transform 35
Transform: AffineTransform_float_3_3
Parameters: 1 -0.000258706 -0.000517946 0.00025878 0.999999 -0.0008796 0.000518273 0.000879405 1 0.00809074 -0.000163178 -0.0362033
FixedParameters: 0 0 0

#Transform 36
Transform: AffineTransform_float_3_3
Parameters: 0.999999 0.00033641 -0.000646735 -0.000335977 1 0.000334533 0.000646959 -0.000334098 0.999999 0.00173142 -0.04723 0.0230078
FixedParameters: 0 0 0

#Transform 37
Transform: AffineTransform_float_3_3
Parameters: 1 0.000425141 -0.000981115 -0.000424649 0.999999 0.000797283 0.000981705 -0.000797517 0.999999 0.0182412 -0.0227451 0.0297438
FixedParameters: 0 0 0

#Transform 38
Transform: AffineTransform_float_3_3
Parameters: 0.999999 -0.000230261 -0.00108083 0.000230281 1 -0.000446315 0.00108091 0.000445891 1 0.0290837 -0.0501998 -0.0295362
FixedParameters: 0 0 0

#Transform 39
Transform: AffineTransform_float_3_3
Parameters: 1 0.000238261 -0.000585362 -0.00023831 1 -4.1674e-05 0.000585342 4.19531e-05 1 0.00594653 -0.0128217 -0.0152882
FixedParameters: 0 0 0

#Transform 40
Transform: AffineTransform_float_3_3
Parameters: 0.999999 -0.00025369 -0.000901085 0.000253246 0.999999 -0.000789612 0.000900369 0.000789307 0.999999 0.0211731 -0.00547912 -0.0254047
FixedParameters: 0 0 0

#Transform 41
Transform: AffineTransform_float_3_3
Parameters: 1 2.31467e-05 -0.000448794 -2.35082e-05 1 -0.000402686 0.000448775 0.000402707 1 0.00374312 0.0161168 -0.026096
FixedParameters: 0 0 0

#Transform 42
Transform: AffineTransform_float_3_3
Parameters: 0.999999 -6.93351e-05 -0.000886929 6.9095e-05 0.999999 -0.000690675 0.000886896 0.000690625 1 0.0162379 -0.0218813 -0.033861
FixedParameters: 0 0 0

#Transform 43
Transform: AffineTransform_float_3_3
Parameters: 1 9.7219e-05 -0.000582316 -9.72461e-05 1 -2.32124e-05 0.000582311 2.33257e-05 1 0.00378762 -0.00101258 0.0352785
FixedParameters: 0 0 0

#Transform 44
Transform: AffineTransform_float_3_3
Parameters: 0.999999 -0.000118939 -0.00103393 0.000118643 1 -0.000619451 0.00103395 0.000619278 1 0.0198235 -0.0100848 0.00977532
FixedParameters: 0 0 0

#Transform 45
Transform: AffineTransform_float_3_3
Parameters: 1 0.000154945 -0.00054697 -0.000155046 0.999999 0.000807571 0.000547212 -0.00080747 0.999999 -0.0053733 -0.0805207 0.0108012
FixedParameters: 0 0 0

#Transform 46
Transform: AffineTransform_float_3_3
Parameters: 0.999999 -0.000254703 -0.000980544 0.000254033 0.999999 -0.000843651 0.000980844 0.000843225 0.999999 0.0183881 -0.0161444 -0.00773407
FixedParameters: 0 0 0

#Transform 47
Transform: AffineTransform_float_3_3
Parameters: 1 0.000115868 -0.000583391 -0.000115396 1 0.000345627 0.000583393 -0.000346486 1 0.000113071 -0.050742 0.0466603
FixedParameters: 0 0 0

#Transform 48
Transform: AffineTransform_float_3_3
Parameters: 0.999999 -0.00039109 -0.000982428 0.000390687 0.999999 -0.00067133 0.000982902 0.00067163 1 0.0222181 0.0151202 -0.0123825
FixedParameters: 0 0 0

#Transform 49
Transform: AffineTransform_float_3_3
Parameters: 0.999999 -0.000304294 -0.000583786 0.000304721 1 0.000358306 0.000584556 -0.000358739 1 0.00338722 -0.0218841 0.0533275
FixedParameters: 0 0 0

#Transform 50
Transform: AffineTransform_float_3_3
Parameters: 1 0.00024134 -0.00107138 -0.000240563 0.999999 0.000895328 0.00107181 -0.000894886 0.999999 0.018111 -0.0451331 0.0654797
FixedParameters: 0 0 0

#Transform 51
Transform: AffineTransform_float_3_3
Parameters: 1 -6.48563e-05 -0.000584809 6.49188e-05 1 5.34318e-05 0.000584802 -5.35076e-05 1 0.00187693 -0.0277942 0.0439221
FixedParameters: 0 0 0

#Transform 52
Transform: AffineTransform_float_3_3
Parameters: 1 -0.00093442 -0.00079617 0.000934367 1 -0.000608581 0.000797393 0.000608155 1 0.0177341 0.0489873 -0.0112188
FixedParameters: 0 0 0

#Transform 53
Transform: AffineTransform_float_3_3
Parameters: 1 -0.000907761 -0.000718346 0.000908189 0.999999 -0.000227346 0.000717994 0.000227172 0.999999 0.0276909 0.00353091 -0.0646725
FixedParameters: 0 0 0

#Transform 54
Transform: AffineTransform_float_3_3
Parameters: 1 -0.000429343 -0.000412793 0.000429446 1 0.000125248 0.000412685 -0.000125602 1 0.000366088 0.00311739 0.0331539
FixedParameters: 0 0 0

#Transform 55
Transform: AffineTransform_float_3_3
Parameters: 0.999999 -0.00050553 -0.000817118 0.000504701 1 -0.000465359 0.000817666 0.000465528 0.999999 0.020907 0.0447252 -0.0307547
FixedParameters: 0 0 0

#Transform 56
Transform: AffineTransform_float_3_3
Parameters: 1 -0.000474317 -0.000965229 0.000473822 1 -0.000140206 0.000965439 0.00014028 1 0.0204868 0.033391 -0.0287782
FixedParameters: 0 0 0

#Transform 57
Transform: AffineTransform_float_3_3
Parameters: 1 -0.000401301 -0.00103736 0.000401303 1 -0.00039888 0.00103769 0.00039811 1 0.0251497 -0.0173887 -0.0481386
FixedParameters: 0 0 0

#Transform 58
Transform: AffineTransform_float_3_3
Parameters: 1 -0.000466596 -0.00105215 0.000466637 1 -0.000342008 0.00105256 0.000342083 1 0.0126839 0.00430944 -0.0223568
FixedParameters: 0 0 0

#Transform 59
Transform: AffineTransform_float_3_3
Parameters: 0.999999 -0.000121644 -0.000936103 0.000121529 1 0.000502107 0.000935914 -0.000501403 1 0.00982511 -0.0216852 0.00838362
FixedParameters: 0 0 0

#Transform 60
Transform: AffineTransform_float_3_3
Parameters: 1 -0.000309467 -0.00109557 0.00030995 1 -0.000158241 0.00109568 0.000157625 1 0.0232461 -0.0490299 -0.0205445
FixedParameters: 0 0 0

#Transform 61
Transform: AffineTransform_float_3_3
Parameters: 0.999999 4.24413e-05 -0.000731677 -4.2539e-05 1 0.000606584 0.00073172 -0.00060659 0.999999 0.00508861 -0.0412464 -0.0207832
FixedParameters: 0 0 0

#Transform 62
Transform: AffineTransform_float_3_3
Parameters: 1 -0.000480923 -0.00108584 0.000480136 1 -0.000259036 0.00108617 0.000258981 1 0.0278899 -0.0162979 -0.0516343
FixedParameters: 0 0 0

#Transform 63
Transform: AffineTransform_float_3_3
Parameters: 0.999999 0.000102006 -0.000829338 -0.000101224 1 0.000471517 0.000829434 -0.000471349 0.999999 0.0139572 -0.0382263 -0.00383475
FixedParameters: 0 0 0

#Transform 64
Transform: AffineTransform_float_3_3
Parameters: 0.999999 4.51706e-05 -0.00127817 -4.43305e-05 0.999999 0.000775097 0.00127823 -0.000775056 0.999999 0.0330417 -0.012196 -0.00182454
FixedParameters: 0 0 0

#Transform 65
Transform: AffineTransform_float_3_3
Parameters: 0.999999 -0.000351219 -0.0014348 0.000350376 0.999999 -0.000583354 0.00143521 0.00058241 0.999999 0.0367943 -0.0246935 -0.0300385
FixedParameters: 0 0 0

#Transform 66
Transform: AffineTransform_float_3_3
Parameters: 1 0.000132214 -0.0011024 -0.000132071 1 0.000582401 0.00110254 -0.000582184 0.999999 0.0190078 -0.0354459 0.0712032
FixedParameters: 0 0 0

#Transform 67
Transform: AffineTransform_float_3_3
Parameters: 0.999999 -0.000468909 -0.00141487 0.000467929 1 -0.00101831 0.00141578 0.00101812 0.999999 0.02893 0.00853746 -0.0358388
FixedParameters: 0 0 0

#Transform 68
Transform: AffineTransform_float_3_3
Parameters: 0.999999 -0.000298103 -0.000780788 0.000298024 1 -6.76221e-06 0.00078087 7.29151e-06 0.999999 0.0022902 -0.0283428 -0.0176327
FixedParameters: 0 0 0

#Transform 69
Transform: AffineTransform_float_3_3
Parameters: 0.999999 -6.69762e-05 -0.00138873 6.85887e-05 1 0.000636591 0.00138864 -0.000636785 0.999999 0.0329083 -0.0535536 0.00853634
FixedParameters: 0 0 0

#Transform 70
Transform: AffineTransform_float_3_3
Parameters: 1 -0.000145118 -0.00106442 0.000145324 1 0.000169958 0.00106437 -0.000170273 1 0.0234705 -0.0365941 -0.0184515
FixedParameters: 0 0 0

#Transform 71
Transform: AffineTransform_float_3_3
Parameters: 1 -9.26041e-05 -0.00117483 9.20281e-05 1 -0.000178884 0.00117487 0.000178661 1 0.00807144 -0.00379612 -0.0316473
FixedParameters: 0 0 0

#Transform 72
Transform: AffineTransform_float_3_3
Parameters: 0.999998 -0.000506257 -0.0015657 0.000505732 0.999999 -0.000430925 0.00156516 0.000429482 0.999998 0.0224677 0.00859672 -0.0451431
FixedParameters: 0 0 0

#Transform 73
Transform: AffineTransform_float_3_3
Parameters: 0.999999 -0.000175646 -0.00144973 0.00017634 1 -2.29153e-05 0.00144983 2.34621e-05 0.999999 0.0109977 -0.0136811 0.0327775
FixedParameters: 0 0 0

#Transform 74
Transform: AffineTransform_float_3_3
Parameters: 0.999999 -0.000659245 -0.0017712 0.00065772 1 -0.000643906 0.00177115 0.000642708 0.999998 0.0239319 0.0226391 0.00730463
FixedParameters: 0 0 0

#Transform 75
Transform: AffineTransform_float_3_3
Parameters: 0.999998 -0.000176102 -0.0015754 0.000176763 0.999999 0.000884729 0.00157493 -0.000885422 0.999999 0.00445623 -0.0660115 0.05524
FixedParameters: 0 0 0

#Transform 76
Transform: AffineTransform_float_3_3
Parameters: 0.999998 -0.000710255 -0.00161242 0.000709603 1 -0.000792531 0.00161351 0.000791377 0.999999 0.0188097 0.0230865 0.00537705
FixedParameters: 0 0 0

#Transform 77
Transform: AffineTransform_float_3_3
Parameters: 1 7.84246e-05 -0.00112429 -7.77286e-05 0.999999 0.000817038 0.00112441 -0.000816937 0.999999 0.0175073 -0.0416525 0.0667874
FixedParameters: 0 0 0

#Transform 78
Transform: AffineTransform_float_3_3
Parameters: 0.999997 -0.000702073 -0.00218107 0.000700361 1 -0.000792049 0.00218115 0.000790198 0.999998 0.0426987 -0.00133081 -0.00237783
FixedParameters: 0 0 0

#Transform 79
Transform: AffineTransform_float_3_3
Parameters: 0.999998 -0.000500317 -0.00157532 0.000501024 1 0.00029534 0.0015751 -0.000295928 0.999998 0.0283926 0.0150967 0.0557459
FixedParameters: 0 0 0

#Transform 80
Transform: AffineTransform_float_3_3
Parameters: 0.999997 -0.000981932 -0.00199481 0.000980161 1 -0.000633998 0.00199515 0.000631219 0.999998 0.0498435 0.0383027 -0.0265838
FixedParameters: 0 0 0

#Transform 81
Transform: AffineTransform_float_3_3
Parameters: 0.999998 -0.000310503 -0.00162719 0.000311422 1 0.000329849 0.00162698 -0.000330867 0.999998 0.0332928 -0.0434471 -0.0191159
FixedParameters: 0 0 0

#Transform 82
Transform: AffineTransform_float_3_3
Parameters: 0.999999 -0.000464174 -0.00137754 0.000463368 0.999999 -0.000566116 0.00137716 0.000565974 0.999999 0.0273151 0.0123124 -0.0437557
FixedParameters: 0 0 0

#Transform 83
Transform: AffineTransform_float_3_3
Parameters: 0.999999 -0.000425093 -0.00144231 0.000425285 1 0.000119992 0.00144221 -0.000121224 0.999999 0.0152858 -0.0113662 0.0267183
FixedParameters: 0 0 0

#Transform 84
Transform: AffineTransform_float_3_3
Parameters: 0.999999 -0.000195656 -0.00143029 0.000195276 1 0.000290506 0.00143025 -0.000290144 0.999999 0.0222324 0.00258982 0.0219439
FixedParameters: 0 0 0

#Transform 85
Transform: AffineTransform_float_3_3
Parameters: 0.999999 -0.000487698 -0.00137863 0.000487147 1 -0.000116048 0.00137784 0.000115771 0.999999 0.0176309 -0.0190373 -0.02343
FixedParameters: 0 0 0

#Transform 86
Transform: AffineTransform_float_3_3
Parameters: 0.999999 -0.000192634 -0.00146715 0.000192431 1 0.000319342 0.00146701 -0.00031998 0.999999 0.0162542 0.00210047 0.0378875
FixedParameters: 0 0 0

#Transform 87
Transform: AffineTransform_float_3_3
Parameters: 0.999999 -0.000425837 -0.00181629 0.000424433 0.999999 -0.000572632 0.00181678 0.000571144 0.999998 0.0403098 -0.0205237 -0.0210604
FixedParameters: 0 0 0

#Transform 88
Transform: AffineTransform_float_3_3
Parameters: 0.999999 -8.58975e-05 -0.00144684 8.57358e-05 1 -2.11888e-06 0.00144684 1.86492e-06 0.999999 0.0230898 0.0124806 -0.0222118
FixedParameters: 0 0 0

#Transform 89
Transform: AffineTransform_float_3_3
Parameters: 0.999997 -0.000684495 -0.00218335 0.000682438 1 -0.000628209 0.00218325 0.000627359 0.999998 0.039815 -0.0443888 -0.00176478
FixedParameters: 0 0 0

#Transform 90
Transform: AffineTransform_float_3_3
Parameters: 1 0.000186088 -0.00116008 -0.000185484 0.999999 0.000752225 0.00116035 -0.000751868 0.999999 0.0022431 -0.013035 0.0651943
FixedParameters: 0 0 0

#Transform 91
Transform: AffineTransform_float_3_3
Parameters: 0.999997 -0.000665835 -0.00209226 0.000664531 0.999999 -0.000438466 0.00209202 0.000437807 0.999997 0.0389816 -0.0143597 0.00458793
FixedParameters: 0 0 0

#Transform 92
Transform: AffineTransform_float_3_3
Parameters: 0.999999 -0.000173461 -0.00170576 0.000175549 0.999999 0.00101249 0.00170547 -0.00101217 0.999998 0.0175729 -0.0692559 0.0900737
FixedParameters: 0 0 0

#Transform 93
Transform: AffineTransform_float_3_3
Parameters: 0.999998 -0.000978385 -0.00214698 0.000978268 1 -0.000151854 0.00214659 0.000149772 0.999997 0.0539832 -0.000797547 0.0188137
FixedParameters: 0 0 0

#Transform 94
Transform: AffineTransform_float_3_3
Parameters: 0.999999 -0.000147608 -0.00140507 0.000149384 0.999999 0.00105954 0.00140581 -0.00105912 0.999998 0.028396 -0.0252771 0.0643237
FixedParameters: 0 0 0

#Transform 95
Transform: AffineTransform_float_3_3
Parameters: 0.999998 -0.000406562 -0.00173192 0.000405873 1 -0.000416621 0.00173122 0.000416354 0.999999 0.047662 0.0447091 -0.0081971
FixedParameters: 0 0 0

#Transform 96
Transform: AffineTransform_float_3_3
Parameters: 0.999999 -0.000153842 -0.00170411 0.000155034 1 0.000750604 0.00170394 -0.000750216 0.999999 0.029906 -0.0656861 0.0743978
FixedParameters: 0 0 0

#Transform 97
Transform: AffineTransform_float_3_3
Parameters: 0.999998 -0.00043017 -0.00194573 0.000429547 1 -0.000315868 0.00194609 0.000315247 0.999998 0.0500786 0.0300916 0.00724066
FixedParameters: 0 0 0

#Transform 98
Transform: AffineTransform_float_3_3
Parameters: 0.999998 -0.000375946 -0.00183801 0.000376756 1 0.000304495 0.00183778 -0.00030589 0.999999 0.0358762 -0.0369569 0.0335014
FixedParameters: 0 0 0

#Transform 99
Transform: AffineTransform_float_3_3
Parameters: 0.999998 -0.000538987 -0.0016674 0.000539162 1 0.000119117 0.00166734 -0.000119925 0.999998 0.0292423 0.0024865 -0.0359333
FixedParameters: 0 0 0

#Transform 100
Transform: AffineTransform_float_3_3
Parameters: 0.999999 -0.000513197 -0.00138201 0.000513069 1 3.4756e-05 0.00138205 -3.51854e-05 0.999999 0.0233651 -0.0379581 -0.042774
FixedParameters: 0 0 0

#Transform 101
Transform: AffineTransform_float_3_3
Parameters: 0.999999 -9.97256e-05 -0.00138143 0.000100919 1 0.000513539 0.0013814 -0.000512827 0.999999 0.0182052 0.0138786 -0.0142499
FixedParameters: 0 0 0

#Transform 102
Transform: AffineTransform_float_3_3
Parameters: 0.999999 -0.000139937 -0.00132823 0.000140536 1 -6.10074e-05 0.00132834 6.1692e-05 0.999999 0.00913785 -0.0512253 -0.00700098
FixedParameters: 0 0 0

#Transform 103
Transform: AffineTransform_float_3_3
Parameters: 1 -8.97993e-05 -0.00104907 9.09983e-05 1 0.000645633 0.00104895 -0.000645828 0.999999 -0.0101218 -0.0445001 0.00173413
FixedParameters: 0 0 0

#Transform 104
Transform: AffineTransform_float_3_3
Parameters: 0.999999 -7.53404e-05 -0.00138863 7.49907e-05 1 -0.000424638 0.0013887 0.000424492 0.999999 0.0133249 -0.00774102 -0.00643786
FixedParameters: 0 0 0

#Transform 105
Transform: AffineTransform_float_3_3
Parameters: 0.999998 3.63362e-05 -0.00168102 -3.54531e-05 1 0.000602265 0.00168092 -0.000602214 0.999999 0.0248311 0.0436398 0.0749081
FixedParameters: 0 0 0

#Transform 106
Transform: AffineTransform_float_3_3
Parameters: 0.999998 -0.000227164 -0.00208817 0.000227061 1 4.96534e-05 0.00208814 -5.06133e-05 0.999998 0.0360506 0.00655854 0.0711609
FixedParameters: 0 0 0

#Transform 107
Transform: AffineTransform_float_3_3
Parameters: 0.999998 -1.60588e-05 -0.00191935 1.61685e-05 1 0.000109739 0.00191935 -0.000109812 0.999998 0.0313952 -0.00387625 0.0330319
FixedParameters: 0 0 0

#Transform 108
Transform: AffineTransform_float_3_3
Parameters: 0.999998 -1.20817e-05 -0.00201647 1.27371e-05 1 0.00023979 0.00201647 -0.000239851 0.999998 0.0412409 -0.0555498 0.0640038
FixedParameters: 0 0 0

#Transform 109
Transform: AffineTransform_float_3_3
Parameters: 0.999998 0.000145312 -0.00188786 -0.000144634 1 0.00050464 0.00188792 -0.000505167 0.999998 0.0252804 -0.0330358 0.0797874
FixedParameters: 0 0 0

#Transform 110
Transform: AffineTransform_float_3_3
Parameters: 0.999998 -0.000346248 -0.00201609 0.000347116 1 6.51147e-05 0.00201613 -6.54612e-05 0.999998 0.0342579 -0.0136375 0.0420033
FixedParameters: 0 0 0

#Transform 111
Transform: AffineTransform_float_3_3
Parameters: 0.999997 -0.000561472 -0.00204635 0.000564486 0.999999 0.00127026 0.00204583 -0.00127179 0.999997 0.0410043 -0.0379344 0.0936734
FixedParameters: 0 0 0

#Transform 112
Transform: AffineTransform_float_3_3
Parameters: 0.999999 -8.71954e-05 -0.00122217 8.771e-05 1 0.000702224 0.00122311 -0.000701595 0.999999 -0.0111798 -0.121591 0.0298974
FixedParameters: 0 0 0

#Transform 113
Transform: AffineTransform_float_3_3
Parameters: 0.999999 -0.000546737 -0.00173392 0.000547831 1 0.000424472 0.00173353 -0.000425387 0.999999 0.0276763 0.00858995 0.0423131
FixedParameters: 0 0 0

#Transform 114
Transform: AffineTransform_float_3_3
Parameters: 0.999999 0.000126938 -0.00180935 -0.000125155 0.999999 0.000853649 0.00180857 -0.000853195 0.999998 0.0272021 -0.011941 0.0515407
FixedParameters: 0 0 0

#Transform 115
Transform: AffineTransform_float_3_3
Parameters: 0.999998 -0.000515012 -0.0020185 0.000514018 1 -0.000152722 0.00201873 0.000151628 0.999998 0.0386791 0.0062961 0.00254918
FixedParameters: 0 0 0

#Transform 116
Transform: AffineTransform_float_3_3
Parameters: 0.999998 -2.17362e-05 -0.00165506 2.21656e-05 1 0.000474416 0.00165503 -0.000474563 0.999998 0.023155 -0.0230021 0.00877777
FixedParameters: 0 0 0

#Transform 117
Transform: AffineTransform_float_3_3
Parameters: 0.999999 -0.00051958 -0.00179147 0.000518386 1 -0.00022545 0.00179079 0.000224652 0.999999 0.0286655 -0.0113825 0.00712554
FixedParameters: 0 0 0

#Transform 118
Transform: AffineTransform_float_3_3
Parameters: 0.999998 6.93597e-05 -0.00157815 -6.91501e-05 1 0.000428039 0.0015782 -0.000427894 0.999998 0.00832122 0.0254135 0.0550706
FixedParameters: 0 0 0

#Transform 119
Transform: AffineTransform_float_3_3
Parameters: 0.999998 -0.000570041 -0.00171933 0.0005677 1 -0.000945553 0.00171936 0.000944743 0.999998 0.0282072 0.0167006 -0.021236
FixedParameters: 0 0 0

#Transform 120
Transform: AffineTransform_float_3_3
Parameters: 0.999999 3.23913e-05 -0.00150239 -3.1991e-05 1 0.000513059 0.00150241 -0.000513036 0.999998 0.0154808 -0.00812973 0.056564
FixedParameters: 0 0 0

#Transform 121
Transform: AffineTransform_float_3_3
Parameters: 0.999999 -0.000324477 -0.00155822 0.000323736 1 -0.000481994 0.00155862 0.000482041 0.999998 0.0230163 0.0457651 0.0111602
FixedParameters: 0 0 0

#Transform 122
Transform: AffineTransform_float_3_3
Parameters: 0.999998 -0.000156346 -0.00168515 0.000157212 1 3.14588e-05 0.00168523 -3.093e-05 0.999998 0.00962105 -0.0144064 0.0600948
FixedParameters: 0 0 0

#Transform 123
Transform: AffineTransform_float_3_3
Parameters: 0.999999 -0.000134797 -0.0014768 0.000134117 1 -0.000511235 0.00147695 0.000510901 0.999999 0.00220275 0.0199464 0.0352246
FixedParameters: 0 0 0

#Transform 124
Transform: AffineTransform_float_3_3
Parameters: 0.999998 0.000194024 -0.00171005 -0.000194241 1 -1.73833e-05 0.00171004 1.80416e-05 0.999998 0.0132559 0.018915 0.0292655
FixedParameters: 0 0 0

#Transform 125
Transform: AffineTransform_float_3_3
Parameters: 0.999998 6.80371e-05 -0.00199414 -6.72558e-05 1 0.000521204 0.0019942 -0.000521014 0.999998 0.00755835 -0.0482502 0.0713434
FixedParameters: 0 0 0

#Transform 126
Transform: AffineTransform_float_3_3
Parameters: 0.999997 -0.00051295 -0.00211426 0.000512064 1 -0.000120242 0.00211446 0.000119058 0.999998 -0.00766974 -0.00356299 0.0373797
FixedParameters: 0 0 0

#Transform 127
Transform: AffineTransform_float_3_3
Parameters: 0.999998 0.000385563 -0.00202702 -0.000383898 0.999999 0.000957009 0.00202753 -0.000956587 0.999998 -0.0120628 -0.0266825 0.0729442
FixedParameters: 0 0 0

#Transform 128
Transform: AffineTransform_float_3_3
Parameters: 0.999998 -0.000534595 -0.00197378 0.00053404 0.999999 -0.000543914 0.00197446 0.000542924 0.999998 -0.0169998 0.0025883 0.0868673
FixedParameters: 0 0 0

#Transform 129
Transform: AffineTransform_float_3_3
Parameters: 0.999998 0.000264468 -0.00204241 -0.000264096 1 0.000409283 0.00204262 -0.000408283 0.999998 -0.0200266 -0.0285555 0.134359
FixedParameters: 0 0 0

#Transform 130
Transform: AffineTransform_float_3_3
Parameters: 0.999998 -0.000535124 -0.00231921 0.000534068 0.999999 -0.00053603 0.00231889 0.000534742 0.999997 -0.0020136 -0.0034415 0.0440004
FixedParameters: 0 0 0

#Transform 131
Transform: AffineTransform_float_3_3
Parameters: 0.999998 0.000556357 -0.00192672 -0.000555796 1 0.000465055 0.00192715 -0.000463986 0.999998 -0.0387813 -0.00216928 0.15435
FixedParameters: 0 0 0

#Transform 132
Transform: AffineTransform_float_3_3
Parameters: 0.999999 -0.000261816 -0.00183472 0.000260167 0.999999 -0.000633502 0.00183506 0.000632601 0.999998 -0.0205913 0.0247239 0.0771665
FixedParameters: 0 0 0

#Transform 133
Transform: AffineTransform_float_3_3
Parameters: 0.999998 0.000481546 -0.00200334 -0.000481735 1 0.000259925 0.0020035 -0.00025907 0.999998 -0.0403198 0.00558949 0.132792
FixedParameters: 0 0 0

#Transform 134
Transform: AffineTransform_float_3_3
Parameters: 0.999998 0.000205264 -0.00204476 -0.000205639 1 -0.00025617 0.00204466 0.000257067 0.999998 -0.0291974 0.0102718 0.0847611
FixedParameters: 0 0 0

#Transform 135
Transform: AffineTransform_float_3_3
Parameters: 0.999998 0.000329127 -0.00193109 -0.00032861 1 0.000215218 0.00193123 -0.00021396 0.999998 -0.0354791 0.0291367 0.145874
FixedParameters: 0 0 0

#Transform 136
Transform: AffineTransform_float_3_3
Parameters: 0.999998 0.000415501 -0.00189796 -0.000416003 1 -6.77228e-05 0.00189783 6.82948e-05 0.999998 -0.0439316 -0.00618969 0.132853
FixedParameters: 0 0 0

#Transform 137
Transform: AffineTransform_float_3_3
Parameters: 0.999998 0.000387564 -0.0019438 -0.000388004 1 -5.01581e-05 0.00194368 5.06596e-05 0.999998 -0.0425991 0.0189807 0.136606
FixedParameters: 0 0 0

#Transform 138
Transform: AffineTransform_float_3_3
Parameters: 0.999998 0.00032986 -0.00226326 -0.000328838 1 0.00053196 0.00226352 -0.000531549 0.999998 -0.0418255 -0.000198451 0.136127
FixedParameters: 0 0 0

#Transform 139
Transform: AffineTransform_float_3_3
Parameters: 0.999998 0.00028279 -0.00203538 -0.000283602 1 -0.000139481 0.00203522 0.000139628 0.999998 -0.0525268 0.00711654 0.138744
FixedParameters: 0 0 0

#Transform 140
Transform: AffineTransform_float_3_3
Parameters: 0.999997 0.000871663 -0.00233334 -0.000870136 0.999999 0.000612013 0.00233325 -0.000609946 0.999997 -0.0622911 -0.0596403 0.157289
FixedParameters: 0 0 0

#Transform 141
Transform: AffineTransform_float_3_3
Parameters: 0.999998 0.000464371 -0.00208479 -0.000465709 1 -0.000772096 0.00208401 0.000773171 0.999997 -0.0631929 0.0134797 0.138542
FixedParameters: 0 0 0

#Transform 142
Transform: AffineTransform_float_3_3
Parameters: 0.999998 0.000968368 -0.00195953 -0.000967421 1 0.00079196 0.00196004 -0.000790231 0.999997 -0.0764157 0.00193258 0.171032
FixedParameters: 0 0 0

#Transform 143
Transform: AffineTransform_float_3_3
Parameters: 0.999998 0.000424684 -0.00182669 -0.000425709 1 -0.000194651 0.00182652 0.000196193 0.999999 -0.0880292 -0.01064 0.150462
FixedParameters: 0 0 0

#Transform 144
Transform: AffineTransform_float_3_3
Parameters: 0.999998 0.0009619 -0.00207674 -0.00096056 1 0.000604684 0.00207688 -0.000602687 0.999997 -0.0696204 -0.0303817 0.173734
FixedParameters: 0 0 0

#Transform 145
Transform: AffineTransform_float_3_3
Parameters: 0.999997 0.000757485 -0.00202221 -0.000756703 0.999999 1.07631e-05 0.00202215 -8.63902e-06 0.999998 -0.0909715 0.0235222 0.187842
FixedParameters: 0 0 0

#Transform 146
Transform: AffineTransform_float_3_3
Parameters: 0.999997 0.000915069 -0.00201927 -0.000915148 0.999999 4.21422e-05 0.00201927 -3.94526e-05 0.999998 -0.0833775 0.0628134 0.175421
FixedParameters: 0 0 0

#Transform 147
Transform: AffineTransform_float_3_3
Parameters: 0.999998 0.00052323 -0.00197913 -0.000522233 0.999999 0.000564949 0.00197864 -0.000563877 0.999998 -0.0820069 -0.0443432 0.167332
FixedParameters: 0 0 0

#Transform 148
Transform: AffineTransform_float_3_3
Parameters: 0.999998 0.000509477 -0.00222057 -0.000508196 1 0.000378889 0.00222088 -0.000377641 0.999998 -0.0697949 0.0216205 0.184677
FixedParameters: 0 0 0

#Transform 149
Transform: AffineTransform_float_3_3
Parameters: 0.999998 0.000508761 -0.00199527 -0.000507566 1 0.000361109 0.00199556 -0.000360087 0.999998 -0.0829031 -0.0279129 0.19834
FixedParameters: 0 0 0

#Transform 150
Transform: AffineTransform_float_3_3
Parameters: 0.999997 0.000821116 -0.00230729 -0.000819262 0.999999 0.000689742 0.00230727 -0.000687954 0.999997 -0.0764461 9.65813e-06 0.190713
FixedParameters: 0 0 0

#Transform 151
Transform: AffineTransform_float_3_3
Parameters: 0.999997 0.00068688 -0.00200284 -0.000687078 1 0.000258196 0.00200311 -0.000256518 0.999998 -0.0989299 -0.0304164 0.168575
FixedParameters: 0 0 0

#Transform 152
Transform: AffineTransform_float_3_3
Parameters: 0.999998 0.00106623 -0.00196406 -0.00106552 0.999999 0.000730453 0.00196459 -0.000728329 0.999998 -0.102066 -0.0107487 0.196301
FixedParameters: 0 0 0

#Transform 153
Transform: AffineTransform_float_3_3
Parameters: 0.999998 0.000430469 -0.00204348 -0.000430739 1 -0.000247221 0.00204319 0.000248042 0.999998 -0.0870117 0.0122781 0.179638
FixedParameters: 0 0 0

#Transform 154
Transform: AffineTransform_float_3_3
Parameters: 0.999997 0.00121795 -0.0017661 -0.00121563 0.999999 0.000942886 0.00176724 -0.000940572 0.999998 -0.109731 -0.0352873 0.220575
FixedParameters: 0 0 0

#Transform 155
Transform: AffineTransform_float_3_3
Parameters: 0.999999 0.000523025 -0.00178929 -0.000523389 1 -0.000308734 0.0017889 0.000309668 0.999999 -0.0901623 -0.0412028 0.151225
FixedParameters: 0 0 0

#Transform 156
Transform: AffineTransform_float_3_3
Parameters: 0.999998 0.000502957 -0.00173193 -0.000503734 0.999999 -0.000482871 0.00173124 0.000483687 0.999999 -0.0889805 0.0486284 0.198329
FixedParameters: 0 0 0

#Transform 157
Transform: AffineTransform_float_3_3
Parameters: 0.999998 0.000623687 -0.00189415 -0.000621064 1 0.000975866 0.00189528 -0.000974576 0.999997 -0.0764238 -0.0987664 0.119648
FixedParameters: 0 0 0

#Transform 158
Transform: AffineTransform_float_3_3
Parameters: 0.999998 0.000736968 -0.00185358 -0.000735381 0.999999 0.000494467 0.00185423 -0.000492744 0.999998 -0.0825173 -0.0027513 0.143578
FixedParameters: 0 0 0

#Transform 159
Transform: AffineTransform_float_3_3
Parameters: 0.999998 0.000921401 -0.00183516 -0.000920754 1 0.00071884 0.00183631 -0.000717589 0.999998 -0.093908 -0.0624745 0.143785
FixedParameters: 0 0 0

#Transform 160
Transform: AffineTransform_float_3_3
Parameters: 0.999998 0.00014114 -0.0018927 -0.00014137 1 2.1673e-05 0.00189271 -2.11498e-05 0.999998 -0.0789777 -0.00664862 0.116793
FixedParameters: 0 0 0

#Transform 161
Transform: AffineTransform_float_3_3
Parameters: 0.999999 0.00102596 -0.00142164 -0.0010259 1 0.000400365 0.00142152 -0.000398443 0.999999 -0.109841 0.0137493 0.175988
FixedParameters: 0 0 0

#Transform 162
Transform: AffineTransform_float_3_3
Parameters: 0.999998 0.000250715 -0.00205859 -0.000250552 1 0.000357177 0.00205777 -0.000356147 0.999998 -0.0773774 -0.0329486 0.156413
FixedParameters: 0 0 0

#Transform 163
Transform: AffineTransform_float_3_3
Parameters: 0.999998 0.00105504 -0.00159435 -0.00105317 0.999999 0.000902925 0.0015951 -0.000901548 0.999999 -0.0959714 -0.00955256 0.196495
FixedParameters: 0 0 0

#Transform 164
Transform: AffineTransform_float_3_3
Parameters: 0.999998 0.000674001 -0.00200981 -0.000673264 0.999999 0.000246605 0.00200908 -0.000244826 0.999998 -0.0806164 -0.0420655 0.141404
FixedParameters: 0 0 0

#Transform 165
Transform: AffineTransform_float_3_3
Parameters: 0.999997 0.000949153 -0.00190472 -0.000947727 0.999999 0.000915597 0.00190636 -0.000913119 0.999998 -0.100436 -0.0622089 0.178819
FixedParameters: 0 0 0

#Transform 166
Transform: AffineTransform_float_3_3
Parameters: 0.999998 0.000864279 -0.00203732 -0.000863231 0.999999 0.000600021 0.00203741 -0.000597509 0.999997 -0.080838 -0.0232898 0.187352
FixedParameters: 0 0 0

#Transform 167
Transform: AffineTransform_float_3_3
Parameters: 0.999997 0.000788661 -0.00203384 -0.000787195 0.999999 0.000648059 0.00203371 -0.000646846 0.999997 -0.0841669 -0.0674171 0.187388
FixedParameters: 0 0 0

#Transform 168
Transform: AffineTransform_float_3_3
Parameters: 0.999997 0.000926141 -0.0019673 -0.000924664 1 0.000633569 0.00196732 -0.000631913 0.999998 -0.0821011 0.00367612 0.19718
FixedParameters: 0 0 0

#Transform 169
Transform: AffineTransform_float_3_3
Parameters: 0.999998 0.00075364 -0.0017407 -0.000752627 0.999999 0.000627121 0.00174049 -0.00062649 0.999999 -0.0918154 -0.0323731 0.188133
FixedParameters: 0 0 0

#Transform 170
Transform: AffineTransform_float_3_3
Parameters: 0.999997 0.000841411 -0.00200005 -0.000840992 0.999999 0.000641776 0.00200096 -0.000640547 0.999998 -0.0855818 -0.0465318 0.211584
FixedParameters: 0 0 0

#Transform 171
Transform: AffineTransform_float_3_3
Parameters: 0.999998 0.000702429 -0.00183997 -0.000701762 0.999999 0.000515752 0.00184061 -0.000514242 0.999998 -0.0834814 0.0392677 0.197652
FixedParameters: 0 0 0

#Transform 172
Transform: AffineTransform_float_3_3
Parameters: 0.999997 0.00133896 -0.00169916 -0.00133715 0.999998 0.00112242 0.00170001 -0.00111985 0.999998 -0.102404 -0.0281452 0.185979
FixedParameters: 0 0 0

#Transform 173
Transform: AffineTransform_float_3_3
Parameters: 0.999998 0.000809716 -0.0015386 -0.000810437 0.999999 -0.000205185 0.00153819 0.000206678 0.999999 -0.105913 0.0269729 0.159137
FixedParameters: 0 0 0

#Transform 174
Transform: AffineTransform_float_3_3
Parameters: 0.999998 0.00119864 -0.00172005 -0.00119667 0.999999 0.00086709 0.00172097 -0.000864954 0.999998 -0.0927877 -0.00236579 0.213764
FixedParameters: 0 0 0

#Transform 175
Transform: AffineTransform_float_3_3
Parameters: 0.999998 0.000649793 -0.00188699 -0.000649131 1 0.000240499 0.00188722 -0.000239054 0.999998 -0.0816638 -0.0279992 0.150802
FixedParameters: 0 0 0

#Transform 176
Transform: AffineTransform_float_3_3
Parameters: 0.999999 0.000501823 -0.0017008 -0.000501639 1 0.000126085 0.00170098 -0.000125389 0.999998 -0.089674 -0.029575 0.130431
FixedParameters: 0 0 0

#Transform 177
Transform: AffineTransform_float_3_3
Parameters: 0.999999 0.000584107 -0.00177607 -0.000583696 1 0.000186843 0.00177522 -0.000185698 0.999999 -0.0796293 0.0180277 0.0784451
FixedParameters: 0 0 0

#Transform 178
Transform: AffineTransform_float_3_3
Parameters: 0.999998 0.00090981 -0.00177182 -0.000909188 0.999999 0.000227967 0.00177109 -0.000226668 0.999999 -0.0882284 0.0141595 0.179711
FixedParameters: 0 0 0

#Transform 179
Transform: AffineTransform_float_3_3
Parameters: 0.999999 0.000454719 -0.00178216 -0.000454555 1 0.00011457 0.00178219 -0.000113956 0.999999 -0.0894659 -0.0515577 0.145105
FixedParameters: 0 0 0

#Transform 180
Transform: AffineTransform_float_3_3
Parameters: 0.999998 0.000937731 -0.00177751 -0.000937365 0.999999 0.000155142 0.00177665 -0.000153733 0.999999 -0.0893125 -0.0165451 0.159103
FixedParameters: 0 0 0

#Transform 181
Transform: AffineTransform_float_3_3
Parameters: 0.999998 0.000677375 -0.00181042 -0.000677544 0.999999 -0.000251068 0.00181001 0.000252583 0.999999 -0.0847666 -0.000165143 0.124659
FixedParameters: 0 0 0

#Transform 182
Transform: AffineTransform_float_3_3
Parameters: 0.999998 0.00069744 -0.00184121 -0.000696778 0.999999 0.000246741 0.00184147 -0.00024518 0.999999 -0.0866469 -0.017772 0.167813
FixedParameters: 0 0 0

#Transform 183
Transform: AffineTransform_float_3_3
Parameters: 0.999999 0.000642583 -0.00171485 -0.000642762 1 1.91731e-05 0.00171493 -1.79798e-05 0.999998 -0.0882209 -0.00953298 0.127732
FixedParameters: 0 0 0

#Transform 184
Transform: AffineTransform_float_3_3
Parameters: 0.999998 0.000634071 -0.00179735 -0.00063462 1 -8.43361e-05 0.00179717 8.56101e-05 0.999999 -0.0856405 -0.0343774 0.133167
FixedParameters: 0 0 0

#Transform 185
Transform: AffineTransform_float_3_3
Parameters: 0.999998 1.97808e-06 -0.00208779 -4.48468e-06 0.999999 -0.00127077 0.00208767 0.00127099 0.999997 -0.0655918 0.0788004 0.0689107
FixedParameters: 0 0 0

#Transform 186
Transform: AffineTransform_float_3_3
Parameters: 0.999998 0.000243871 -0.00201143 -0.000243702 1 0.000102584 0.0020114 -0.000102609 0.999998 -0.082727 -0.0971033 0.125892
FixedParameters: 0 0 0

#Transform 187
Transform: AffineTransform_float_3_3
Parameters: 0.999998 0.000221418 -0.00195755 -0.000219058 0.999999 0.000916323 0.00195786 -0.000916534 0.999997 -0.0661954 -0.0247677 0.144082
FixedParameters: 0 0 0

#Transform 188
Transform: AffineTransform_float_3_3
Parameters: 0.999998 0.000540207 -0.00185436 -0.000539133 0.999999 0.000886724 0.00185523 -0.000885865 0.999998 -0.0619863 -0.0301475 0.163087
FixedParameters: 0 0 0

#Transform 189
Transform: AffineTransform_float_3_3
Parameters: 0.999998 0.00018705 -0.00225389 -0.000185465 1 0.000440253 0.00225397 -0.000440426 0.999998 -0.0649163 0.0167456 0.140052
FixedParameters: 0 0 0

#Transform 190
