# transform file /out/sourcedata/freesurfer/sub-v1s5x0050728_ses-1/mri/transforms/cc_up.lta
# created by oesteban on Tue Mar 10 05:00:51 2026

type      = 0 # LINEAR_VOX_TO_VOX
nxforms   = 1
mean      = 130.0000 109.0000 119.0000
sigma     = 10000.0000
1 4 4
9.912902116775513e-01 1.182061731815338e-01 -5.806216225028038e-02 -6.055410385131836e+00 
-1.180039271712303e-01 9.929891824722290e-01 6.911763455718756e-03 5.432967758178711e+01 
5.847210437059402e-02 -4.656613428188905e-10 9.982891082763672e-01 8.521224975585938e+00 
0.000000000000000e+00 0.000000000000000e+00 0.000000000000000e+00 1.000000000000000e+00 
src volume info
valid = 1  # volume info valid
filename = /out/sourcedata/freesurfer/sub-v1s5x0050728_ses-1/mri/norm.mgz
volume = 256 256 256
voxelsize = 1.000000000000000e+00 1.000000000000000e+00 1.000000000000000e+00
xras   = -9.999997615814209e-01 6.053596735000610e-09 7.450580596923828e-09
yras   = 0.000000000000000e+00 4.656612873077393e-10 -9.999998807907104e-01
zras   = -2.386514097452164e-09 9.999998211860657e-01 -9.313225746154785e-10
cras   = 2.511772155761719e+00 4.357574462890625e+00 1.802084350585938e+01
dst volume info
valid = 1  # volume info valid
filename = /out/sourcedata/freesurfer/sub-v1s5x0050728_ses-1/mri/norm.mgz
volume = 256 256 256
voxelsize = 1.000000000000000e+00 1.000000000000000e+00 1.000000000000000e+00
xras   = -9.999997615814209e-01 6.053596735000610e-09 7.450580596923828e-09
yras   = 0.000000000000000e+00 4.656612873077393e-10 -9.999998807907104e-01
zras   = -2.386514097452164e-09 9.999998211860657e-01 -9.313225746154785e-10
cras   = 2.511772155761719e+00 4.357574462890625e+00 1.802084350585938e+01
