type      = 0 # LINEAR_VOX_TO_VOX
nxforms   = 1
mean      = 0.0000 0.0000 0.0000
sigma     = 1.0000
1 4 4
1.191084742546082e+00 1.351999789476395e-01 -6.316898763179779e-02 -3.386758422851562e+01 
-1.336789876222610e-01 1.142011880874634e+00 2.348799817264080e-02 1.569923400878906e+01 
6.620398908853531e-02 -8.515499532222748e-02 1.114577770233154e+00 -2.203828430175781e+01 
0.000000000000000e+00 0.000000000000000e+00 0.000000000000000e+00 1.000000000000000e+00 
src volume info
valid = 1  # volume info valid
filename = /out/sourcedata/freesurfer/sub-v1s5x0050728_ses-1/mri/orig.mgz
volume = 256 256 256
voxelsize = 1.000000000000000e+00 1.000000000000000e+00 1.000000000000000e+00
xras   = -9.999997615814209e-01 6.053596735000610e-09 7.450580596923828e-09
yras   = 0.000000000000000e+00 4.656612873077393e-10 -9.999998807907104e-01
zras   = -2.386514097452164e-09 9.999998211860657e-01 -9.313225746154785e-10
cras   = 2.511772155761719e+00 4.357574462890625e+00 1.802084350585938e+01
dst volume info
valid = 1  # volume info valid
filename = /opt/freesurfer/average/mni305.cor.mgz
volume = 256 256 256
voxelsize = 1.000000000000000e+00 1.000000000000000e+00 1.000000000000000e+00
xras   = -1.000000000000000e+00 0.000000000000000e+00 0.000000000000000e+00
yras   = 0.000000000000000e+00 0.000000000000000e+00 -1.000000000000000e+00
zras   = 0.000000000000000e+00 1.000000000000000e+00 0.000000000000000e+00
cras   = 0.000000000000000e+00 0.000000000000000e+00 0.000000000000000e+00
subject fsaverage
fscale 0.100000
