# transform file transforms/talairach.lta
# created by oesteban on Tue Mar 10 03:54:04 2026

type      = 0 # LINEAR_VOX_TO_VOX
nxforms   = 1
mean      = 130.0000 108.0000 119.0000
sigma     = 10000.0000
1 4 4
1.116704821586609e+00 1.481128633022308e-01 -3.319964185357094e-02 -3.071010589599609e+01 
-1.539086550474167e-01 1.162749171257019e+00 7.747558876872063e-03 1.851785659790039e+01 
4.013694822788239e-02 -1.934372354298830e-03 1.035323143005371e+00 -1.692372131347656e+01 
0.000000000000000e+00 0.000000000000000e+00 0.000000000000000e+00 1.000000000000000e+00 
src volume info
valid = 1  # volume info valid
filename = nu.mgz
volume = 256 256 256
voxelsize = 1.000000000000000e+00 1.000000000000000e+00 1.000000000000000e+00
xras   = -9.999997615814209e-01 6.053596735000610e-09 7.450580596923828e-09
yras   = 0.000000000000000e+00 4.656612873077393e-10 -9.999998807907104e-01
zras   = -2.386514097452164e-09 9.999998211860657e-01 -9.313225746154785e-10
cras   = 2.511772155761719e+00 4.357574462890625e+00 1.802084350585938e+01
dst volume info
valid = 1  # volume info valid
filename = /opt/freesurfer/average/RB_all_2020-01-02.gca
volume = 256 256 256
voxelsize = 1.000000000000000e+00 1.000000000000000e+00 1.000000000000000e+00
xras   = -1.000000000000000e+00 0.000000000000000e+00 0.000000000000000e+00
yras   = 0.000000000000000e+00 0.000000000000000e+00 -1.000000000000000e+00
zras   = 0.000000000000000e+00 1.000000000000000e+00 0.000000000000000e+00
cras   = 0.000000000000000e+00 0.000000000000000e+00 0.000000000000000e+00
