type      = 1 # LINEAR_RAS_TO_RAS
nxforms   = 1
mean      = 0.0000 0.0000 0.0000
sigma     = 1.0000
1 4 4
1.191084980964661e+00 6.316900253295898e-02 1.351999938488007e-01 -5.514647960662842e+00 
-6.620399653911591e-02 1.114578008651733e+00 8.515500277280807e-02 -1.602319335937500e+01 
-1.336790025234222e-01 -2.348800003528595e-02 1.142012000083923e+00 -3.991419982910156e+01 
0.000000000000000e+00 0.000000000000000e+00 0.000000000000000e+00 1.000000000000000e+00 
src volume info
valid = 1  # volume info valid
filename = /out/sourcedata/freesurfer/sub-v1s5x0050728_ses-1/mri/orig_nu.mgz
volume = 256 256 256
voxelsize = 1.000000000000000e+00 1.000000000000000e+00 1.000000000000000e+00
xras   = -9.999997615814209e-01 6.053596735000610e-09 7.450580596923828e-09
yras   = 0.000000000000000e+00 4.656612873077393e-10 -9.999998807907104e-01
zras   = -2.386514097452164e-09 9.999998211860657e-01 -9.313225746154785e-10
cras   = 2.511772155761719e+00 4.357574462890625e+00 1.802084350585938e+01
dst volume info
valid = 1  # volume info valid
filename = /opt/freesurfer/average/mni305.cor.mgz
volume = 256 256 256
voxelsize = 1.000000000000000e+00 1.000000000000000e+00 1.000000000000000e+00
xras   = -1.000000000000000e+00 0.000000000000000e+00 0.000000000000000e+00
yras   = 0.000000000000000e+00 0.000000000000000e+00 -1.000000000000000e+00
zras   = 0.000000000000000e+00 1.000000000000000e+00 0.000000000000000e+00
cras   = 0.000000000000000e+00 0.000000000000000e+00 0.000000000000000e+00
subject fsaverage
fscale 0.100000
