#Insight Transform File V1.0
#Transform 0
Transform: AffineTransform_float_3_3
Parameters: 1 -0.000991446 0.00039241 0.000989704 0.99999 0.00430889 -0.000396245 -0.00430853 0.99999 0.0268241 -0.0317207 0.213084
FixedParameters: 0 0 0

#Transform 1
Transform: AffineTransform_float_3_3
Parameters: 0.999999 -0.00117546 0.000639862 0.00117293 0.999992 0.00361131 -0.000643661 -0.00361123 0.999994 0.0198224 -0.0370989 0.160153
FixedParameters: 0 0 0

#Transform 2
Transform: AffineTransform_float_3_3
Parameters: 0.999998 -0.00135972 0.00102902 0.00135524 0.999992 0.00375453 -0.00103456 -0.00375313 0.999993 0.00947374 -0.0354078 0.234591
FixedParameters: 0 0 0

#Transform 3
Transform: AffineTransform_float_3_3
Parameters: 0.999999 -0.00103104 0.000946161 0.00102916 0.999997 0.00222458 -0.000947813 -0.00222287 0.999997 0.0100174 0.027148 0.281988
FixedParameters: 0 0 0

#Transform 4
Transform: AffineTransform_float_3_3
Parameters: 1 -0.000946476 0.00053587 0.000944375 0.999997 0.0022991 -0.0005373 -0.00229835 0.999997 0.00974127 -0.0940279 0.30249
FixedParameters: 0 0 0

#Transform 5
Transform: AffineTransform_float_3_3
Parameters: 0.999999 -0.00100655 0.000971352 0.00100423 0.999997 0.00249601 -0.000973568 -0.00249529 0.999997 0.0122855 0.0486759 0.263683
FixedParameters: 0 0 0

#Transform 6
Transform: AffineTransform_float_3_3
Parameters: 0.999998 -0.00119731 0.00128503 0.00119146 0.999989 0.00460085 -0.00129055 -0.00460021 0.999988 -0.00907519 -0.0660729 0.226752
FixedParameters: 0 0 0

#Transform 7
Transform: AffineTransform_float_3_3
Parameters: 0.999999 -0.00121195 0.000960526 0.00120833 0.999993 0.00347596 -0.00096412 -0.00347404 0.999993 0.0114201 -0.0135689 0.244468
FixedParameters: 0 0 0

#Transform 8
Transform: AffineTransform_float_3_3
Parameters: 0.999999 -0.00109734 0.000784874 0.00109492 0.999993 0.00349915 -0.000788815 -0.00349873 0.999993 0.0135471 -0.0355398 0.240492
FixedParameters: 0 0 0

#Transform 9
Transform: AffineTransform_float_3_3
Parameters: 0.999999 -0.000985319 0.00122474 0.000980106 0.999992 0.00385929 -0.00122866 -0.00385818 0.999992 0.000595451 -0.0447133 0.227693
FixedParameters: 0 0 0

#Transform 10
Transform: AffineTransform_float_3_3
Parameters: 0.999998 -0.000981883 0.00146408 0.000976254 0.999991 0.0041676 -0.00146763 -0.00416608 0.999991 -0.017607 -0.0889251 0.17081
FixedParameters: 0 0 0

#Transform 11
Transform: AffineTransform_float_3_3
Parameters: 0.999999 -0.00125598 0.000733618 0.00125375 0.999996 0.00268309 -0.000737461 -0.00268149 0.999996 0.01048 -0.012643 0.145716
FixedParameters: 0 0 0

#Transform 12
Transform: AffineTransform_float_3_3
Parameters: 0.999999 -0.0013128 0.000534367 0.00131164 0.999996 0.00268336 -0.000537524 -0.00268229 0.999997 0.00768438 -0.0048459 0.271055
FixedParameters: 0 0 0

#Transform 13
Transform: AffineTransform_float_3_3
Parameters: 0.999999 -0.00122375 0.000591511 0.00122249 0.999997 0.00235814 -0.000594354 -0.00235694 0.999997 9.2498e-05 0.00357902 0.22621
FixedParameters: 0 0 0

#Transform 14
Transform: AffineTransform_float_3_3
Parameters: 0.999998 -0.00101488 0.00136531 0.0010124 0.999997 0.00212936 -0.00136778 -0.00212772 0.999997 -0.0317005 -0.0116123 0.19151
FixedParameters: 0 0 0

#Transform 15
Transform: AffineTransform_float_3_3
Parameters: 1 -0.000993592 0.000730294 0.000990872 0.999995 0.00316988 -0.000733822 -0.00316966 0.999994 0.00719777 0.0777936 0.2111
FixedParameters: 0 0 0

#Transform 16
Transform: AffineTransform_float_3_3
Parameters: 1 -0.000309351 0.000536154 0.000309238 0.999999 0.001193 -0.000535925 -0.00119274 0.999999 0.00993325 -0.0158861 0.239956
FixedParameters: 0 0 0

#Transform 17
Transform: AffineTransform_float_3_3
Parameters: 1 -0.000503872 0.000330051 0.000502855 0.999997 0.00237369 -0.000331549 -0.00237344 0.999997 0.0123948 -0.00649054 0.114897
FixedParameters: 0 0 0

#Transform 18
Transform: AffineTransform_float_3_3
Parameters: 1 -0.00102582 0.000489375 0.00102489 0.999996 0.00232389 -0.000492213 -0.00232304 0.999997 0.00861395 0.0608142 0.183206
FixedParameters: 0 0 0

#Transform 19
Transform: AffineTransform_float_3_3
Parameters: 1 -0.000105593 0.000630622 0.000104411 1 0.00108313 -0.000629889 -0.00108308 0.999999 -0.0116805 -0.073236 0.142254
FixedParameters: 0 0 0

#Transform 20
Transform: AffineTransform_float_3_3
Parameters: 1 5.65496e-05 5.00011e-05 -5.6451e-05 0.999999 -0.000985032 -5.01122e-05 0.000985026 0.999999 -0.0043984 0.00865822 -0.0468794
FixedParameters: 0 0 0

#Transform 21
Transform: AffineTransform_float_3_3
Parameters: 0.999999 -0.000149396 0.000791354 0.000146337 0.999995 0.00313715 -0.000791452 -0.00313697 0.999995 -0.0182846 0.0341254 0.143897
FixedParameters: 0 0 0

#Transform 22
Transform: AffineTransform_float_3_3
Parameters: 1 -0.000458529 0.000459842 0.000457424 0.999993 0.00386753 -0.000461663 -0.00386725 0.999993 -0.0169888 0.135451 0.157838
FixedParameters: 0 0 0

#Transform 23
Transform: AffineTransform_float_3_3
Parameters: 1 -0.000885545 -8.74964e-05 0.00088536 0.999996 0.00249325 8.59903e-05 -0.00249369 0.999997 0.0224707 -0.0728937 -0.0775416
FixedParameters: 0 0 0

#Transform 24
Transform: AffineTransform_float_3_3
Parameters: 1 -0.000547085 2.52983e-05 0.000547675 0.999996 0.0028276 -2.65415e-05 -0.00282774 0.999996 0.0113926 -0.120281 0.0152506
FixedParameters: 0 0 0

#Transform 25
Transform: AffineTransform_float_3_3
Parameters: 0.999999 -0.000628531 -2.54532e-05 0.000628816 0.999989 0.00461956 2.22386e-05 -0.00461987 0.99999 0.0210904 0.0619895 0.0175462
FixedParameters: 0 0 0

#Transform 26
Transform: AffineTransform_float_3_3
Parameters: 1 0.000207951 8.59623e-05 -0.000208867 0.999999 0.00176935 -8.62953e-05 -0.0017693 0.999999 0.0222362 -0.0047086 -0.0697927
FixedParameters: 0 0 0

#Transform 27
Transform: AffineTransform_float_3_3
Parameters: 1 -1.98679e-05 -0.000550743 2.19298e-05 0.999998 0.00226061 0.000550539 -0.00226064 0.999998 0.0321292 -0.0177564 -0.0156803
FixedParameters: 0 0 0

#Transform 28
Transform: AffineTransform_float_3_3
Parameters: 0.999999 -0.000375698 -0.000572527 0.000377259 0.999995 0.00313535 0.000570969 -0.00313591 0.999995 0.0286111 0.0249713 0.00749359
FixedParameters: 0 0 0

#Transform 29
Transform: AffineTransform_float_3_3
Parameters: 1 2.68866e-06 -0.000805372 -1.1687e-06 0.999997 0.00254414 0.000805259 -0.00254418 0.999997 0.0226742 -0.0324957 -0.0791969
FixedParameters: 0 0 0

#Transform 30
Transform: AffineTransform_float_3_3
Parameters: 1 -7.18913e-05 0.000345667 7.07512e-05 0.99999 0.00458965 -0.000345705 -0.00458965 0.99999 4.77506e-05 -0.0817018 -0.0232537
FixedParameters: 0 0 0

#Transform 31
Transform: AffineTransform_float_3_3
Parameters: 1 -0.00037968 -0.00085377 0.000382119 0.999996 0.00283209 0.000852484 -0.00283288 0.999995 0.0268218 -0.0114665 -0.0557909
FixedParameters: 0 0 0

#Transform 32
Transform: AffineTransform_float_3_3
Parameters: 1 -7.61086e-05 -0.000145921 7.63732e-05 0.999997 0.00237345 0.000146444 -0.00237357 0.999997 0.0101282 -0.0363127 -0.0792183
FixedParameters: 0 0 0

#Transform 33
Transform: AffineTransform_float_3_3
Parameters: 0.999999 -0.000495904 -0.000372584 0.000497374 0.999992 0.00395949 0.000370346 -0.00396007 0.999992 0.0255415 0.037441 0.0183337
FixedParameters: 0 0 0

#Transform 34
Transform: AffineTransform_float_3_3
Parameters: 1 -0.000847733 -0.000431472 0.000848574 0.999994 0.00335505 0.000428667 -0.0033551 0.999995 0.0159712 0.0118899 0.00993321
FixedParameters: 0 0 0

#Transform 35
Transform: AffineTransform_float_3_3
Parameters: 1 -0.00032098 -0.00047816 0.00032218 0.999998 0.00189723 0.000477859 -0.00189764 0.999998 0.0292089 0.0320534 -0.0260461
FixedParameters: 0 0 0

#Transform 36
Transform: AffineTransform_float_3_3
Parameters: 1 -0.00029385 -0.000207008 0.0002944 0.999997 0.00237077 0.000205503 -0.0023709 0.999997 0.0106628 -0.0166861 -0.00404981
FixedParameters: 0 0 0

#Transform 37
Transform: AffineTransform_float_3_3
Parameters: 1 -0.000605781 -0.000461303 0.000606343 0.999996 0.0030113 0.000459485 -0.00301208 0.999996 0.0269107 0.05235 -0.00557807
FixedParameters: 0 0 0

#Transform 38
Transform: AffineTransform_float_3_3
Parameters: 1 -0.000704667 -0.000513116 0.000705589 0.999997 0.00245928 0.000511555 -0.00246021 0.999997 0.03211 0.0113181 -0.0355439
FixedParameters: 0 0 0

#Transform 39
Transform: AffineTransform_float_3_3
Parameters: 0.999999 -0.000723952 -0.000639499 0.000724552 0.999999 0.00109424 0.000638868 -0.00109527 0.999999 0.036367 -0.0272201 -0.0286971
FixedParameters: 0 0 0

#Transform 40
Transform: AffineTransform_float_3_3
Parameters: 1 -0.000498053 -0.000818552 0.000500881 0.999995 0.0030919 0.000816394 -0.00309185 0.999995 0.018154 0.0722411 -0.00322614
FixedParameters: 0 0 0

#Transform 41
Transform: AffineTransform_float_3_3
Parameters: 1 -0.00065387 -0.000701981 0.000655606 0.999997 0.00238956 0.000700852 -0.0023897 0.999997 0.0212923 0.00160426 -0.00877945
FixedParameters: 0 0 0

#Transform 42
Transform: AffineTransform_float_3_3
Parameters: 0.999999 -0.000310175 -0.000732726 0.000311324 0.999999 0.00132909 0.000732854 -0.00132966 0.999999 0.0221719 -0.0574781 -0.0393896
FixedParameters: 0 0 0

#Transform 43
Transform: AffineTransform_float_3_3
Parameters: 0.999999 -0.000482468 -0.000578246 0.000483661 0.999998 0.00173945 0.000577577 -0.00173913 0.999999 0.00693722 0.0399296 -0.00114775
FixedParameters: 0 0 0

#Transform 44
Transform: AffineTransform_float_3_3
Parameters: 1 -0.000730231 -0.000691533 0.000730763 0.999999 0.000531666 0.000691878 -0.000531777 0.999999 0.0307683 0.0496342 -0.0730664
FixedParameters: 0 0 0

#Transform 45
Transform: AffineTransform_float_3_3
Parameters: 1 -0.000324067 0.000170694 0.000323742 0.999998 0.00202779 -0.000172076 -0.00202767 0.999998 -0.0138771 0.0314859 0.0320371
FixedParameters: 0 0 0

#Transform 46
Transform: AffineTransform_float_3_3
Parameters: 0.999999 -0.00070257 -0.000185092 0.000703924 0.999998 0.00217276 0.000183958 -0.00217319 0.999997 0.00344661 0.0860192 0.0303201
FixedParameters: 0 0 0

#Transform 47
Transform: AffineTransform_float_3_3
Parameters: 0.999999 -0.000314561 -0.000681551 0.000314417 1 0.000615245 0.000681158 -0.00061569 0.999999 0.0242512 0.0215416 -0.0347385
FixedParameters: 0 0 0

#Transform 48
Transform: AffineTransform_float_3_3
Parameters: 0.999999 -0.000239283 -0.000612568 0.000240142 0.999999 0.0013529 0.000612874 -0.0013533 0.999999 0.0100747 -0.0180394 0.0018395
FixedParameters: 0 0 0

#Transform 49
Transform: AffineTransform_float_3_3
Parameters: 0.999999 -0.00045202 -0.000540545 0.000452603 0.999999 0.00127742 0.000539348 -0.00127792 0.999999 0.0118248 0.0214976 -0.0238721
FixedParameters: 0 0 0

#Transform 50
Transform: AffineTransform_float_3_3
Parameters: 1 4.15385e-05 -3.7895e-05 -4.19868e-05 0.999997 0.00216549 3.80004e-05 -0.00216549 0.999997 -0.00892335 0.0137919 0.0652544
FixedParameters: 0 0 0

#Transform 51
Transform: AffineTransform_float_3_3
Parameters: 0.999999 -0.000428386 -0.000499628 0.000429533 0.999996 0.00258302 0.000498383 -0.00258257 0.999996 0.00722719 0.0961578 0.0537608
FixedParameters: 0 0 0

#Transform 52
Transform: AffineTransform_float_3_3
Parameters: 0.999999 -0.000464318 -0.00076291 0.000464171 1 0.000558986 0.000762477 -0.000558715 0.999999 0.0206511 -0.0025497 -0.0450206
FixedParameters: 0 0 0

#Transform 53
Transform: AffineTransform_float_3_3
Parameters: 0.999999 -0.000478886 -0.00058474 0.000478647 1 -0.000204615 0.000584936 0.000204055 1 0.00759617 0.0742322 -0.0638494
FixedParameters: 0 0 0

#Transform 54
Transform: AffineTransform_float_3_3
Parameters: 1 -0.000107992 -0.000375404 0.000108192 1 0.000266887 0.000375347 -0.000266968 1 0.0143124 0.0390362 -0.12783
FixedParameters: 0 0 0

#Transform 55
Transform: AffineTransform_float_3_3
Parameters: 0.999999 -0.000330366 -0.000535318 0.000331096 0.999997 0.00219096 0.00053484 -0.00219045 0.999998 0.0253832 0.028534 -0.0421744
FixedParameters: 0 0 0

#Transform 56
Transform: AffineTransform_float_3_3
Parameters: 0.999999 -0.000445564 -0.000604745 0.00044652 0.999999 0.00145102 0.000604404 -0.00145166 0.999999 0.0271829 0.0291658 -0.0985101
FixedParameters: 0 0 0

#Transform 57
Transform: AffineTransform_float_3_3
Parameters: 0.999999 -0.00044346 -0.000593647 0.000444506 0.999998 0.00157049 0.000593299 -0.00157012 0.999998 0.0253669 0.0257325 -0.0149349
FixedParameters: 0 0 0

#Transform 58
Transform: AffineTransform_float_3_3
Parameters: 1 -0.000419443 -0.000704608 0.000422031 0.999996 0.00284099 0.000703096 -0.0028417 0.999995 0.0265662 0.0836294 0.0143947
FixedParameters: 0 0 0

#Transform 59
Transform: AffineTransform_float_3_3
Parameters: 0.999999 -0.000445016 -0.000601785 0.000445983 0.999999 0.00148288 0.000601511 -0.00148252 0.999998 0.0258074 0.0212076 -0.0626194
FixedParameters: 0 0 0

#Transform 60
Transform: AffineTransform_float_3_3
Parameters: 0.999999 -0.000327427 -0.0005929 0.00032849 0.999999 0.0015705 0.000592824 -0.001571 0.999998 0.0190414 0.011725 -0.0540314
FixedParameters: 0 0 0

#Transform 61
Transform: AffineTransform_float_3_3
Parameters: 1 -0.000613159 -0.000716267 0.000615428 0.999997 0.00215619 0.000715625 -0.00215628 0.999998 0.0354023 0.0535644 -0.0692291
FixedParameters: 0 0 0

#Transform 62
Transform: AffineTransform_float_3_3
Parameters: 1 -0.000460418 -0.000747562 0.000461154 0.999999 0.00061577 0.000747028 -0.000616462 0.999999 0.0271903 0.00973129 -0.0929298
FixedParameters: 0 0 0

#Transform 63
Transform: AffineTransform_float_3_3
Parameters: 1 -0.000436247 -0.000792159 0.000438472 0.999998 0.00190923 0.000791443 -0.00191003 0.999998 0.0339847 0.0432003 -0.0374296
FixedParameters: 0 0 0

#Transform 64
Transform: AffineTransform_float_3_3
Parameters: 0.999999 -0.000341851 -0.000672776 0.000342808 0.999999 0.000711327 0.000672289 -0.000711787 0.999999 0.0329031 0.0984249 -0.108052
FixedParameters: 0 0 0

#Transform 65
Transform: AffineTransform_float_3_3
Parameters: 0.999999 -0.000320285 -0.00074208 0.000320232 1 -3.59414e-05 0.000742103 3.54662e-05 0.999999 0.0266604 0.0378649 -0.0866901
FixedParameters: 0 0 0

#Transform 66
Transform: AffineTransform_float_3_3
Parameters: 0.999999 -0.000446812 -0.000553608 0.000448541 0.999999 0.00139608 0.000553318 -0.00139667 0.999999 0.0251182 0.0382477 -0.0237278
FixedParameters: 0 0 0

#Transform 67
Transform: AffineTransform_float_3_3
Parameters: 0.999999 -0.00041927 -0.000467707 0.000420759 0.999995 0.00292645 0.000467181 -0.00292605 0.999995 0.0118448 0.0613885 -0.00861048
FixedParameters: 0 0 0

#Transform 68
Transform: AffineTransform_float_3_3
Parameters: 0.999999 -0.000272797 -0.000777724 0.000273058 0.999999 0.000799281 0.000777246 -0.000799729 1 0.0230896 0.0136872 -0.0992361
FixedParameters: 0 0 0

#Transform 69
Transform: AffineTransform_float_3_3
Parameters: 0.999999 -0.000326235 -0.00066102 0.000328416 0.999995 0.00318395 0.000659739 -0.00318451 0.999994 -0.00226113 0.0126129 0.00718308
FixedParameters: 0 0 0

#Transform 70
Transform: AffineTransform_float_3_3
Parameters: 1 -0.00035882 -0.000995918 0.000360511 0.999999 0.00134231 0.000994945 -0.00134304 0.999998 0.0254393 0.0707688 -0.0739255
FixedParameters: 0 0 0

#Transform 71
Transform: AffineTransform_float_3_3
Parameters: 1 -0.000348261 -0.000494946 0.000349668 0.999998 0.00204288 0.00049444 -0.00204333 0.999998 0.00580146 -0.0246098 -0.0388997
FixedParameters: 0 0 0

#Transform 72
Transform: AffineTransform_float_3_3
Parameters: 0.999999 -0.0003313 -0.00110927 0.00033503 0.999996 0.0027697 0.00110839 -0.00276957 0.999995 0.0316332 0.101647 -0.0608774
FixedParameters: 0 0 0

#Transform 73
Transform: AffineTransform_float_3_3
Parameters: 1 -0.000325064 -0.000784166 0.000327884 0.999995 0.00320945 0.000782909 -0.00321009 0.999994 0.0078113 -0.0349189 -0.0578863
FixedParameters: 0 0 0

#Transform 74
Transform: AffineTransform_float_3_3
Parameters: 1 -0.000328478 -0.000961122 0.000331771 0.999995 0.00296982 0.000960091 -0.0029696 0.999995 0.0228946 0.0494533 -0.0799016
FixedParameters: 0 0 0

#Transform 75
Transform: AffineTransform_float_3_3
Parameters: 1 -0.000359235 -0.000851035 0.000360559 0.999999 0.00135597 0.000851047 -0.00135669 0.999998 0.0160358 0.0696524 -0.140487
FixedParameters: 0 0 0

#Transform 76
Transform: AffineTransform_float_3_3
Parameters: 0.999999 -0.000297439 -0.000680837 0.000297303 1 0.000621926 0.000680461 -0.000622347 0.999999 0.00368104 0.0376941 -0.131323
FixedParameters: 0 0 0

#Transform 77
Transform: AffineTransform_float_3_3
Parameters: 0.999999 -0.00059084 -0.000765436 0.000592561 1 0.00101634 0.000765286 -0.00101634 0.999999 0.0185805 0.0355513 -0.130059
FixedParameters: 0 0 0

#Transform 78
Transform: AffineTransform_float_3_3
Parameters: 0.999999 -0.000370269 -0.00148091 0.00037097 1 0.000630195 0.00148043 -0.000631318 0.999998 0.0458373 0.0975107 -0.157187
FixedParameters: 0 0 0

#Transform 79
Transform: AffineTransform_float_3_3
Parameters: 0.999999 -0.000777479 -0.00109876 0.000781023 0.999996 0.00271356 0.00109649 -0.0027145 0.999995 0.0407434 -0.0323153 -0.0559934
FixedParameters: 0 0 0

#Transform 80
Transform: AffineTransform_float_3_3
Parameters: 1 -0.000676884 -0.00123206 0.000680724 0.999994 0.00333799 0.00123044 -0.00333902 0.999993 0.0481723 -0.00813945 -0.0741967
FixedParameters: 0 0 0

#Transform 81
Transform: AffineTransform_float_3_3
Parameters: 1 -0.000719419 -0.000721465 0.000720548 0.999998 0.00203185 0.000719579 -0.00203201 0.999997 0.0199571 0.00234538 -0.0679378
FixedParameters: 0 0 0

#Transform 82
Transform: AffineTransform_float_3_3
Parameters: 1 -0.000359512 -0.000938082 0.0003597 0.999999 0.000732243 0.00093764 -0.000731948 1 0.0260544 0.0440312 -0.161637
FixedParameters: 0 0 0

#Transform 83
Transform: AffineTransform_float_3_3
Parameters: 0.999999 -0.00015489 -0.000692578 0.000154653 1 -0.000170863 0.000692631 0.000170649 0.999999 0.0114586 0.0702339 -0.176912
FixedParameters: 0 0 0

#Transform 84
Transform: AffineTransform_float_3_3
Parameters: 0.999999 0.000226325 -0.000784365 -0.000225922 1 0.000257302 0.000784482 -0.000256947 0.999999 0.0188874 0.0638874 -0.157041
FixedParameters: 0 0 0

#Transform 85
Transform: AffineTransform_float_3_3
Parameters: 0.999999 -0.000179711 -0.000876213 0.000180572 0.999999 0.00105202 0.000875792 -0.00105236 0.999999 0.0109845 0.0359864 -0.112753
FixedParameters: 0 0 0

#Transform 86
Transform: AffineTransform_float_3_3
Parameters: 1 -0.000195138 -0.00048077 0.000195421 1 0.000294244 0.000480655 -0.000294432 1 -0.00216764 -0.00321614 -0.157728
FixedParameters: 0 0 0

#Transform 87
Transform: AffineTransform_float_3_3
Parameters: 1 -0.000539963 -0.000360241 0.000540322 0.999999 0.00049778 0.000359703 -0.000498168 1 -0.00244982 0.0772808 -0.15891
FixedParameters: 0 0 0

#Transform 88
Transform: AffineTransform_float_3_3
Parameters: 1 -0.000533466 -0.000434645 0.000534618 0.999999 0.00111428 0.000434415 -0.00111483 1 -0.00260935 -0.0160297 -0.113839
FixedParameters: 0 0 0

#Transform 89
Transform: AffineTransform_float_3_3
Parameters: 0.999999 -0.000611591 -0.000746467 0.000612636 0.999999 0.000712582 0.000746683 -0.000712594 0.999999 0.00918111 0.0164497 -0.155567
FixedParameters: 0 0 0

#Transform 90
Transform: AffineTransform_float_3_3
Parameters: 1 -0.000526511 -0.000277911 0.000526966 0.999998 0.00192727 0.0002768 -0.00192766 0.999998 -0.00174268 0.0363638 -0.0850819
FixedParameters: 0 0 0

#Transform 91
Transform: AffineTransform_float_3_3
Parameters: 1 -0.000275798 -0.000592388 0.000276535 1 0.00062139 0.000592045 -0.000621717 0.999999 0.0175364 0.0858514 -0.128967
FixedParameters: 0 0 0

#Transform 92
Transform: AffineTransform_float_3_3
Parameters: 1 -0.000878273 -0.000684356 0.000879187 0.999998 0.00140126 0.000683969 -0.00140167 0.999999 0.0181909 0.0677532 -0.0894899
FixedParameters: 0 0 0

#Transform 93
Transform: AffineTransform_float_3_3
Parameters: 0.999999 -0.000584758 -0.000435724 0.000585381 0.999999 0.000715465 0.000434886 -0.000715975 0.999999 0.0146907 0.0165733 -0.159668
FixedParameters: 0 0 0

#Transform 94
Transform: AffineTransform_float_3_3
Parameters: 1 -0.000827788 -0.000829849 0.000827291 0.999999 -0.000177114 0.000830269 0.000176732 0.999999 0.0306556 0.138186 -0.140855
FixedParameters: 0 0 0

#Transform 95
Transform: AffineTransform_float_3_3
Parameters: 0.999999 -0.00122193 -0.000730769 0.00122227 0.999999 0.000920057 0.0007296 -0.000920956 1 0.0164864 0.0752534 -0.204313
FixedParameters: 0 0 0

#Transform 96
Transform: AffineTransform_float_3_3
Parameters: 1 -0.00075846 -0.000781936 0.000758784 0.999999 0.000337606 0.000782546 -0.000337893 0.999999 0.0263068 0.0463918 -0.18811
FixedParameters: 0 0 0

#Transform 97
Transform: AffineTransform_float_3_3
Parameters: 0.999999 -0.000712666 -0.000362309 0.000712797 0.999999 0.00018148 0.00036205 -0.000181997 1 0.0116435 0.0962782 -0.214602
FixedParameters: 0 0 0

#Transform 98
Transform: AffineTransform_float_3_3
Parameters: 1 -0.000852717 -0.000824499 0.00085232 0.999999 -0.000117936 0.000824827 0.000117522 0.999999 0.0307662 0.0770996 -0.232423
FixedParameters: 0 0 0

#Transform 99
Transform: AffineTransform_float_3_3
Parameters: 0.999999 -0.000717083 -0.000512053 0.00071699 0.999999 -9.08433e-05 0.000512183 9.0109e-05 1 0.0173399 0.0658231 -0.246298
FixedParameters: 0 0 0

#Transform 100
Transform: AffineTransform_float_3_3
Parameters: 1 -0.000731165 -0.000897912 0.0007305 1 -0.000917683 0.000899259 0.000916386 0.999999 0.0287702 0.12438 -0.247502
FixedParameters: 0 0 0

#Transform 101
Transform: AffineTransform_float_3_3
Parameters: 1 -0.000963973 -0.000739864 0.000965145 0.999999 0.000805174 0.000739433 -0.000805692 0.999999 0.0159762 0.145629 -0.139116
FixedParameters: 0 0 0

#Transform 102
Transform: AffineTransform_float_3_3
Parameters: 0.999998 -0.00123133 -0.00101781 0.00123201 0.999999 0.000835157 0.00101693 -0.000835781 0.999999 0.0261138 0.0220468 -0.160827
FixedParameters: 0 0 0

#Transform 103
Transform: AffineTransform_float_3_3
Parameters: 1 -0.000822456 -0.00078732 0.000822697 0.999999 0.000282911 0.000787977 -0.000283308 0.999999 0.0308283 0.11022 -0.195858
FixedParameters: 0 0 0

#Transform 104
Transform: AffineTransform_float_3_3
Parameters: 0.999999 -0.00124046 -0.000779468 0.00124105 0.999999 0.000391536 0.000779618 -0.000392562 0.999999 0.0276222 0.15022 -0.211934
FixedParameters: 0 0 0

#Transform 105
Transform: AffineTransform_float_3_3
Parameters: 1 -0.000996312 -0.000681692 0.000996284 1 -2.12714e-05 0.000681768 1.99197e-05 1 0.0229565 0.087871 -0.260854
FixedParameters: 0 0 0

#Transform 106
Transform: AffineTransform_float_3_3
Parameters: 0.999999 -0.00114263 -0.000800291 0.00114287 1 0.000159826 0.000800053 -0.000160653 0.999999 0.0110783 0.057016 -0.196389
FixedParameters: 0 0 0

#Transform 107
Transform: AffineTransform_float_3_3
Parameters: 1 -0.000835858 -0.000771513 0.000836134 1 -0.000447521 0.000771401 0.000447343 0.999999 0.0136333 0.0694082 -0.267766
FixedParameters: 0 0 0

#Transform 108
Transform: AffineTransform_float_3_3
Parameters: 0.999999 -0.000897608 -0.000975624 0.00089789 0.999999 0.00023827 0.000975194 -0.000240031 1 0.028093 0.138615 -0.241025
FixedParameters: 0 0 0

#Transform 109
Transform: AffineTransform_float_3_3
Parameters: 0.999999 -0.00103908 -0.00107546 0.00103839 0.999999 -0.000771678 0.00107616 0.000770548 0.999999 0.025691 0.122011 -0.227265
FixedParameters: 0 0 0

#Transform 110
Transform: AffineTransform_float_3_3
Parameters: 0.999999 -0.000526719 -0.000849241 0.00052702 0.999999 -0.000401242 0.00084967 0.000400364 0.999999 0.0170272 0.0915412 -0.241105
FixedParameters: 0 0 0

#Transform 111
Transform: AffineTransform_float_3_3
Parameters: 1 -0.000815363 -0.000837817 0.000814718 0.999999 -0.000263967 0.000838374 0.000263593 0.999999 0.0117839 0.0473072 -0.2025
FixedParameters: 0 0 0

#Transform 112
Transform: AffineTransform_float_3_3
Parameters: 0.999999 -0.000607012 -0.000876405 0.000605783 0.999999 -0.000690716 0.000877336 0.000690648 0.999999 0.0197046 0.150581 -0.256036
FixedParameters: 0 0 0

#Transform 113
Transform: AffineTransform_float_3_3
Parameters: 0.999999 -0.000911337 -0.000934228 0.000911722 1 0.000741893 0.000932961 -0.000742616 1 0.0130306 0.117542 -0.202523
FixedParameters: 0 0 0

#Transform 114
Transform: AffineTransform_float_3_3
Parameters: 0.999999 -0.000644534 -0.000567473 0.000644141 0.999999 -0.000346073 0.000567918 0.000345342 1 0.0108632 0.147713 -0.238159
FixedParameters: 0 0 0

#Transform 115
Transform: AffineTransform_float_3_3
Parameters: 1 -0.000826698 -0.000793684 0.000826836 0.999999 0.000214264 0.000793457 -0.000214584 0.999999 0.0132775 0.0713532 -0.213279
FixedParameters: 0 0 0

#Transform 116
Transform: AffineTransform_float_3_3
Parameters: 0.999999 -0.000595376 -0.000710762 0.000593818 0.999998 -0.00217676 0.000712259 0.00217603 0.999998 0.0111425 0.123796 -0.316337
FixedParameters: 0 0 0

#Transform 117
Transform: AffineTransform_float_3_3
Parameters: 0.999997 -0.00163276 -0.00209101 0.00166426 0.999889 0.0147907 0.00206689 -0.0147937 0.999888 0.02489 -0.17922 0.539634
FixedParameters: 0 0 0

#Transform 118
Transform: AffineTransform_float_3_3
Parameters: 0.999998 -0.00126677 -0.00150682 0.0012729 0.999991 0.00402843 0.0015015 -0.00403084 0.999991 -0.0301836 -0.0710713 -0.0167918
FixedParameters: 0 0 0

#Transform 119
Transform: AffineTransform_float_3_3
Parameters: 0.999998 -0.000914629 -0.00156374 0.000919207 0.999995 0.00293145 0.00156041 -0.00293259 0.999994 -0.0176728 0.0107535 -0.0630746
FixedParameters: 0 0 0

#Transform 120
Transform: AffineTransform_float_3_3
Parameters: 0.999998 -0.00084379 -0.00168373 0.000848335 0.999997 0.00247441 0.00168162 -0.00247552 0.999995 -0.0107322 0.0509808 -0.105159
FixedParameters: 0 0 0

#Transform 121
Transform: AffineTransform_float_3_3
Parameters: 0.999997 -0.000907691 -0.00215298 0.000914456 0.999995 0.00309727 0.00215041 -0.00309861 0.999993 -0.0233259 0.0247388 -0.0350799
FixedParameters: 0 0 0

#Transform 122
Transform: AffineTransform_float_3_3
Parameters: 0.999992 -0.000840912 -0.00373843 0.000862164 0.999984 0.00572873 0.00373438 -0.00573208 0.999976 0.0242521 -0.0117467 0.00273758
FixedParameters: 0 0 0

#Transform 123
Transform: AffineTransform_float_3_3
Parameters: 0.999994 -0.000871773 -0.00325344 0.000886482 0.99999 0.00447905 0.00324944 -0.00448243 0.999984 0.00493115 -0.136918 0.0397217
FixedParameters: 0 0 0

#Transform 124
Transform: AffineTransform_float_3_3
Parameters: 0.999995 -0.000519207 -0.00294305 0.000527678 0.999995 0.00284036 0.002942 -0.0028428 0.999991 0.00798648 -0.00343264 -0.0770015
FixedParameters: 0 0 0

#Transform 125
Transform: AffineTransform_float_3_3
Parameters: 0.999996 -0.00123771 -0.002685 0.00125046 0.999987 0.00493088 0.00267863 -0.00493439 0.999985 0.0224632 -0.0285945 0.00725938
FixedParameters: 0 0 0

#Transform 126
Transform: AffineTransform_float_3_3
Parameters: 0.999997 -0.000995937 -0.00249518 0.00100639 0.999991 0.00416469 0.00249078 -0.00416726 0.999989 0.0310379 0.055759 -0.0185022
FixedParameters: 0 0 0

#Transform 127
Transform: AffineTransform_float_3_3
Parameters: 0.999997 -0.00101275 -0.00210123 0.00101994 0.999994 0.00346066 0.00209714 -0.00346335 0.999992 0.0059399 -0.00528555 -0.0494417
FixedParameters: 0 0 0

#Transform 128
Transform: AffineTransform_float_3_3
Parameters: 0.999997 -0.000752927 -0.00214256 0.000759989 0.999995 0.00299056 0.00214003 -0.00299211 0.999994 -0.00337588 -0.0366697 -0.0436225
FixedParameters: 0 0 0

#Transform 129
Transform: AffineTransform_float_3_3
Parameters: 0.999998 -0.00112966 -0.00212913 0.00113482 0.999996 0.00261125 0.00212637 -0.00261347 0.999995 0.00575229 0.040757 -0.0591795
FixedParameters: 0 0 0

#Transform 130
Transform: AffineTransform_float_3_3
Parameters: 0.999996 -0.00118686 -0.0026116 0.00119286 0.999997 0.00217445 0.00260971 -0.00217707 0.999995 0.0213688 0.0531597 -0.145076
FixedParameters: 0 0 0

#Transform 131
Transform: AffineTransform_float_3_3
Parameters: 0.999996 -0.0012116 -0.00249854 0.00121394 0.999998 0.00117808 0.00249693 -0.00118133 0.999996 0.00225512 -0.00749335 -0.145261
FixedParameters: 0 0 0

#Transform 132
Transform: AffineTransform_float_3_3
Parameters: 0.999996 -0.000950807 -0.00232776 0.00095309 0.999999 0.00099879 0.00232603 -0.00100128 0.999997 0.00769441 0.0455698 -0.154317
FixedParameters: 0 0 0

#Transform 133
Transform: AffineTransform_float_3_3
Parameters: 0.999997 -0.00124045 -0.00236929 0.00124154 0.999999 0.000564998 0.00236819 -0.00056793 0.999997 0.00846258 0.0349001 -0.12964
FixedParameters: 0 0 0

#Transform 134
Transform: AffineTransform_float_3_3
Parameters: 0.999997 -0.00129106 -0.00239575 0.0012918 0.999999 0.000279937 0.00239534 -0.00028316 0.999997 0.0117952 0.0674643 -0.131678
FixedParameters: 0 0 0

#Transform 135
Transform: AffineTransform_float_3_3
Parameters: 0.999998 -0.00124616 -0.00187432 0.00124634 0.999999 0.000159958 0.00187423 -0.000161655 0.999998 0.00130845 0.11989 -0.132336
FixedParameters: 0 0 0

#Transform 136
Transform: AffineTransform_float_3_3
Parameters: 0.999997 -0.00123941 -0.00232687 0.00124162 0.999999 0.0010261 0.00232562 -0.00102904 0.999997 0.0142472 0.111516 -0.0634447
FixedParameters: 0 0 0

#Transform 137
Transform: AffineTransform_float_3_3
Parameters: 0.999997 -0.000811979 -0.00199232 0.000811308 0.999999 -0.000313927 0.00199302 0.000312681 0.999998 0.000621647 0.115132 -0.189802
FixedParameters: 0 0 0

#Transform 138
Transform: AffineTransform_float_3_3
Parameters: 0.999997 -0.00126264 -0.00229895 0.00126321 0.999999 0.000468457 0.00229806 -0.000471315 0.999998 0.00887658 0.070846 -0.0880066
FixedParameters: 0 0 0

#Transform 139
Transform: AffineTransform_float_3_3
Parameters: 0.999997 -0.000772235 -0.00240555 0.000775476 0.999998 0.001613 0.0024042 -0.00161492 0.999996 0.0085022 0.0603935 -0.113762
FixedParameters: 0 0 0

#Transform 140
Transform: AffineTransform_float_3_3
Parameters: 0.999995 -0.00119236 -0.00259284 0.0011961 0.999999 0.00156012 0.00259131 -0.0015636 0.999996 0.0203916 0.0838534 -0.0660992
FixedParameters: 0 0 0

#Transform 141
Transform: AffineTransform_float_3_3
Parameters: 0.999996 -0.000759623 -0.00258825 0.000765616 0.999997 0.00218919 0.00258607 -0.00219036 0.999995 0.00937036 -0.0157729 -0.0622104
FixedParameters: 0 0 0

#Transform 142
Transform: AffineTransform_float_3_3
Parameters: 0.999996 -0.00128454 -0.0024166 0.00128419 0.999999 5.27542e-05 0.00241578 -5.59035e-05 0.999997 0.0131052 0.0852228 -0.117108
FixedParameters: 0 0 0

#Transform 143
Transform: AffineTransform_float_3_3
Parameters: 0.999996 -0.00119507 -0.00263528 0.00119878 0.999998 0.00122962 0.00263372 -0.00123211 0.999996 0.0152382 0.0290638 -0.0444349
FixedParameters: 0 0 0

#Transform 144
Transform: AffineTransform_float_3_3
Parameters: 0.999998 -0.000867359 -0.00212102 0.000867967 0.999999 0.000513391 0.00212034 -0.000515119 0.999997 0.00300288 0.0312935 -0.128502
FixedParameters: 0 0 0

#Transform 145
Transform: AffineTransform_float_3_3
Parameters: 0.999997 -0.00086517 -0.00256553 0.000865138 0.999999 0.000147661 0.00256559 -0.000149145 0.999996 0.0233693 0.127216 -0.104722
FixedParameters: 0 0 0

#Transform 146
Transform: AffineTransform_float_3_3
Parameters: 0.999998 -0.000701056 -0.00218319 0.000703784 0.999999 0.00116751 0.00218271 -0.00116873 0.999997 -0.00395854 0.0692587 -0.0505863
FixedParameters: 0 0 0

#Transform 147
Transform: AffineTransform_float_3_3
Parameters: 0.999996 -0.000718792 -0.00249978 0.000718314 0.999999 -0.00037584 0.00249943 0.000373341 0.999997 0.0161026 0.149098 -0.145094
FixedParameters: 0 0 0

#Transform 148
Transform: AffineTransform_float_3_3
Parameters: 0.999995 -0.00108618 -0.00302408 0.00108835 1 0.00065422 0.00302302 -0.000656868 0.999995 0.0283205 0.0744999 -0.071577
FixedParameters: 0 0 0

#Transform 149
Transform: AffineTransform_float_3_3
Parameters: 0.999995 -0.000742955 -0.00307149 0.000738461 0.999998 -0.0016263 0.00307305 0.0016239 0.999994 0.0349087 0.0935436 -0.167591
FixedParameters: 0 0 0

#Transform 150
Transform: AffineTransform_float_3_3
Parameters: 0.999998 -0.000732376 -0.00198531 0.000731148 0.999999 -0.00100181 0.00198586 0.00100002 0.999998 0.00740846 0.129585 -0.13042
FixedParameters: 0 0 0

#Transform 151
Transform: AffineTransform_float_3_3
Parameters: 0.999996 -0.00071151 -0.00251983 0.000711839 0.999999 -1.75227e-05 0.00251995 1.49195e-05 0.999997 0.00477443 0.0214551 -0.0918467
FixedParameters: 0 0 0

#Transform 152
Transform: AffineTransform_float_3_3
Parameters: 0.999996 -0.000612429 -0.00259386 0.000610732 1 -0.0008217 0.00259493 0.000819547 0.999997 0.0269733 0.11669 -0.148467
FixedParameters: 0 0 0

#Transform 153
Transform: AffineTransform_float_3_3
Parameters: 0.999996 -0.000714197 -0.00253228 0.000713824 0.999999 -0.000151933 0.00253268 0.000150296 0.999997 0.014137 0.123832 -0.0859635
FixedParameters: 0 0 0

#Transform 154
Transform: AffineTransform_float_3_3
Parameters: 0.999997 -0.000707631 -0.00243846 0.000707985 0.999999 0.00018882 0.00243828 -0.000191305 0.999997 0.0175491 0.055968 0.0214798
FixedParameters: 0 0 0

#Transform 155
Transform: AffineTransform_float_3_3
Parameters: 0.999996 -0.00102105 -0.00265766 0.0010166 0.999998 -0.00149679 0.00265998 0.00149449 0.999996 0.0329863 0.164285 0.10653
FixedParameters: 0 0 0

#Transform 156
Transform: AffineTransform_float_3_3
Parameters: 0.999996 -0.000766773 -0.00264701 0.000764112 0.999999 -0.00139002 0.00264828 0.00138812 0.999996 0.0126166 0.138765 0.0703597
FixedParameters: 0 0 0

#Transform 157
Transform: AffineTransform_float_3_3
Parameters: 0.999997 -0.000359369 -0.00247521 0.000352424 0.999996 -0.00286347 0.00247626 0.00286291 0.999993 0.00956637 0.230237 0.0500062
FixedParameters: 0 0 0

#Transform 158
Transform: AffineTransform_float_3_3
Parameters: 0.999996 -0.000350892 -0.00274392 0.000344506 0.999997 -0.00244789 0.00274463 0.00244717 0.999993 0.00841352 0.180142 0.000152708
FixedParameters: 0 0 0

#Transform 159
Transform: AffineTransform_float_3_3
Parameters: 0.999995 -0.000326231 -0.0031249 0.000321579 0.999999 -0.00125269 0.0031248 0.00125177 0.999995 0.0249727 0.105078 0.0442998
FixedParameters: 0 0 0

#Transform 160
Transform: AffineTransform_float_3_3
Parameters: 0.999996 -0.000585408 -0.00270056 0.000579644 0.999998 -0.00197435 0.00270188 0.00197236 0.999995 0.0163523 0.191087 0.054843
FixedParameters: 0 0 0

#Transform 161
Transform: AffineTransform_float_3_3
Parameters: 0.999996 -0.000416235 -0.00271771 0.000410353 0.999998 -0.00216409 0.00271853 0.00216301 0.999994 0.0211466 0.140153 0.0251071
FixedParameters: 0 0 0

#Transform 162
Transform: AffineTransform_float_3_3
Parameters: 0.999996 -0.000462514 -0.00270375 0.000452952 0.999994 -0.00332184 0.00270473 0.00332067 0.999991 0.0142201 0.194635 -0.0541828
FixedParameters: 0 0 0

#Transform 163
Transform: AffineTransform_float_3_3
Parameters: 0.999997 -0.000827708 -0.00238391 0.000824258 0.999998 -0.00125779 0.00238515 0.00125596 0.999997 0.00540058 0.108692 -0.0339211
FixedParameters: 0 0 0

#Transform 164
Transform: AffineTransform_float_3_3
Parameters: 0.999994 -0.00094683 -0.00305512 0.000940629 0.999997 -0.002106 0.00305722 0.00210249 0.999993 0.0352536 0.159709 -0.108028
FixedParameters: 0 0 0

#Transform 165
Transform: AffineTransform_float_3_3
Parameters: 0.999995 -0.00128593 -0.00308639 0.00128884 0.999999 0.000949037 0.00308533 -0.000953168 0.999995 0.0295209 0.0480462 -0.0451043
FixedParameters: 0 0 0

#Transform 166
Transform: AffineTransform_float_3_3
Parameters: 0.999995 -0.0011552 -0.00309326 0.00114875 0.999997 -0.00192572 0.00309504 0.00192292 0.999994 0.0519876 0.107865 -0.184561
FixedParameters: 0 0 0

#Transform 167
Transform: AffineTransform_float_3_3
Parameters: 0.999992 -0.00103976 -0.00397111 0.0010329 0.999998 -0.00185441 0.00397232 0.00185053 0.999991 0.054013 0.0759822 -0.362561
FixedParameters: 0 0 0

#Transform 168
Transform: AffineTransform_float_3_3
Parameters: 0.999992 -0.00101762 -0.00387483 0.0010149 0.999999 -0.000810996 0.00387587 0.00080721 0.999992 0.0569136 0.155293 -0.25001
FixedParameters: 0 0 0

#Transform 169
Transform: AffineTransform_float_3_3
Parameters: 0.999994 -0.000594448 -0.00344381 0.000589704 0.999999 -0.00143322 0.0034447 0.00143128 0.999993 0.0412821 0.155095 -0.225235
FixedParameters: 0 0 0

#Transform 170
Transform: AffineTransform_float_3_3
Parameters: 0.999996 -0.000862881 -0.00277192 0.000860928 0.999999 -0.000956208 0.00277278 0.000953551 0.999995 0.00767204 0.183404 -0.130156
FixedParameters: 0 0 0

#Transform 171
Transform: AffineTransform_float_3_3
Parameters: 0.999995 -0.00106978 -0.00299345 0.00107091 1 0.000484425 0.00299267 -0.000487901 0.999996 0.032364 0.143251 -0.0282696
FixedParameters: 0 0 0

#Transform 172
Transform: AffineTransform_float_3_3
Parameters: 0.999994 -0.00108331 -0.00309298 0.00108374 1 0.000200517 0.00309291 -0.000203276 0.999995 0.0338852 0.168484 0.107592
FixedParameters: 0 0 0

#Transform 173
Transform: AffineTransform_float_3_3
Parameters: 0.999995 -0.000619477 -0.00325116 0.000611694 0.999997 -0.00219301 0.00325298 0.00219117 0.999993 0.036351 0.0608551 0.0383179
FixedParameters: 0 0 0

#Transform 174
Transform: AffineTransform_float_3_3
Parameters: 0.999994 -0.000860055 -0.00328848 0.000855884 0.999999 -0.00111241 0.00328966 0.00110987 0.999994 0.033581 0.159707 0.0917999
FixedParameters: 0 0 0

#Transform 175
Transform: AffineTransform_float_3_3
Parameters: 0.999996 -0.000613771 -0.00271992 0.000608099 0.999998 -0.00194402 0.00272032 0.00194194 0.999995 0.0272408 0.177291 -0.0260311
FixedParameters: 0 0 0

#Transform 176
Transform: AffineTransform_float_3_3
Parameters: 0.999994 -0.000885592 -0.003188 0.000883388 0.999999 -0.000839083 0.00318879 0.000836551 0.999994 0.0390659 0.151038 0.0848767
FixedParameters: 0 0 0

#Transform 177
Transform: AffineTransform_float_3_3
Parameters: 0.999995 -0.000774432 -0.00311771 0.0007682 0.999998 -0.00203841 0.00312002 0.00203577 0.999993 0.0267329 0.158351 0.0304543
FixedParameters: 0 0 0

#Transform 178
Transform: AffineTransform_float_3_3
Parameters: 0.999994 -0.000920299 -0.00334066 0.000919228 1 -0.00045688 0.00334079 0.000453816 0.999995 0.0356112 0.116656 -0.0183338
FixedParameters: 0 0 0

#Transform 179
Transform: AffineTransform_float_3_3
Parameters: 0.999995 -0.000608596 -0.00306234 0.000603648 0.999998 -0.00170542 0.00306257 0.00170396 0.999994 0.036263 0.103886 -0.0309312
FixedParameters: 0 0 0

#Transform 180
Transform: AffineTransform_float_3_3
Parameters: 0.999993 -0.00107322 -0.00358146 0.00106372 0.999997 -0.0025287 0.00358407 0.00252443 0.999991 0.0396666 0.146993 0.028321
FixedParameters: 0 0 0

#Transform 181
Transform: AffineTransform_float_3_3
Parameters: 0.999992 -0.00089105 -0.00366849 0.000884572 0.999998 -0.00171365 0.00367078 0.00171028 0.999992 0.0432157 0.0736283 -0.014517
FixedParameters: 0 0 0

#Transform 182
Transform: AffineTransform_float_3_3
Parameters: 0.999992 -0.00115667 -0.0036989 0.00115285 0.999999 -0.000890623 0.00369935 0.000886257 0.999993 0.0360165 0.16023 0.0366592
FixedParameters: 0 0 0

#Transform 183
Transform: AffineTransform_float_3_3
Parameters: 0.999994 -0.00098521 -0.00341264 0.000984029 1 -0.000319766 0.00341256 0.000316111 0.999994 0.0178205 0.0813132 0.0640272
FixedParameters: 0 0 0

#Transform 184
Transform: AffineTransform_float_3_3
Parameters: 0.999994 -0.00101918 -0.00327578 0.00101295 0.999998 -0.00193794 0.00327699 0.00193464 0.999992 0.0311909 0.149231 -0.0440288
FixedParameters: 0 0 0

#Transform 185
Transform: AffineTransform_float_3_3
Parameters: 0.999994 -0.00114971 -0.00320753 0.00114682 0.999998 -0.000942018 0.00320896 0.000937751 0.999995 0.014547 0.135979 0.0498883
FixedParameters: 0 0 0

#Transform 186
Transform: AffineTransform_float_3_3
Parameters: 0.999996 -0.0010158 -0.00265968 0.00101127 0.999999 -0.00173672 0.00266139 0.00173357 0.999995 -0.00582984 0.128955 0.0379443
FixedParameters: 0 0 0

#Transform 187
Transform: AffineTransform_float_3_3
