# transform file /out/sourcedata/freesurfer/sub-v1s5x0050752_ses-1/mri/transforms/cc_up.lta
# created by oesteban on Tue Mar 10 06:21:23 2026

type      = 0 # LINEAR_VOX_TO_VOX
nxforms   = 1
mean      = 130.0000 113.0000 113.0000
sigma     = 10000.0000
1 4 4
9.941622614860535e-01 1.040115505456924e-01 2.868902124464512e-02 -1.620328903198242e+01 
-1.039682626724243e-01 9.945761561393738e-01 -3.000262426212430e-03 4.756252288818359e+01 
-2.884547598659992e-02 0.000000000000000e+00 9.995838999748230e-01 3.585737228393555e+01 
0.000000000000000e+00 0.000000000000000e+00 0.000000000000000e+00 1.000000000000000e+00 
src volume info
valid = 1  # volume info valid
filename = /out/sourcedata/freesurfer/sub-v1s5x0050752_ses-1/mri/norm.mgz
volume = 256 256 256
voxelsize = 1.000000000000000e+00 1.000000000000000e+00 1.000000000000000e+00
xras   = -1.000000119209290e+00 0.000000000000000e+00 -7.450580596923828e-09
yras   = 1.490116119384766e-08 0.000000000000000e+00 -1.000000119209290e+00
zras   = 0.000000000000000e+00 1.000000119209290e+00 0.000000000000000e+00
cras   = -1.289749145507812e+00 5.323646545410156e+00 9.449554443359375e+00
dst volume info
valid = 1  # volume info valid
filename = /out/sourcedata/freesurfer/sub-v1s5x0050752_ses-1/mri/norm.mgz
volume = 256 256 256
voxelsize = 1.000000000000000e+00 1.000000000000000e+00 1.000000000000000e+00
xras   = -1.000000119209290e+00 0.000000000000000e+00 -7.450580596923828e-09
yras   = 1.490116119384766e-08 0.000000000000000e+00 -1.000000119209290e+00
zras   = 0.000000000000000e+00 1.000000119209290e+00 0.000000000000000e+00
cras   = -1.289749145507812e+00 5.323646545410156e+00 9.449554443359375e+00
