# transform file transforms/talairach.lta
# created by oesteban on Tue Mar 10 05:23:19 2026

type      = 0 # LINEAR_VOX_TO_VOX
nxforms   = 1
mean      = 129.0000 113.0000 113.0000
sigma     = 10000.0000
1 4 4
1.097094535827637e+00 9.334091842174530e-02 1.629533991217613e-02 -2.881977653503418e+01 
-1.061289235949516e-01 1.092360854148865e+00 2.838689386844635e-01 -1.526345443725586e+01 
8.104152046144009e-03 -2.610203325748444e-01 1.012925863265991e+00 2.540442848205566e+01 
0.000000000000000e+00 0.000000000000000e+00 0.000000000000000e+00 1.000000000000000e+00 
src volume info
valid = 1  # volume info valid
filename = nu.mgz
volume = 256 256 256
voxelsize = 1.000000000000000e+00 1.000000000000000e+00 1.000000000000000e+00
xras   = -1.000000119209290e+00 0.000000000000000e+00 -7.450580596923828e-09
yras   = 1.490116119384766e-08 0.000000000000000e+00 -1.000000119209290e+00
zras   = 0.000000000000000e+00 1.000000119209290e+00 0.000000000000000e+00
cras   = -1.289749145507812e+00 5.323646545410156e+00 9.449554443359375e+00
dst volume info
valid = 1  # volume info valid
filename = /opt/freesurfer/average/RB_all_2020-01-02.gca
volume = 256 256 256
voxelsize = 1.000000000000000e+00 1.000000000000000e+00 1.000000000000000e+00
xras   = -1.000000000000000e+00 0.000000000000000e+00 0.000000000000000e+00
yras   = 0.000000000000000e+00 0.000000000000000e+00 -1.000000000000000e+00
zras   = 0.000000000000000e+00 1.000000000000000e+00 0.000000000000000e+00
cras   = 0.000000000000000e+00 0.000000000000000e+00 0.000000000000000e+00
