# transform file /out/sourcedata/freesurfer/sub-v1s5x0050723_ses-1/mri/transforms/cc_up.lta
# created by oesteban on Tue Mar 10 05:10:35 2026

type      = 0 # LINEAR_VOX_TO_VOX
nxforms   = 1
mean      = 126.0000 107.0000 121.0000
sigma     = 10000.0000
1 4 4
9.987882375717163e-01 -4.919329658150673e-02 -1.506384578533471e-03 7.291957378387451e+00 
4.919324070215225e-02 9.987893700599670e-01 -7.419384201057255e-05 3.394810485839844e+01 
1.508210552856326e-03 0.000000000000000e+00 9.999989271163940e-01 1.981106376647949e+01 
0.000000000000000e+00 0.000000000000000e+00 0.000000000000000e+00 1.000000000000000e+00 
src volume info
valid = 1  # volume info valid
filename = /out/sourcedata/freesurfer/sub-v1s5x0050723_ses-1/mri/norm.mgz
volume = 256 256 256
voxelsize = 1.000000000000000e+00 1.000000000000000e+00 1.000000000000000e+00
xras   = -1.000000000000000e+00 -1.862645149230957e-09 0.000000000000000e+00
yras   = 9.313225746154785e-10 0.000000000000000e+00 -1.000000000000000e+00
zras   = -1.979060471057892e-09 9.999999403953552e-01 1.490116119384766e-08
cras   = -4.410346984863281e+00 3.561553955078125e+00 -1.179304504394531e+01
dst volume info
valid = 1  # volume info valid
filename = /out/sourcedata/freesurfer/sub-v1s5x0050723_ses-1/mri/norm.mgz
volume = 256 256 256
voxelsize = 1.000000000000000e+00 1.000000000000000e+00 1.000000000000000e+00
xras   = -1.000000000000000e+00 -1.862645149230957e-09 0.000000000000000e+00
yras   = 9.313225746154785e-10 0.000000000000000e+00 -1.000000000000000e+00
zras   = -1.979060471057892e-09 9.999999403953552e-01 1.490116119384766e-08
cras   = -4.410346984863281e+00 3.561553955078125e+00 -1.179304504394531e+01
