# transform file transforms/talairach.lta
# created by oesteban on Tue Mar 10 03:49:42 2026

type      = 0 # LINEAR_VOX_TO_VOX
nxforms   = 1
mean      = 126.0000 107.0000 118.0000
sigma     = 10000.0000
1 4 4
1.152187705039978e+00 -3.492940589785576e-02 -2.828657813370228e-02 -1.271870422363281e+01 
4.029579833149910e-02 1.186553716659546e+00 3.215693682432175e-02 -1.178037834167480e+01 
3.112930990755558e-02 -2.550844289362431e-02 1.030786633491516e+00 -1.390628147125244e+01 
0.000000000000000e+00 0.000000000000000e+00 0.000000000000000e+00 1.000000000000000e+00 
src volume info
valid = 1  # volume info valid
filename = nu.mgz
volume = 256 256 256
voxelsize = 1.000000000000000e+00 1.000000000000000e+00 1.000000000000000e+00
xras   = -1.000000000000000e+00 -1.862645149230957e-09 0.000000000000000e+00
yras   = 9.313225746154785e-10 0.000000000000000e+00 -1.000000000000000e+00
zras   = -1.979060471057892e-09 9.999999403953552e-01 1.490116119384766e-08
cras   = -4.410346984863281e+00 3.561553955078125e+00 -1.179304504394531e+01
dst volume info
valid = 1  # volume info valid
filename = /opt/freesurfer/average/RB_all_2020-01-02.gca
volume = 256 256 256
voxelsize = 1.000000000000000e+00 1.000000000000000e+00 1.000000000000000e+00
xras   = -1.000000000000000e+00 0.000000000000000e+00 0.000000000000000e+00
yras   = 0.000000000000000e+00 0.000000000000000e+00 -1.000000000000000e+00
zras   = 0.000000000000000e+00 1.000000000000000e+00 0.000000000000000e+00
cras   = 0.000000000000000e+00 0.000000000000000e+00 0.000000000000000e+00
