#Insight Transform File V1.0
#Transform 0
Transform: AffineTransform_float_3_3
Parameters: 0.999998 -0.00104568 0.00207211 0.00103086 0.999974 0.00711417 -0.00207949 -0.00711175 0.999973 -0.0194838 -0.298062 -0.118621
FixedParameters: 0 0 0

#Transform 1
Transform: AffineTransform_float_3_3
Parameters: 0.999997 -0.000954311 0.00191258 0.000941056 0.999975 0.00703691 -0.00191955 -0.00703501 0.999973 -0.0281 -0.347775 -0.140321
FixedParameters: 0 0 0

#Transform 2
Transform: AffineTransform_float_3_3
Parameters: 0.999998 -0.00054872 0.00171819 0.000532995 0.999955 0.00950197 -0.00172315 -0.00950137 0.999954 -0.0485328 -0.432807 -0.15103
FixedParameters: 0 0 0

#Transform 3
Transform: AffineTransform_float_3_3
Parameters: 0.999997 -0.000578053 0.00224832 0.000558189 0.999962 0.0087308 -0.00225351 -0.00872883 0.99996 -0.0568898 -0.356213 -0.122404
FixedParameters: 0 0 0

#Transform 4
Transform: AffineTransform_float_3_3
Parameters: 0.999999 -0.00025428 0.00154423 0.000242373 0.999973 0.00738338 -0.00154628 -0.00738308 0.999971 -0.0193137 -0.360704 -0.0832602
FixedParameters: 0 0 0

#Transform 5
Transform: AffineTransform_float_3_3
Parameters: 0.999998 -0.000649731 0.00185744 0.000639427 0.999986 0.00527992 -0.00186159 -0.00527877 0.999985 -0.0202776 -0.260475 0.00889078
FixedParameters: 0 0 0

#Transform 6
Transform: AffineTransform_float_3_3
Parameters: 0.999999 6.47275e-05 0.00134952 -7.05956e-05 0.99999 0.00463853 -0.00134924 -0.00463856 0.999988 -0.00870717 -0.233259 -0.0112624
FixedParameters: 0 0 0

#Transform 7
Transform: AffineTransform_float_3_3
Parameters: 0.999998 -0.000109982 0.00175748 9.71631e-05 0.999977 0.00680629 -0.00175821 -0.00680641 0.999975 -0.0336159 -0.328188 -0.0861868
FixedParameters: 0 0 0

#Transform 8
Transform: AffineTransform_float_3_3
Parameters: 0.999998 -0.00024183 0.00150982 0.000232637 0.999981 0.0061168 -0.00151183 -0.0061164 0.99998 -0.0221774 -0.273203 -0.111355
FixedParameters: 0 0 0

#Transform 9
Transform: AffineTransform_float_3_3
Parameters: 1 -0.000317919 0.000951281 0.000312406 0.999984 0.00565762 -0.000953084 -0.00565769 0.999983 0.00337989 -0.236401 -0.0558109
FixedParameters: 0 0 0

#Transform 10
Transform: AffineTransform_float_3_3
Parameters: 0.999999 -0.000536569 0.000745173 0.000532978 0.999989 0.00469516 -0.000747492 -0.00469476 0.999988 -0.00806837 -0.202401 -0.0159994
FixedParameters: 0 0 0

#Transform 11
Transform: AffineTransform_float_3_3
Parameters: 1 -0.000376176 0.00053016 0.000373292 0.999991 0.00418769 -0.000532108 -0.0041875 0.999991 0.00401125 -0.153517 -0.000277144
FixedParameters: 0 0 0

#Transform 12
Transform: AffineTransform_float_3_3
Parameters: 1 -0.000665012 0.00101517 0.000661312 0.999994 0.00360948 -0.00101744 -0.00360853 0.999993 -0.0161636 -0.184406 -0.0360013
FixedParameters: 0 0 0

#Transform 13
Transform: AffineTransform_float_3_3
Parameters: 0.999999 -0.000528293 0.000541648 0.000526336 0.999995 0.0033543 -0.000543718 -0.00335392 0.999994 0.0044751 -0.190324 -0.0288742
FixedParameters: 0 0 0

#Transform 14
Transform: AffineTransform_float_3_3
Parameters: 1 -0.000239584 0.000559873 0.00023795 0.999996 0.00303094 -0.000561057 -0.00303091 0.999996 -0.00295727 -0.0970531 -0.04514
FixedParameters: 0 0 0

#Transform 15
Transform: AffineTransform_float_3_3
Parameters: 1 -0.000253929 0.000564229 0.000251594 0.999996 0.0027948 -0.000565648 -0.00279463 0.999996 -0.00141298 -0.137402 -0.0487163
FixedParameters: 0 0 0

#Transform 16
Transform: AffineTransform_float_3_3
Parameters: 0.999999 0.000134551 0.000628647 -0.000136346 0.999995 0.00298271 -0.000628563 -0.00298222 0.999996 -0.0318763 -0.134429 -0.0441355
FixedParameters: 0 0 0

#Transform 17
Transform: AffineTransform_float_3_3
Parameters: 1 0.000257215 0.000656939 -0.000258409 0.999997 0.00236625 -0.00065615 -0.00236684 0.999997 -0.0203138 -0.0890686 -0.0150379
FixedParameters: 0 0 0

#Transform 18
Transform: AffineTransform_float_3_3
Parameters: 1 -6.40449e-05 0.000209166 6.34249e-05 0.999999 0.0013636 -0.000209108 -0.00136356 0.999999 -0.00731446 -0.0700288 -0.006069
FixedParameters: 0 0 0

#Transform 19
Transform: AffineTransform_float_3_3
Parameters: 1 5.08019e-05 -0.000371342 -5.03832e-05 1 0.000563605 0.000371399 -0.000563568 1 0.00582525 -0.0199364 0.012711
FixedParameters: 0 0 0

#Transform 20
Transform: AffineTransform_float_3_3
Parameters: 1 -5.76443e-05 -0.000350237 5.74713e-05 1 -0.000290636 0.000349299 0.000290567 1 0.0168074 0.00777915 0.0144638
FixedParameters: 0 0 0

#Transform 21
Transform: AffineTransform_float_3_3
Parameters: 1 -2.54861e-05 -0.000197446 2.53242e-05 1 -0.000409873 0.000197466 0.000409863 1 0.0157851 0.00945941 0.00386074
FixedParameters: 0 0 0

#Transform 22
Transform: AffineTransform_float_3_3
Parameters: 1 0.000299402 -0.000548437 -0.000300099 0.999999 -0.0014944 0.000547811 0.00149461 0.999998 0.0326021 0.068543 0.0280741
FixedParameters: 0 0 0

#Transform 23
Transform: AffineTransform_float_3_3
Parameters: 0.999999 0.000294967 -0.000673189 -0.000295941 0.999999 -0.00142249 0.000672619 0.00142278 0.999999 -0.025711 0.0452487 -0.0726655
FixedParameters: 0 0 0

#Transform 24
Transform: AffineTransform_float_3_3
Parameters: 0.999998 0.000160969 0.00172884 -0.000170829 0.999984 0.0056282 -0.001728 -0.00562808 0.999983 -0.148819 -0.231032 -0.201256
FixedParameters: 0 0 0

#Transform 25
Transform: AffineTransform_float_3_3
Parameters: 0.999999 -0.000103229 0.00127514 9.94963e-05 0.999995 0.00296837 -0.00127563 -0.00296865 0.999995 -0.038251 -0.108377 -0.10793
FixedParameters: 0 0 0

#Transform 26
Transform: AffineTransform_float_3_3
Parameters: 1 -1.60452e-05 0.000251959 1.57889e-05 0.999999 0.000743802 -0.000252 -0.000742803 0.999999 0.00862396 -0.051953 -0.0192623
FixedParameters: 0 0 0

#Transform 27
Transform: AffineTransform_float_3_3
Parameters: 1 0.000101746 3.51027e-05 -0.000101745 1 -1.83765e-05 -3.51065e-05 1.83693e-05 1 0.0190327 0.0188318 -0.00404037
FixedParameters: 0 0 0

#Transform 28
Transform: AffineTransform_float_3_3
Parameters: 1 -4.1705e-05 -0.000121388 4.15527e-05 1 -0.000626401 0.00012144 0.000626391 1 0.01916 -0.00503617 0.0119666
FixedParameters: 0 0 0

#Transform 29
Transform: AffineTransform_float_3_3
Parameters: 1 -4.47746e-05 -0.000229887 4.46888e-05 1 -0.000186351 0.000229904 0.000186331 1 0.0133302 -0.000258377 -0.000362742
FixedParameters: 0 0 0

#Transform 30
Transform: AffineTransform_float_3_3
Parameters: 1 0.000202637 -0.000322918 -0.000202545 1 0.000142599 0.000322976 -0.000142468 1 0.0080646 -0.037292 -0.0369008
FixedParameters: 0 0 0

#Transform 31
Transform: AffineTransform_float_3_3
Parameters: 1 0.000159955 -0.000139431 -0.000160033 1 -0.00028183 0.00013934 0.000281874 1 -0.00163065 -0.0465397 -0.0920533
FixedParameters: 0 0 0

#Transform 32
Transform: AffineTransform_float_3_3
Parameters: 1 -0.000291369 0.000171595 0.000291609 1 -0.000608006 -0.000172213 0.000608077 1 -0.00231459 0.0623096 -0.073415
FixedParameters: 0 0 0

#Transform 33
Transform: AffineTransform_float_3_3
Parameters: 1 -0.000292038 0.000263075 0.000292399 1 -0.000627904 -0.00026368 0.000628029 1 -0.0176467 0.0237472 -0.0938665
FixedParameters: 0 0 0

#Transform 34
Transform: AffineTransform_float_3_3
Parameters: 1 -0.000258636 0.000178696 0.000258984 0.999999 -0.000886006 -0.000179209 0.00088607 0.999999 -0.0144969 0.0547734 -0.0947927
FixedParameters: 0 0 0

#Transform 35
Transform: AffineTransform_float_3_3
Parameters: 1 2.5173e-06 7.41603e-05 -2.35264e-06 0.999999 -0.000901297 -7.51363e-05 0.000901268 0.999999 0.00876212 0.0305686 -0.0785448
FixedParameters: 0 0 0

#Transform 36
Transform: AffineTransform_float_3_3
Parameters: 1 0.000205243 0.000200199 -0.000205834 1 -0.001125 -0.000200468 0.00112504 1 -0.0268473 0.000465147 -0.160685
FixedParameters: 0 0 0

#Transform 37
Transform: AffineTransform_float_3_3
Parameters: 0.999999 3.13785e-05 0.000750419 -3.11618e-05 0.999999 -0.00149909 -0.000750357 0.00149928 0.999998 -0.0457939 0.0461872 -0.13742
FixedParameters: 0 0 0

#Transform 38
Transform: AffineTransform_float_3_3
Parameters: 1 -3.81927e-05 0.00048724 3.78569e-05 1 -0.000672909 -0.000487227 0.000673062 0.999999 -0.0226336 0.00797337 -0.0987216
FixedParameters: 0 0 0

#Transform 39
Transform: AffineTransform_float_3_3
Parameters: 1 -0.000130389 0.000338398 0.000130925 0.999999 -0.000746026 -0.000339175 0.000746086 0.999999 -0.00214558 0.0160739 -0.0771876
FixedParameters: 0 0 0

#Transform 40
Transform: AffineTransform_float_3_3
Parameters: 1 -0.000265159 0.000357516 0.000265903 0.999996 -0.00255211 -0.000357447 0.00255238 0.999997 -0.00640118 0.0754161 -0.116602
FixedParameters: 0 0 0

#Transform 41
Transform: AffineTransform_float_3_3
Parameters: 1 -0.000417394 0.000157842 0.000417046 0.999997 -0.00216712 -0.000157551 0.00216733 0.999997 0.00610551 0.0510761 -0.102157
FixedParameters: 0 0 0

#Transform 42
Transform: AffineTransform_float_3_3
Parameters: 0.999999 -0.00030533 0.000664905 0.000306277 0.999998 -0.00229507 -0.000663854 0.0022957 0.999997 -0.0189107 0.090816 -0.1249
FixedParameters: 0 0 0

#Transform 43
Transform: AffineTransform_float_3_3
Parameters: 1 0.000108884 -0.000191531 -0.000109419 0.999999 -0.00126712 0.000191486 0.00126717 0.999999 0.0498102 0.0304361 -0.143773
FixedParameters: 0 0 0

#Transform 44
Transform: AffineTransform_float_3_3
Parameters: 1 0.000482715 0.0004202 -0.000481461 0.999995 -0.00295342 -0.000420954 0.00295312 0.999996 0.017385 0.126912 -0.153603
FixedParameters: 0 0 0

#Transform 45
Transform: AffineTransform_float_3_3
Parameters: 1 -0.000124448 0.000262983 0.000124574 0.999997 -0.00235467 -0.000262711 0.00235484 0.999997 0.0342184 0.107077 -0.125958
FixedParameters: 0 0 0

#Transform 46
Transform: AffineTransform_float_3_3
Parameters: 1 -0.000330085 0.000431891 0.00033042 0.999998 -0.00155864 -0.00043164 0.00155901 0.999998 0.0321029 0.0485739 -0.108689
FixedParameters: 0 0 0

#Transform 47
Transform: AffineTransform_float_3_3
Parameters: 1 -0.000411035 0.00058349 0.00041149 0.999999 -0.00138593 -0.000582141 0.00138554 0.999999 0.0236276 0.0410234 -0.110308
FixedParameters: 0 0 0

#Transform 48
Transform: AffineTransform_float_3_3
Parameters: 1 -9.13356e-05 0.000346775 9.23553e-05 0.999999 -0.001544 -0.000346259 0.00154407 0.999998 -0.0028306 0.0133731 -0.174909
FixedParameters: 0 0 0

#Transform 49
Transform: AffineTransform_float_3_3
Parameters: 1 -0.00013188 0.000281051 0.000132742 0.999998 -0.00162596 -0.000280389 0.00162604 0.999998 0.0455709 0.0505079 -0.141893
FixedParameters: 0 0 0

#Transform 50
Transform: AffineTransform_float_3_3
Parameters: 1 -0.000375768 0.000261922 0.000375559 0.999998 -0.00159451 -0.00026053 0.00159483 0.999998 0.0418304 0.0601374 -0.113519
FixedParameters: 0 0 0

#Transform 51
Transform: AffineTransform_float_3_3
Parameters: 0.999999 -0.000380742 0.000647417 0.000381876 0.999998 -0.00165677 -0.000646932 0.00165735 0.999998 0.0248534 0.0650647 -0.110833
FixedParameters: 0 0 0

#Transform 52
Transform: AffineTransform_float_3_3
Parameters: 0.999999 -0.000614998 0.000377853 0.000615243 0.999999 -0.00173241 -0.000376268 0.00173298 0.999999 0.017871 0.0691615 -0.125789
FixedParameters: 0 0 0

#Transform 53
Transform: AffineTransform_float_3_3
Parameters: 1 -0.000786069 0.000466588 0.000786773 0.999998 -0.00180859 -0.000465492 0.00180939 0.999999 0.0151351 0.0731658 -0.126724
FixedParameters: 0 0 0

#Transform 54
Transform: AffineTransform_float_3_3
Parameters: 0.999999 -0.000438131 0.000360847 0.000439719 0.999997 -0.00232666 -0.000360052 0.00232694 0.999998 0.0203956 0.0744135 -0.131206
FixedParameters: 0 0 0

#Transform 55
Transform: AffineTransform_float_3_3
Parameters: 1 -0.000298631 0.000252559 0.000298658 0.999998 -0.00224239 -0.000251767 0.00224271 0.999997 0.0162297 0.0464204 -0.182011
FixedParameters: 0 0 0

#Transform 56
Transform: AffineTransform_float_3_3
Parameters: 1 0.000106196 0.000414359 -0.000105187 0.999997 -0.00265722 -0.000414032 0.00265727 0.999997 0.0229933 0.0909949 -0.17319
FixedParameters: 0 0 0

#Transform 57
Transform: AffineTransform_float_3_3
Parameters: 1 -0.000231902 0.000601242 0.000233227 0.999996 -0.00289548 -0.000600016 0.00289599 0.999995 0.016993 0.108483 -0.130487
FixedParameters: 0 0 0

#Transform 58
Transform: AffineTransform_float_3_3
Parameters: 1 -0.000211681 7.96291e-05 0.00021097 0.999997 -0.00220739 -7.92425e-05 0.00220752 0.999997 0.0402511 0.0323414 -0.115648
FixedParameters: 0 0 0

#Transform 59
Transform: AffineTransform_float_3_3
Parameters: 1 -0.000229781 0.000166965 0.000229584 0.999996 -0.00280056 -0.000166733 0.00280072 0.999996 0.0265998 0.14348 -0.109635
FixedParameters: 0 0 0

#Transform 60
Transform: AffineTransform_float_3_3
Parameters: 1 -0.000200457 0.000131007 0.000200953 0.999996 -0.00303982 -0.000130788 0.00303892 0.999995 0.0268231 0.163177 -0.119467
FixedParameters: 0 0 0

#Transform 61
Transform: AffineTransform_float_3_3
Parameters: 0.999999 0.00017722 0.00104661 -0.000176068 1 -0.00106276 -0.00104582 0.00106254 0.999999 -0.0289283 0.0204634 -0.148766
FixedParameters: 0 0 0

#Transform 62
Transform: AffineTransform_float_3_3
Parameters: 0.999999 0.000347157 0.000995703 -0.000344162 0.999997 -0.00259939 -0.00099665 0.00259896 0.999996 -0.0202378 0.160387 -0.180256
FixedParameters: 0 0 0

#Transform 63
Transform: AffineTransform_float_3_3
Parameters: 1 0.000107449 0.000722224 -0.000106041 0.999997 -0.00245185 -0.000722129 0.00245195 0.999996 -0.00645536 0.107905 -0.124565
FixedParameters: 0 0 0

#Transform 64
Transform: AffineTransform_float_3_3
Parameters: 1 0.00033019 0.000399097 -0.000329427 0.999997 -0.00238457 -0.000400013 0.00238444 0.999997 -0.011245 0.131249 -0.119939
FixedParameters: 0 0 0

#Transform 65
Transform: AffineTransform_float_3_3
Parameters: 1 0.000244689 0.000516549 -0.00024282 0.999996 -0.00301013 -0.000516896 0.00301002 0.999996 -0.00796507 0.0933607 -0.124344
FixedParameters: 0 0 0

#Transform 66
Transform: AffineTransform_float_3_3
Parameters: 1 -0.000188544 0.000608593 0.000190307 0.999994 -0.0032619 -0.000607247 0.00326237 0.999994 -0.0105486 0.149093 -0.128476
FixedParameters: 0 0 0

#Transform 67
Transform: AffineTransform_float_3_3
Parameters: 1 0.00049512 -0.00106406 -0.000499702 0.99999 -0.00431031 0.00106108 0.00431075 0.99999 0.0627344 0.182243 -0.0492111
FixedParameters: 0 0 0

#Transform 68
Transform: AffineTransform_float_3_3
Parameters: 1 0.000495545 0.000320887 -0.000494039 0.999996 -0.00258583 -0.000322517 0.00258547 0.999997 -0.0360986 0.0531646 -0.146137
FixedParameters: 0 0 0

#Transform 69
Transform: AffineTransform_float_3_3
Parameters: 1 0.000118031 0.000470531 -0.000116735 0.999997 -0.00264436 -0.000470263 0.00264439 0.999997 -0.042805 0.0598371 -0.137884
FixedParameters: 0 0 0

#Transform 70
Transform: AffineTransform_float_3_3
Parameters: 1 -0.000260842 0.000582978 0.000261773 0.999997 -0.00264751 -0.000581715 0.00264804 0.999997 -0.0239748 0.104543 -0.14277
FixedParameters: 0 0 0

#Transform 71
Transform: AffineTransform_float_3_3
Parameters: 1 -0.000133012 0.000339927 0.000134217 0.999994 -0.00366114 -0.000339308 0.00366133 0.999994 -0.0116227 0.135139 -0.15226
FixedParameters: 0 0 0

#Transform 72
Transform: AffineTransform_float_3_3
Parameters: 1 1.1495e-05 0.000149284 -1.06647e-05 0.999993 -0.00388873 -0.000149692 0.00388879 0.999992 -0.00503901 0.184351 -0.134059
FixedParameters: 0 0 0

#Transform 73
Transform: AffineTransform_float_3_3
Parameters: 1 7.6879e-05 -0.00027453 -7.67202e-05 1 0.000289141 0.000274574 -0.000289098 1 0.0142224 -0.0615519 -0.110861
FixedParameters: 0 0 0

#Transform 74
Transform: AffineTransform_float_3_3
Parameters: 1 0.000323691 0.000281367 -0.000324653 0.999998 0.00167479 -0.000281021 -0.001675 0.999998 -0.00453889 -0.0805685 -0.160365
FixedParameters: 0 0 0

#Transform 75
Transform: AffineTransform_float_3_3
Parameters: 1 8.57476e-05 0.000293981 -8.60041e-05 1 0.000637952 -0.000293889 -0.000637012 1 0.0466856 -0.0307834 -0.143705
FixedParameters: 0 0 0

#Transform 76
Transform: AffineTransform_float_3_3
Parameters: 1 -0.000398792 0.000320386 0.00039857 0.999999 -0.00141743 -0.000320018 0.00141678 0.999999 0.0736909 0.0664856 -0.0934604
FixedParameters: 0 0 0

#Transform 77
Transform: AffineTransform_float_3_3
Parameters: 1 5.47692e-05 0.000417509 -5.4895e-05 1 -0.0010969 -0.000417435 0.00109698 1 0.0653899 0.0507425 -0.0969236
FixedParameters: 0 0 0

#Transform 78
Transform: AffineTransform_float_3_3
Parameters: 1 -0.000394344 0.000321352 0.000394149 0.999999 -0.00145516 -0.000320966 0.00145451 0.999999 0.0792001 0.0958863 -0.082868
FixedParameters: 0 0 0

#Transform 79
Transform: AffineTransform_float_3_3
Parameters: 1 -0.000450311 0.000321107 0.000450284 0.999998 -0.00153426 -0.000320503 0.00153464 0.999999 0.0915736 0.00576734 -0.0826413
FixedParameters: 0 0 0

#Transform 80
Transform: AffineTransform_float_3_3
Parameters: 1 -0.000126408 0.000537254 0.000127382 0.999998 -0.00189371 -0.00053732 0.00189395 0.999998 0.0736234 0.0926674 -0.0883026
FixedParameters: 0 0 0

#Transform 81
Transform: AffineTransform_float_3_3
Parameters: 1 -0.000196138 0.000327117 0.000196013 0.999999 -0.00140257 -0.000326373 0.00140282 0.999999 0.0397556 0.0258056 -0.145798
FixedParameters: 0 0 0

#Transform 82
Transform: AffineTransform_float_3_3
Parameters: 0.999999 0.000397166 0.000824926 -0.000395642 1 -0.000954108 -0.000825451 0.00095346 0.999999 0.00722323 -0.0131173 -0.19485
FixedParameters: 0 0 0

#Transform 83
Transform: AffineTransform_float_3_3
Parameters: 1 0.000286597 0.00037245 -0.000286212 1 -0.000516997 -0.000372746 0.000516784 1 0.0691348 0.0584174 -0.132735
FixedParameters: 0 0 0

#Transform 84
Transform: AffineTransform_float_3_3
Parameters: 0.999999 -0.000160058 0.000902123 0.000160846 0.999999 -0.000990942 -0.00090161 0.00099128 0.999999 0.057095 0.0754124 -0.0651789
FixedParameters: 0 0 0

#Transform 85
Transform: AffineTransform_float_3_3
Parameters: 1 -0.000480662 0.000450098 0.000480254 0.999999 -0.000789153 -0.000449129 0.000788644 1 0.0817571 0.0374841 -0.0534723
FixedParameters: 0 0 0

#Transform 86
Transform: AffineTransform_float_3_3
Parameters: 1 -0.000120156 0.000328819 0.000120874 1 -0.00116911 -0.000328305 0.0011692 1 0.0914836 0.0820079 -0.0749924
FixedParameters: 0 0 0

#Transform 87
Transform: AffineTransform_float_3_3
Parameters: 1 -0.000264435 0.0004405 0.000264423 1 1.44471e-05 -0.000440508 -1.42141e-05 1 0.0437172 0.025688 -0.123026
FixedParameters: 0 0 0

#Transform 88
Transform: AffineTransform_float_3_3
Parameters: 1 -6.81312e-05 0.000451963 6.83038e-05 1 -0.000190919 -0.000451937 0.00019098 1 0.0516422 0.0388249 -0.12224
FixedParameters: 0 0 0

#Transform 89
Transform: AffineTransform_float_3_3
Parameters: 1 0.000297123 0.000483853 -0.000296122 1 -0.0010861 -0.000484266 0.00108582 1 0.0506397 0.033433 -0.0127443
FixedParameters: 0 0 0

#Transform 90
Transform: AffineTransform_float_3_3
Parameters: 1 0.000256361 0.000498772 -0.00025559 0.999998 -0.00186597 -0.000499302 0.00186585 0.999998 0.0242678 0.10978 -0.0465393
FixedParameters: 0 0 0

#Transform 91
Transform: AffineTransform_float_3_3
Parameters: 1 0.000131656 0.000557969 -0.000130589 0.999998 -0.0019345 -0.000558052 0.00193448 0.999998 0.0207805 0.100008 -0.0662728
FixedParameters: 0 0 0

#Transform 92
Transform: AffineTransform_float_3_3
Parameters: 1 0.000143663 0.000516185 -0.00014189 0.999996 -0.00287189 -0.000516117 0.00287188 0.999995 0.0260563 0.158926 -0.0488434
FixedParameters: 0 0 0

#Transform 93
Transform: AffineTransform_float_3_3
Parameters: 0.999999 -0.000256246 0.000739543 0.00025859 0.999997 -0.00233792 -0.000738654 0.0023384 0.999997 0.0289192 0.0944273 -0.0733139
FixedParameters: 0 0 0

#Transform 94
Transform: AffineTransform_float_3_3
Parameters: 1 0.000121117 0.000420867 -0.000120073 0.999997 -0.00265732 -0.000420619 0.00265736 0.999997 0.0212931 0.119894 -0.126328
FixedParameters: 0 0 0

#Transform 95
Transform: AffineTransform_float_3_3
Parameters: 1 -6.72606e-05 0.00109772 6.91581e-05 0.999998 -0.00231967 -0.00109704 0.00231918 0.999996 0.0360443 0.149828 -0.0745712
FixedParameters: 0 0 0

#Transform 96
Transform: AffineTransform_float_3_3
Parameters: 0.999999 -0.000339556 0.000696775 0.000341641 0.999998 -0.00229536 -0.000695526 0.00229594 0.999997 0.0574184 0.112324 -0.057703
FixedParameters: 0 0 0

#Transform 97
Transform: AffineTransform_float_3_3
Parameters: 0.999999 -0.000244564 0.000717372 0.000246685 0.999995 -0.0030995 -0.000715723 0.00309909 0.999995 0.0644627 0.0832964 -0.0108674
FixedParameters: 0 0 0

#Transform 98
Transform: AffineTransform_float_3_3
Parameters: 1 -0.000319189 0.00050418 0.000321056 0.999996 -0.00302613 -0.000503066 0.00302654 0.999996 0.0753998 0.130297 -0.0393995
FixedParameters: 0 0 0

#Transform 99
Transform: AffineTransform_float_3_3
Parameters: 1 -0.000594052 0.000737589 0.000595982 0.999996 -0.00277522 -0.000736566 0.00277527 0.999996 0.0834477 0.109079 -0.0190715
FixedParameters: 0 0 0

#Transform 100
Transform: AffineTransform_float_3_3
Parameters: 1 -0.000643462 0.000470154 0.000644171 0.999995 -0.0031122 -0.000468194 0.00311198 0.999995 0.0899644 0.164315 -0.0313014
FixedParameters: 0 0 0

#Transform 101
Transform: AffineTransform_float_3_3
Parameters: 1 -0.000165762 0.000154024 0.000165256 0.999998 -0.00163707 -0.00015426 0.00163722 0.999998 0.0127011 0.119887 -0.141171
FixedParameters: 0 0 0

#Transform 102
Transform: AffineTransform_float_3_3
Parameters: 0.999999 -0.000311976 0.000720314 0.000312506 1 -0.00106969 -0.000720424 0.00107023 0.999999 -0.00404024 0.126553 -0.131321
FixedParameters: 0 0 0

#Transform 103
Transform: AffineTransform_float_3_3
Parameters: 1 -0.000395418 0.000314292 0.000396066 0.999996 -0.00283541 -0.000313102 0.00283574 0.999996 0.0297073 0.171471 -0.0407863
FixedParameters: 0 0 0

#Transform 104
Transform: AffineTransform_float_3_3
Parameters: 1 -0.000608689 0.000737712 0.000610009 0.999997 -0.00234781 -0.000736391 0.0023479 0.999997 0.000609028 0.149289 -0.0549531
FixedParameters: 0 0 0

#Transform 105
Transform: AffineTransform_float_3_3
Parameters: 1 -0.0006877 0.00037215 0.000689299 0.999997 -0.0023667 -0.000370354 0.00236617 0.999997 0.0187992 0.100665 -0.0559225
FixedParameters: 0 0 0

#Transform 106
Transform: AffineTransform_float_3_3
Parameters: 1 -0.00053997 0.000472919 0.000541618 0.999996 -0.00285537 -0.000472088 0.00285593 0.999996 0.010022 0.167177 -0.0763401
FixedParameters: 0 0 0

#Transform 107
Transform: AffineTransform_float_3_3
Parameters: 1 0.000138292 0.000419676 -0.000136986 0.999996 -0.0029968 -0.000420352 0.0029968 0.999996 -0.00861155 0.105559 -0.110495
FixedParameters: 0 0 0

#Transform 108
Transform: AffineTransform_float_3_3
Parameters: 1 -0.000561123 0.000748131 0.000563193 0.999996 -0.00274895 -0.000747336 0.00274996 0.999996 0.0207445 0.194131 -0.056804
FixedParameters: 0 0 0

#Transform 109
Transform: AffineTransform_float_3_3
Parameters: 0.999999 -0.000548117 0.000430018 0.00054925 0.999996 -0.00277682 -0.000428009 0.00277638 0.999996 0.061194 0.141848 -0.04767
FixedParameters: 0 0 0

#Transform 110
Transform: AffineTransform_float_3_3
Parameters: 1 -0.000717713 0.000216981 0.00071907 0.999994 -0.0035416 -0.000214622 0.0035419 0.999994 0.0281491 0.168713 -0.0593976
FixedParameters: 0 0 0

#Transform 111
Transform: AffineTransform_float_3_3
Parameters: 1 -0.000385748 0.000351755 0.000387297 0.999992 -0.00412357 -0.000349668 0.00412399 0.999991 0.0384794 0.216884 -0.0435094
FixedParameters: 0 0 0

#Transform 112
Transform: AffineTransform_float_3_3
Parameters: 0.999999 -0.000220124 -0.000293219 0.000218407 0.999985 -0.00536557 0.000294035 0.00536515 0.999986 0.0843787 0.184365 0.0133518
FixedParameters: 0 0 0

#Transform 113
Transform: AffineTransform_float_3_3
Parameters: 1 0.000168002 0.000277027 -0.000167194 0.999992 -0.00382177 -0.000277695 0.00382181 0.999992 0.062157 0.174108 -0.0983762
FixedParameters: 0 0 0

#Transform 114
Transform: AffineTransform_float_3_3
Parameters: 0.999999 3.77786e-05 0.000872796 -3.43762e-05 0.999992 -0.00384219 -0.000872305 0.00384242 0.999992 0.0301781 0.164734 -0.0953582
FixedParameters: 0 0 0

#Transform 115
Transform: AffineTransform_float_3_3
Parameters: 0.999999 -0.000217268 0.000468901 0.000219863 0.999985 -0.00557135 -0.000467925 0.0055718 0.999984 0.0839989 0.254646 -0.0102792
FixedParameters: 0 0 0

#Transform 116
Transform: AffineTransform_float_3_3
Parameters: 0.999999 -0.000237269 0.000322736 0.000239189 0.999985 -0.00536798 -0.00032183 0.00536819 0.999985 0.0949371 0.160136 0.00846721
FixedParameters: 0 0 0

#Transform 117
Transform: AffineTransform_float_3_3
Parameters: 1 -0.000242749 0.000291814 0.000243801 0.99999 -0.00432991 -0.000290559 0.00432915 0.99999 0.0582983 0.238242 -0.0527539
FixedParameters: 0 0 0

#Transform 118
Transform: AffineTransform_float_3_3
Parameters: 1 -0.000155637 7.4276e-06 0.000156122 0.999986 -0.00529295 -6.38072e-06 0.00529281 0.999986 0.0934917 0.248378 -0.0165088
FixedParameters: 0 0 0

#Transform 119
Transform: AffineTransform_float_3_3
Parameters: 1 -0.000161799 8.86011e-05 0.000162146 0.999986 -0.00526032 -8.75387e-05 0.00526032 0.999987 0.084697 0.240651 -0.0665958
FixedParameters: 0 0 0

#Transform 120
Transform: AffineTransform_float_3_3
Parameters: 1 -0.000150208 0.000246949 0.000151297 0.999985 -0.0053959 -0.000246002 0.00539606 0.999985 0.0484536 0.23658 -0.0916819
FixedParameters: 0 0 0

#Transform 121
Transform: AffineTransform_float_3_3
Parameters: 1 -0.000234698 -6.41674e-05 0.000234638 0.99999 -0.00460703 6.57695e-05 0.00460693 0.999989 0.028991 0.207263 -0.152219
FixedParameters: 0 0 0

#Transform 122
Transform: AffineTransform_float_3_3
Parameters: 1 -0.00048848 0.000387291 0.000489485 0.99999 -0.00443878 -0.000385044 0.00443841 0.999989 0.0468974 0.196006 -0.0826293
FixedParameters: 0 0 0

#Transform 123
Transform: AffineTransform_float_3_3
Parameters: 1 -0.000601416 0.000194368 0.000601766 0.999991 -0.0040663 -0.000191778 0.00406657 0.999992 0.0567916 0.175067 -0.0771776
FixedParameters: 0 0 0

#Transform 124
Transform: AffineTransform_float_3_3
Parameters: 0.999999 -0.000519665 0.000366746 0.00052117 0.999992 -0.00377129 -0.000364152 0.00377174 0.999993 0.046387 0.170227 -0.0899871
FixedParameters: 0 0 0

#Transform 125
Transform: AffineTransform_float_3_3
Parameters: 1 -0.000754686 5.24215e-05 0.000754872 0.99999 -0.00429354 -4.8944e-05 0.00429352 0.999991 0.0634695 0.225993 -0.0767401
FixedParameters: 0 0 0

#Transform 126
Transform: AffineTransform_float_3_3
Parameters: 0.999999 -0.000299615 0.000366579 0.000301228 0.999992 -0.00416651 -0.000365898 0.00416579 0.999992 -0.00383703 0.188568 -0.143252
FixedParameters: 0 0 0

#Transform 127
Transform: AffineTransform_float_3_3
Parameters: 1 -0.000687863 0.000270254 0.000689697 0.999993 -0.00382379 -0.000267483 0.00382416 0.999993 0.0238543 0.23196 -0.093012
FixedParameters: 0 0 0

#Transform 128
Transform: AffineTransform_float_3_3
Parameters: 0.999999 -0.000955507 0.000312747 0.000956706 0.999992 -0.0040504 -0.000309233 0.00405006 0.999992 0.0511486 0.234975 -0.0560434
FixedParameters: 0 0 0

#Transform 129
Transform: AffineTransform_float_3_3
Parameters: 0.999999 -0.000565414 0.000230908 0.000566986 0.999991 -0.00403104 -0.000228375 0.00403123 0.999992 0.0515587 0.25274 -0.0548989
FixedParameters: 0 0 0

#Transform 130
Transform: AffineTransform_float_3_3
Parameters: 1 -0.000740748 7.18906e-05 0.000741 0.999989 -0.00447668 -6.92184e-05 0.00447574 0.99999 0.0569057 0.213608 -0.0527629
FixedParameters: 0 0 0

#Transform 131
Transform: AffineTransform_float_3_3
Parameters: 1 -0.000582003 3.13466e-05 0.000581977 0.999989 -0.00453866 -2.88358e-05 0.0045386 0.99999 0.0445806 0.257844 -0.0467305
FixedParameters: 0 0 0

#Transform 132
Transform: AffineTransform_float_3_3
Parameters: 1 -0.000211872 -9.54036e-05 0.000211438 0.999989 -0.00479246 9.71039e-05 0.00479235 0.999988 0.0468541 0.299267 -0.0468129
FixedParameters: 0 0 0

#Transform 133
Transform: AffineTransform_float_3_3
Parameters: 1 -0.000206507 0.000179482 0.000207783 0.999988 -0.00490474 -0.000178555 0.00490477 0.999988 0.0335758 0.313138 -0.0528282
FixedParameters: 0 0 0

#Transform 134
Transform: AffineTransform_float_3_3
Parameters: 1 -0.000173401 -0.000120177 0.000172629 0.999987 -0.00511189 0.00012111 0.0051117 0.999987 0.0453035 0.330956 -0.0650319
FixedParameters: 0 0 0

#Transform 135
Transform: AffineTransform_float_3_3
Parameters: 0.999999 -0.000350274 0.00127241 0.000355093 0.999993 -0.00351869 -0.00127161 0.00351993 0.999993 -0.107886 0.207613 -0.161493
FixedParameters: 0 0 0

#Transform 136
Transform: AffineTransform_float_3_3
Parameters: 1 -0.000191597 0.00116592 0.00019717 0.999989 -0.00469342 -0.00116489 0.00469442 0.999988 -0.0523529 0.336847 -0.0737533
FixedParameters: 0 0 0

#Transform 137
Transform: AffineTransform_float_3_3
Parameters: 1 -0.000258157 0.00100401 0.000262222 0.999992 -0.00415536 -0.00100307 0.0041563 0.999991 -0.0413052 0.272642 -0.0691249
FixedParameters: 0 0 0

#Transform 138
Transform: AffineTransform_float_3_3
Parameters: 1 -0.000670322 0.000787535 0.000673349 0.999991 -0.00401669 -0.000785473 0.004017 0.999992 -0.0165244 0.248919 -0.0904398
FixedParameters: 0 0 0

#Transform 139
Transform: AffineTransform_float_3_3
Parameters: 0.999999 -6.43216e-05 0.000819316 6.75594e-05 0.999991 -0.00407197 -0.000818966 0.00407142 0.999991 -0.021383 0.209867 -0.0915457
FixedParameters: 0 0 0

#Transform 140
Transform: AffineTransform_float_3_3
Parameters: 0.999999 -0.000343078 0.00068029 0.000345808 0.999993 -0.00365793 -0.000679139 0.00365859 0.999993 -0.0146323 0.207076 -0.0975835
FixedParameters: 0 0 0

#Transform 141
Transform: AffineTransform_float_3_3
Parameters: 0.999999 -0.000715646 0.00119115 0.000719838 0.999994 -0.00355218 -0.00118868 0.00355328 0.999993 -0.0151072 0.199476 -0.103467
FixedParameters: 0 0 0

#Transform 142
Transform: AffineTransform_float_3_3
Parameters: 1 -0.000720777 0.0004719 0.000722268 0.999992 -0.00407305 -0.00046932 0.00407294 0.999992 0.0249546 0.211212 -0.085221
FixedParameters: 0 0 0

#Transform 143
Transform: AffineTransform_float_3_3
Parameters: 1 -0.000719972 0.000446919 0.000721261 0.999992 -0.0040736 -0.000444346 0.00407345 0.999992 0.0174336 0.209503 -0.117801
FixedParameters: 0 0 0

#Transform 144
Transform: AffineTransform_float_3_3
Parameters: 1 -0.000721385 0.000490872 0.000722996 0.999992 -0.00407263 -0.000487316 0.00407258 0.999992 0.0170628 0.209287 -0.084481
FixedParameters: 0 0 0

#Transform 145
Transform: AffineTransform_float_3_3
Parameters: 0.999999 0.000195643 0.00127849 -0.000192646 0.999998 -0.00197041 -0.00127887 0.00197008 0.999997 -0.0748578 0.0819731 -0.0672344
FixedParameters: 0 0 0

#Transform 146
Transform: AffineTransform_float_3_3
Parameters: 0.999999 -0.000208217 0.00116913 0.000213205 0.999992 -0.00399125 -0.00116888 0.00399117 0.999991 -0.0308785 0.215358 -0.0322564
FixedParameters: 0 0 0

#Transform 147
Transform: AffineTransform_float_3_3
Parameters: 0.999999 0.000107791 0.00090689 -0.000104097 0.999993 -0.00388048 -0.000906945 0.00388065 0.999992 -0.0143119 0.177205 -0.00493222
FixedParameters: 0 0 0

#Transform 148
Transform: AffineTransform_float_3_3
Parameters: 1 -9.27489e-05 0.000116915 9.33694e-05 0.999989 -0.00481231 -0.000116386 0.00481238 0.999988 0.0269152 0.23737 -0.0016869
FixedParameters: 0 0 0

#Transform 149
Transform: AffineTransform_float_3_3
Parameters: 1 0.00030673 0.000545231 -0.000304818 0.999992 -0.00393777 -0.000545862 0.00393772 0.999992 -0.0321881 0.158503 -0.114927
FixedParameters: 0 0 0

#Transform 150
Transform: AffineTransform_float_3_3
Parameters: 1 0.000462191 0.000275375 -0.000461022 0.999987 -0.00518127 -0.000276952 0.00518121 0.999987 0.00338054 0.284259 -0.0445622
FixedParameters: 0 0 0

#Transform 151
Transform: AffineTransform_float_3_3
Parameters: 1 0.000149606 0.000520267 -0.000147805 0.999992 -0.00399104 -0.000520649 0.00399114 0.999992 0.00716032 0.214134 -0.0157563
FixedParameters: 0 0 0

#Transform 152
Transform: AffineTransform_float_3_3
Parameters: 1 -0.000292386 0.000143132 0.000293205 0.999993 -0.0037796 -0.000142211 0.00377964 0.999993 0.0224469 0.204489 -0.0546981
FixedParameters: 0 0 0

#Transform 153
Transform: AffineTransform_float_3_3
Parameters: 1 -3.11913e-05 0.000469007 3.3047e-05 0.99999 -0.00461886 -0.000468181 0.00461913 0.99999 0.0268219 0.256629 -0.0519756
FixedParameters: 0 0 0

#Transform 154
Transform: AffineTransform_float_3_3
Parameters: 0.999999 0.000526949 0.000959656 -0.000523164 0.999993 -0.00370031 -0.000962034 0.00369969 0.999992 -0.0465826 0.160652 -0.143062
FixedParameters: 0 0 0

#Transform 155
Transform: AffineTransform_float_3_3
Parameters: 1 0.000462713 0.000476366 -0.000461155 0.999991 -0.00418206 -0.00047822 0.00418191 0.999991 0.00305865 0.213147 -0.0761267
FixedParameters: 0 0 0

#Transform 156
Transform: AffineTransform_float_3_3
Parameters: 1 0.000441975 0.000429786 -0.000439587 0.99999 -0.00456447 -0.000431298 0.00456427 0.99999 -0.000548733 0.249913 -0.0248477
FixedParameters: 0 0 0

#Transform 157
Transform: AffineTransform_float_3_3
Parameters: 1 0.0004497 0.000185976 -0.00044851 0.99999 -0.00456963 -0.000188503 0.0045695 0.99999 0.0103997 0.250108 -0.0241911
FixedParameters: 0 0 0

#Transform 158
Transform: AffineTransform_float_3_3
Parameters: 1 0.000166141 0.000173712 -0.000166033 0.99999 -0.0044178 -0.000174844 0.00441786 0.999991 0.0110227 0.244714 -0.0401741
FixedParameters: 0 0 0

#Transform 159
Transform: AffineTransform_float_3_3
Parameters: 1 0.000291721 0.000390362 -0.000289405 0.999987 -0.00496076 -0.000391473 0.00496069 0.999987 0.0118535 0.299271 -0.0440816
FixedParameters: 0 0 0

#Transform 160
Transform: AffineTransform_float_3_3
Parameters: 1 0.00041944 0.000415354 -0.000416699 0.999986 -0.00528763 -0.00041754 0.00528745 0.999986 0.0160313 0.248104 -0.082474
FixedParameters: 0 0 0

#Transform 161
Transform: AffineTransform_float_3_3
Parameters: 0.999999 0.000679628 0.00093542 -0.000674938 0.999988 -0.00498336 -0.000938339 0.00498266 0.999987 -0.00955587 0.22198 -0.0852825
FixedParameters: 0 0 0

#Transform 162
Transform: AffineTransform_float_3_3
Parameters: 1 0.00048103 0.000493283 -0.000478726 0.999988 -0.00490875 -0.000496261 0.00490855 0.999988 -0.0173915 0.291201 -0.104838
FixedParameters: 0 0 0

#Transform 163
Transform: AffineTransform_float_3_3
Parameters: 1 0.000438142 0.000587933 -0.000435412 0.99999 -0.00457201 -0.000589437 0.0045708 0.99999 -0.0162268 0.237635 -0.0675072
FixedParameters: 0 0 0

#Transform 164
Transform: AffineTransform_float_3_3
Parameters: 1 0.000424875 0.000656469 -0.000421475 0.99999 -0.00447621 -0.000658016 0.00447595 0.999989 -0.0207165 0.21944 -0.0819402
FixedParameters: 0 0 0

#Transform 165
Transform: AffineTransform_float_3_3
Parameters: 1 0.000195764 0.000523598 -0.000193359 0.999989 -0.00468559 -0.00052392 0.00468566 0.999989 -0.0143156 0.230096 -0.0944341
FixedParameters: 0 0 0

#Transform 166
Transform: AffineTransform_float_3_3
Parameters: 1 0.00076329 0.000461825 -0.000761282 0.999987 -0.00503858 -0.000465599 0.00503821 0.999987 -0.0437714 0.278731 -0.143439
FixedParameters: 0 0 0

#Transform 167
Transform: AffineTransform_float_3_3
Parameters: 1 0.000564062 0.00111167 -0.000559741 0.999993 -0.00388053 -0.00111456 0.00387978 0.999992 -0.0849883 0.264228 -0.161572
FixedParameters: 0 0 0

#Transform 168
Transform: AffineTransform_float_3_3
Parameters: 0.999999 0.000271081 0.000896752 -0.000267287 0.99999 -0.00461399 -0.000897812 0.00461401 0.999989 -0.0314167 0.233738 -0.0802446
FixedParameters: 0 0 0

#Transform 169
Transform: AffineTransform_float_3_3
Parameters: 0.999999 -3.14643e-05 0.000970716 3.63365e-05 0.99999 -0.00430917 -0.000970147 0.00430852 0.999991 -0.0348941 0.238174 -0.0936714
FixedParameters: 0 0 0

#Transform 170
Transform: AffineTransform_float_3_3
Parameters: 1 0.000326284 0.00114462 -0.000322734 0.999994 -0.00339067 -0.00114582 0.00339042 0.999993 -0.0286925 0.178559 -0.0737085
FixedParameters: 0 0 0

#Transform 171
Transform: AffineTransform_float_3_3
Parameters: 0.999999 1.13168e-06 0.00129073 2.65611e-06 0.999994 -0.00346312 -0.00129147 0.0034636 0.999994 -0.0452627 0.183444 -0.0958129
FixedParameters: 0 0 0

#Transform 172
Transform: AffineTransform_float_3_3
Parameters: 1 -0.000164984 0.00117137 0.000169335 0.999994 -0.00324088 -0.00117117 0.00324053 0.999994 -0.0268089 0.174186 -0.0937753
FixedParameters: 0 0 0

#Transform 173
Transform: AffineTransform_float_3_3
Parameters: 0.999998 -0.000127282 0.00160919 0.000133756 0.999993 -0.0036665 -0.00160872 0.00366641 0.999992 -0.0394417 0.246544 -0.146115
FixedParameters: 0 0 0

#Transform 174
Transform: AffineTransform_float_3_3
Parameters: 0.999999 0.000330859 0.00104909 -0.000327629 0.999997 -0.00259493 -0.00104898 0.00259452 0.999996 -0.0204523 0.166449 -0.197899
FixedParameters: 0 0 0

#Transform 175
Transform: AffineTransform_float_3_3
Parameters: 0.999999 0.00022144 0.00124609 -0.000217193 0.999992 -0.00380324 -0.0012473 0.00380321 0.999992 0.00979186 0.154951 -0.0874244
FixedParameters: 0 0 0

#Transform 176
Transform: AffineTransform_float_3_3
Parameters: 0.999999 4.44296e-06 0.0015688 1.20169e-06 0.999994 -0.00345176 -0.00156858 0.00345226 0.999993 0.00205883 0.138764 -0.0582982
FixedParameters: 0 0 0

#Transform 177
Transform: AffineTransform_float_3_3
Parameters: 0.999999 -0.000102926 0.00128532 0.000108332 0.999993 -0.00378875 -0.00128497 0.0037884 0.999992 0.0185362 0.153426 -0.0357624
FixedParameters: 0 0 0

#Transform 178
Transform: AffineTransform_float_3_3
Parameters: 0.999998 -0.000129626 0.0016117 0.000136025 0.999994 -0.00364756 -0.00161025 0.00364752 0.999992 0.000123592 0.192418 -0.0579611
FixedParameters: 0 0 0

#Transform 179
Transform: AffineTransform_float_3_3
Parameters: 0.999999 0.000641531 0.000892515 -0.000638867 0.999995 -0.00327459 -0.000894478 0.00327484 0.999994 -0.0168209 0.217113 -0.130216
FixedParameters: 0 0 0

#Transform 180
Transform: AffineTransform_float_3_3
Parameters: 0.999999 0.000331755 0.00123916 -0.000328741 0.999996 -0.00287904 -0.00124029 0.00287864 0.999995 0.00752804 0.199121 -0.0833364
FixedParameters: 0 0 0

#Transform 181
Transform: AffineTransform_float_3_3
Parameters: 0.999999 7.18598e-06 0.00142 -3.08858e-06 0.999997 -0.00252861 -0.00141945 0.00252888 0.999996 0.0225984 0.183417 -0.0471109
FixedParameters: 0 0 0

#Transform 182
Transform: AffineTransform_float_3_3
Parameters: 1 0.000164364 0.001119 -0.000160903 0.999995 -0.00299932 -0.00111915 0.00299827 0.999995 0.038776 0.224738 -0.0148181
FixedParameters: 0 0 0

#Transform 183
Transform: AffineTransform_float_3_3
Parameters: 0.999999 0.000576309 0.000738011 -0.000576242 1 -0.000750889 -0.000738682 0.000750159 1 0.051954 0.0776249 -0.0158455
FixedParameters: 0 0 0

#Transform 184
Transform: AffineTransform_float_3_3
Parameters: 0.999998 0.000998781 0.00151749 -0.000999952 0.999999 0.00115036 -0.00151708 -0.00115178 0.999999 -0.0356817 0.0276809 -0.0443245
FixedParameters: 0 0 0

#Transform 185
Transform: AffineTransform_float_3_3
Parameters: 0.999998 0.000531394 0.00163157 -0.000530996 1 -0.000386533 -0.00163106 0.000385863 0.999998 0.00338569 0.0671132 -0.0545259
FixedParameters: 0 0 0

#Transform 186
Transform: AffineTransform_float_3_3
Parameters: 0.999999 0.000136265 0.00148182 -0.000134074 0.999999 -0.00141113 -0.00148205 0.00141089 0.999998 0.0238346 0.0994446 -0.0200663
FixedParameters: 0 0 0

#Transform 187
Transform: AffineTransform_float_3_3
Parameters: 0.999998 0.000151385 0.00170338 -0.000148594 0.999999 -0.00140382 -0.00170364 0.00140347 0.999997 0.0129017 0.0984616 -0.0268387
FixedParameters: 0 0 0

#Transform 188
Transform: AffineTransform_float_3_3
Parameters: 0.999998 -0.000249815 0.00159883 0.000252352 0.999998 -0.00207934 -0.00159843 0.00207953 0.999996 0.0224342 0.167164 -0.0383142
FixedParameters: 0 0 0

#Transform 189
Transform: AffineTransform_float_3_3
