# transform file /out/sourcedata/freesurfer/sub-v1s5x0050733_ses-1/mri/transforms/cc_up.lta
# created by oesteban on Tue Mar 10 05:22:11 2026

type      = 0 # LINEAR_VOX_TO_VOX
nxforms   = 1
mean      = 128.0000 108.0000 119.0000
sigma     = 10000.0000
1 4 4
9.994747042655945e-01 1.873889379203320e-02 2.644134871661663e-02 -4.598849773406982e+00 
-1.873233914375305e-02 9.998244047164917e-01 -4.955686163157225e-04 4.046937942504883e+01 
-2.644599229097366e-02 0.000000000000000e+00 9.996502399444580e-01 2.642718887329102e+01 
0.000000000000000e+00 0.000000000000000e+00 0.000000000000000e+00 1.000000000000000e+00 
src volume info
valid = 1  # volume info valid
filename = /out/sourcedata/freesurfer/sub-v1s5x0050733_ses-1/mri/norm.mgz
volume = 256 256 256
voxelsize = 1.000000000000000e+00 1.000000000000000e+00 1.000000000000000e+00
xras   = -1.000000000000000e+00 -2.226443029940128e-09 4.656612873077393e-10
yras   = 0.000000000000000e+00 0.000000000000000e+00 -1.000000000000000e+00
zras   = -5.227775545790792e-09 1.000000000000000e+00 4.656612873077393e-10
cras   = 1.808959960937500e+00 1.941472625732422e+01 -2.128953552246094e+01
dst volume info
valid = 1  # volume info valid
filename = /out/sourcedata/freesurfer/sub-v1s5x0050733_ses-1/mri/norm.mgz
volume = 256 256 256
voxelsize = 1.000000000000000e+00 1.000000000000000e+00 1.000000000000000e+00
xras   = -1.000000000000000e+00 -2.226443029940128e-09 4.656612873077393e-10
yras   = 0.000000000000000e+00 0.000000000000000e+00 -1.000000000000000e+00
zras   = -5.227775545790792e-09 1.000000000000000e+00 4.656612873077393e-10
cras   = 1.808959960937500e+00 1.941472625732422e+01 -2.128953552246094e+01
