# transform file transforms/talairach.lta
# created by oesteban on Tue Mar 10 04:04:46 2026

type      = 0 # LINEAR_VOX_TO_VOX
nxforms   = 1
mean      = 129.0000 108.0000 120.0000
sigma     = 10000.0000
1 4 4
1.149067401885986e+00 2.522877603769302e-02 3.325107321143150e-02 -2.834144210815430e+01 
-3.195933997631073e-02 1.108576416969299e+00 1.085776984691620e-01 -3.373764038085938e+00 
-3.524161875247955e-02 -9.324847161769867e-02 9.960903525352478e-01 7.840680122375488e+00 
0.000000000000000e+00 0.000000000000000e+00 0.000000000000000e+00 1.000000000000000e+00 
src volume info
valid = 1  # volume info valid
filename = nu.mgz
volume = 256 256 256
voxelsize = 1.000000000000000e+00 1.000000000000000e+00 1.000000000000000e+00
xras   = -1.000000000000000e+00 -2.226443029940128e-09 4.656612873077393e-10
yras   = 0.000000000000000e+00 0.000000000000000e+00 -1.000000000000000e+00
zras   = -5.227775545790792e-09 1.000000000000000e+00 4.656612873077393e-10
cras   = 1.808959960937500e+00 1.941472625732422e+01 -2.128953552246094e+01
dst volume info
valid = 1  # volume info valid
filename = /opt/freesurfer/average/RB_all_2020-01-02.gca
volume = 256 256 256
voxelsize = 1.000000000000000e+00 1.000000000000000e+00 1.000000000000000e+00
xras   = -1.000000000000000e+00 0.000000000000000e+00 0.000000000000000e+00
yras   = 0.000000000000000e+00 0.000000000000000e+00 -1.000000000000000e+00
zras   = 0.000000000000000e+00 1.000000000000000e+00 0.000000000000000e+00
cras   = 0.000000000000000e+00 0.000000000000000e+00 0.000000000000000e+00
