# transform file /out/sourcedata/freesurfer/sub-v1s5x0050727_ses-1/mri/transforms/cc_up.lta
# created by oesteban on Tue Mar 10 05:21:40 2026

type      = 0 # LINEAR_VOX_TO_VOX
nxforms   = 1
mean      = 128.0000 103.0000 119.0000
sigma     = 10000.0000
1 4 4
9.988688230514526e-01 4.702170565724373e-02 -7.082625292241573e-03 -3.037017583847046e+00 
-4.702052101492882e-02 9.988939166069031e-01 3.334058274049312e-04 4.807318115234375e+01 
7.090468425303698e-03 2.910383392618066e-11 9.999749064445496e-01 1.709577178955078e+01 
0.000000000000000e+00 0.000000000000000e+00 0.000000000000000e+00 1.000000000000000e+00 
src volume info
valid = 1  # volume info valid
filename = /out/sourcedata/freesurfer/sub-v1s5x0050727_ses-1/mri/norm.mgz
volume = 256 256 256
voxelsize = 1.000000000000000e+00 1.000000000000000e+00 1.000000000000000e+00
xras   = -9.999999403953552e-01 9.313225746154785e-09 -3.725290298461914e-09
yras   = -3.725290298461914e-09 0.000000000000000e+00 -9.999998807907104e-01
zras   = 9.313225746154785e-09 1.000000000000000e+00 0.000000000000000e+00
cras   = -2.380722045898438e+00 5.281082153320312e+00 7.180412292480469e+00
dst volume info
valid = 1  # volume info valid
filename = /out/sourcedata/freesurfer/sub-v1s5x0050727_ses-1/mri/norm.mgz
volume = 256 256 256
voxelsize = 1.000000000000000e+00 1.000000000000000e+00 1.000000000000000e+00
xras   = -9.999999403953552e-01 9.313225746154785e-09 -3.725290298461914e-09
yras   = -3.725290298461914e-09 0.000000000000000e+00 -9.999998807907104e-01
zras   = 9.313225746154785e-09 1.000000000000000e+00 0.000000000000000e+00
cras   = -2.380722045898438e+00 5.281082153320312e+00 7.180412292480469e+00
