type      = 1 # LINEAR_RAS_TO_RAS
nxforms   = 1
mean      = 0.0000 0.0000 0.0000
sigma     = 1.0000
1 4 4
1.154788970947266e+00 3.283000085502863e-03 2.272300049662590e-02 1.792479991912842e+00 
1.126199960708618e-02 1.020442962646484e+00 3.572399914264679e-02 -1.499550628662109e+01 
-2.570899948477745e-02 7.327499985694885e-02 1.114323019981384e+00 -3.088435363769531e+01 
0.000000000000000e+00 0.000000000000000e+00 0.000000000000000e+00 1.000000000000000e+00 
src volume info
valid = 1  # volume info valid
filename = /out/sourcedata/freesurfer/sub-v1s5x0050727_ses-1/mri/orig_nu.mgz
volume = 256 256 256
voxelsize = 1.000000000000000e+00 1.000000000000000e+00 1.000000000000000e+00
xras   = -9.999999403953552e-01 9.313225746154785e-09 -3.725290298461914e-09
yras   = -3.725290298461914e-09 0.000000000000000e+00 -9.999998807907104e-01
zras   = 9.313225746154785e-09 1.000000000000000e+00 0.000000000000000e+00
cras   = -2.380722045898438e+00 5.281082153320312e+00 7.180412292480469e+00
dst volume info
valid = 1  # volume info valid
filename = /opt/freesurfer/average/mni305.cor.mgz
volume = 256 256 256
voxelsize = 1.000000000000000e+00 1.000000000000000e+00 1.000000000000000e+00
xras   = -1.000000000000000e+00 0.000000000000000e+00 0.000000000000000e+00
yras   = 0.000000000000000e+00 0.000000000000000e+00 -1.000000000000000e+00
zras   = 0.000000000000000e+00 1.000000000000000e+00 0.000000000000000e+00
cras   = 0.000000000000000e+00 0.000000000000000e+00 0.000000000000000e+00
subject fsaverage
fscale 0.100000
