# transform file transforms/talairach.lta
# created by oesteban on Tue Mar 10 03:57:17 2026

type      = 0 # LINEAR_VOX_TO_VOX
nxforms   = 1
mean      = 128.0000 103.0000 119.0000
sigma     = 10000.0000
1 4 4
1.132254123687744e+00 9.137208573520184e-03 1.610457710921764e-02 -2.119088172912598e+01 
-1.051080320030451e-02 1.215399146080017e+00 -4.122868925333023e-02 4.106653213500977e+00 
-1.848592981696129e-02 4.829232394695282e-02 1.000216245651245e+00 -1.024939250946045e+01 
0.000000000000000e+00 0.000000000000000e+00 0.000000000000000e+00 1.000000000000000e+00 
src volume info
valid = 1  # volume info valid
filename = nu.mgz
volume = 256 256 256
voxelsize = 1.000000000000000e+00 1.000000000000000e+00 1.000000000000000e+00
xras   = -9.999999403953552e-01 9.313225746154785e-09 -3.725290298461914e-09
yras   = -3.725290298461914e-09 0.000000000000000e+00 -9.999998807907104e-01
zras   = 9.313225746154785e-09 1.000000000000000e+00 0.000000000000000e+00
cras   = -2.380722045898438e+00 5.281082153320312e+00 7.180412292480469e+00
dst volume info
valid = 1  # volume info valid
filename = /opt/freesurfer/average/RB_all_2020-01-02.gca
volume = 256 256 256
voxelsize = 1.000000000000000e+00 1.000000000000000e+00 1.000000000000000e+00
xras   = -1.000000000000000e+00 0.000000000000000e+00 0.000000000000000e+00
yras   = 0.000000000000000e+00 0.000000000000000e+00 -1.000000000000000e+00
zras   = 0.000000000000000e+00 1.000000000000000e+00 0.000000000000000e+00
cras   = 0.000000000000000e+00 0.000000000000000e+00 0.000000000000000e+00
