#Insight Transform File V1.0
#Transform 0
Transform: AffineTransform_float_3_3
Parameters: 0.999999 -5.9971e-05 0.00167818 5.48313e-05 0.999996 0.00268539 -0.00167871 -0.00268507 0.999995 -0.0148102 -0.0567194 -0.0144851
FixedParameters: 0 0 0

#Transform 1
Transform: AffineTransform_float_3_3
Parameters: 0.999998 -0.00039503 0.00178675 0.000389445 0.999995 0.00315357 -0.00178854 -0.00315292 0.999994 -0.020915 -0.0586749 0.00824094
FixedParameters: 0 0 0

#Transform 2
Transform: AffineTransform_float_3_3
Parameters: 0.999998 -0.000160983 0.00156484 0.000156015 0.999997 0.00275853 -0.001565 -0.00275785 0.999995 -0.00358001 -0.0780645 -0.0519499
FixedParameters: 0 0 0

#Transform 3
Transform: AffineTransform_float_3_3
Parameters: 0.999998 -0.00020943 0.00150387 0.000205676 0.999997 0.00250073 -0.00150413 -0.00249992 0.999996 -0.003649 -0.0748806 -0.0125999
FixedParameters: 0 0 0

#Transform 4
Transform: AffineTransform_float_3_3
Parameters: 0.999999 -0.000107152 0.0012096 0.000103336 0.999995 0.00341862 -0.00120975 -0.00341816 0.999994 -0.0284982 -0.0423256 0.0129461
FixedParameters: 0 0 0

#Transform 5
Transform: AffineTransform_float_3_3
Parameters: 0.999999 0.000710192 0.00119249 -0.000712716 0.999998 0.00146252 -0.00119153 -0.00146324 0.999998 -0.0408623 -0.00395653 -0.0266368
FixedParameters: 0 0 0

#Transform 6
Transform: AffineTransform_float_3_3
Parameters: 0.999998 0.000585688 0.00153874 -0.000587586 0.999999 0.00126231 -0.00153733 -0.00126405 0.999998 -0.0213116 -0.0821368 -0.0264788
FixedParameters: 0 0 0

#Transform 7
Transform: AffineTransform_float_3_3
Parameters: 1 0.00041712 0.000952778 -0.000417141 1 0.000570545 -0.00095335 -0.000570359 1 -0.0173696 -0.00725465 -0.137954
FixedParameters: 0 0 0

#Transform 8
Transform: AffineTransform_float_3_3
Parameters: 1 0.000159789 0.000972321 -0.000160411 0.999999 0.000883619 -0.000972038 -0.000883897 0.999999 -0.00946434 -0.0568128 -0.0711583
FixedParameters: 0 0 0

#Transform 9
Transform: AffineTransform_float_3_3
Parameters: 0.999999 0.000138291 0.000933947 -0.000138783 1 0.000263229 -0.000933874 -0.000263488 0.999999 -0.00731052 -0.0296137 -0.12542
FixedParameters: 0 0 0

#Transform 10
Transform: AffineTransform_float_3_3
Parameters: 1 1.34281e-05 0.00112863 -1.4053e-05 0.999999 0.000777809 -0.00112856 -0.000778805 0.999999 -0.00805003 -0.0582334 -0.0688305
FixedParameters: 0 0 0

#Transform 11
Transform: AffineTransform_float_3_3
Parameters: 0.999999 0.000134224 0.000881099 -0.000134474 1 0.000141448 -0.000881061 -0.000141685 0.999999 -0.0043918 -0.0281503 -0.115314
FixedParameters: 0 0 0

#Transform 12
Transform: AffineTransform_float_3_3
Parameters: 0.999999 -0.000187799 0.000696096 0.000187853 1 0.000671839 -0.000695353 -0.00067149 0.999999 -0.00532084 -0.0331284 -0.05862
FixedParameters: 0 0 0

#Transform 13
Transform: AffineTransform_float_3_3
Parameters: 0.999999 0.00029005 0.000725277 -0.000290222 1 0.000118748 -0.000725208 -0.000119169 0.999999 0.00124201 -0.107892 -0.0938865
FixedParameters: 0 0 0

#Transform 14
Transform: AffineTransform_float_3_3
Parameters: 1 -3.56909e-05 0.000525785 3.52429e-05 1 0.000426041 -0.000525815 -0.000426004 1 -0.00275381 -0.0189711 -0.0771478
FixedParameters: 0 0 0

#Transform 15
Transform: AffineTransform_float_3_3
Parameters: 1 0.000255501 0.000243631 -0.000255529 1 5.93648e-05 -0.0002436 -5.94892e-05 1 -0.000684651 -0.0583595 -0.07514
FixedParameters: 0 0 0

#Transform 16
Transform: AffineTransform_float_3_3
Parameters: 0.999999 0.000676344 0.000247665 -0.00067634 1 -8.75361e-06 -0.000247677 8.4187e-06 1 -0.0164254 -0.0465913 -0.075537
FixedParameters: 0 0 0

#Transform 17
Transform: AffineTransform_float_3_3
Parameters: 1 0.000263111 0.000248453 -0.000263129 1 -3.48477e-05 -0.000248523 3.5715e-05 1 0.00219694 -0.0266116 -0.0818238
FixedParameters: 0 0 0

#Transform 18
Transform: AffineTransform_float_3_3
Parameters: 1 0.000203721 0.000248932 -0.000203698 1 -4.56991e-05 -0.00024895 4.55977e-05 1 0.00138685 -0.0181998 -0.0746141
FixedParameters: 0 0 0

#Transform 19
Transform: AffineTransform_float_3_3
Parameters: 1 0.000507753 -1.89263e-05 -0.00050776 1 -0.000185522 1.87379e-05 0.000185541 1 0.0083292 -0.0762912 -0.0733455
FixedParameters: 0 0 0

#Transform 20
Transform: AffineTransform_float_3_3
Parameters: 1 -9.18669e-05 0.000228936 9.17131e-05 1 0.00033569 -0.000228998 -0.000335648 1 0.00972515 0.000899656 0.00728196
FixedParameters: 0 0 0

#Transform 21
Transform: AffineTransform_float_3_3
Parameters: 1 0.00025859 0.000254973 -0.000258507 1 -0.000162598 -0.000255058 0.000162466 1 0.00445849 -0.0605357 -0.0966919
FixedParameters: 0 0 0

#Transform 22
Transform: AffineTransform_float_3_3
Parameters: 1 0.000296133 0.000600489 -0.000296261 0.999999 0.000934775 -0.000600007 -0.000935101 1 -0.00781045 -0.00223475 0.0358907
FixedParameters: 0 0 0

#Transform 23
Transform: AffineTransform_float_3_3
Parameters: 1 0.000252405 -0.000602857 -0.000252892 1 -0.000403553 0.000602653 0.000403857 0.999999 0.0110011 -0.0188595 -0.0612586
FixedParameters: 0 0 0

#Transform 24
Transform: AffineTransform_float_3_3
Parameters: 0.999999 0.000247375 -0.00123023 -0.000247691 1 -0.000588678 0.00122999 0.000588322 0.999999 0.0324052 -0.0100103 -0.0579085
FixedParameters: 0 0 0

#Transform 25
Transform: AffineTransform_float_3_3
Parameters: 0.999999 0.000863038 -0.00158051 -0.000864463 1 -0.000820069 0.0015792 0.000820835 0.999999 0.013567 -0.0153927 -0.137147
FixedParameters: 0 0 0

#Transform 26
Transform: AffineTransform_float_3_3
Parameters: 0.999998 0.000645229 -0.00183136 -0.000645921 0.999999 -0.000535735 0.00183077 0.000536133 0.999998 0.01158 0.0541179 -0.0738807
FixedParameters: 0 0 0

#Transform 27
Transform: AffineTransform_float_3_3
Parameters: 0.999998 0.000754216 -0.00181646 -0.000756058 1 -0.000828267 0.00181532 0.000829047 0.999998 0.0188118 -0.0532359 -0.164929
FixedParameters: 0 0 0

#Transform 28
Transform: AffineTransform_float_3_3
Parameters: 0.999997 0.000532699 -0.00225986 -0.00053491 0.999999 -0.00120891 0.00225966 0.00120947 0.999996 0.0347549 -0.00776234 -0.200946
FixedParameters: 0 0 0

#Transform 29
Transform: AffineTransform_float_3_3
Parameters: 0.999998 0.000438302 -0.00188304 -0.000439277 1 -0.000586426 0.00188257 0.00058711 0.999998 0.0260404 -0.0872296 -0.179981
FixedParameters: 0 0 0

#Transform 30
Transform: AffineTransform_float_3_3
Parameters: 0.999999 0.000422062 -0.00177636 -0.000423531 1 -0.00101027 0.00177655 0.00101089 0.999998 0.0135487 -0.0225116 -0.262664
FixedParameters: 0 0 0

#Transform 31
Transform: AffineTransform_float_3_3
Parameters: 0.999998 0.000969235 -0.00188361 -0.000972245 0.999998 -0.00189795 0.00188202 0.00189986 0.999996 -0.0144725 -0.0206657 -0.190854
FixedParameters: 0 0 0

#Transform 32
Transform: AffineTransform_float_3_3
Parameters: 0.999997 0.00123749 -0.00169739 -0.00124092 0.999997 -0.00218128 0.00169399 0.00218273 0.999996 -0.021533 0.0187409 -0.224672
FixedParameters: 0 0 0

#Transform 33
Transform: AffineTransform_float_3_3
Parameters: 0.999998 0.00129081 -0.00187293 -0.00129241 0.999999 -0.00077322 0.00187215 0.00077515 0.999998 0.00604324 -0.0255849 -0.205135
FixedParameters: 0 0 0

#Transform 34
Transform: AffineTransform_float_3_3
Parameters: 0.999998 0.000794824 -0.00184034 -0.000796921 0.999998 -0.00142597 0.00183909 0.00142705 0.999998 -0.0104417 0.0224557 -0.22992
FixedParameters: 0 0 0

#Transform 35
Transform: AffineTransform_float_3_3
Parameters: 0.999999 0.000795045 -0.00129034 -0.000796618 0.999999 -0.0013922 0.0012891 0.00139337 0.999998 -0.0144816 -0.0191323 -0.232225
FixedParameters: 0 0 0

#Transform 36
Transform: AffineTransform_float_3_3
Parameters: 0.999999 0.000816936 -0.00132005 -0.000818034 1 -0.00080333 0.00131979 0.000804577 0.999999 -0.0164057 0.0134592 -0.224852
FixedParameters: 0 0 0

#Transform 37
Transform: AffineTransform_float_3_3
Parameters: 0.999997 0.00143726 -0.00189448 -0.00143947 0.999999 -0.00116199 0.00189236 0.00116457 0.999997 -0.00168169 -0.0722579 -0.269325
FixedParameters: 0 0 0

#Transform 38
Transform: AffineTransform_float_3_3
Parameters: 0.999997 0.00155806 -0.00178903 -0.00156248 0.999996 -0.00209462 0.00178655 0.00209751 0.999997 -0.00594769 0.00166776 -0.257304
FixedParameters: 0 0 0

#Transform 39
Transform: AffineTransform_float_3_3
Parameters: 0.999998 0.00079732 -0.00180662 -0.000799941 0.999998 -0.00159769 0.0018051 0.00159873 0.999997 -0.0116971 0.0197793 -0.197683
FixedParameters: 0 0 0

#Transform 40
Transform: AffineTransform_float_3_3
Parameters: 0.999998 0.000813757 -0.00189454 -0.000816016 0.999999 -0.00116486 0.00189374 0.00116607 0.999997 -0.011416 0.036039 -0.207383
FixedParameters: 0 0 0

#Transform 41
Transform: AffineTransform_float_3_3
Parameters: 0.999997 0.00142716 -0.00187853 -0.00143055 0.999998 -0.00148247 0.00187643 0.00148502 0.999997 -0.00810114 0.0214675 -0.223334
FixedParameters: 0 0 0

#Transform 42
Transform: AffineTransform_float_3_3
Parameters: 0.999997 0.000938179 -0.001863 -0.000941801 0.999998 -0.00179069 0.00186066 0.00179235 0.999996 -0.0166058 0.0261901 -0.17492
FixedParameters: 0 0 0

#Transform 43
Transform: AffineTransform_float_3_3
Parameters: 0.999997 0.000923722 -0.00184376 -0.000927798 0.999998 -0.00217295 0.00184169 0.0021746 0.999996 -0.0159251 -0.0024311 -0.233217
FixedParameters: 0 0 0

#Transform 44
Transform: AffineTransform_float_3_3
Parameters: 0.999998 0.000541373 -0.00186745 -0.000544609 0.999998 -0.00170028 0.00186658 0.00170146 0.999997 -0.0136591 0.0519183 -0.189616
FixedParameters: 0 0 0

#Transform 45
Transform: AffineTransform_float_3_3
Parameters: 0.999998 0.00132297 -0.00184 -0.00132723 0.999996 -0.00225346 0.00183704 0.00225662 0.999996 -0.00273497 -0.0625585 -0.257403
FixedParameters: 0 0 0

#Transform 46
Transform: AffineTransform_float_3_3
Parameters: 0.999998 0.000757667 -0.00187038 -0.000760664 0.999998 -0.00164365 0.00186891 0.00164464 0.999997 -0.0101927 -0.0163614 -0.172739
FixedParameters: 0 0 0

#Transform 47
Transform: AffineTransform_float_3_3
Parameters: 0.999998 0.00124375 -0.00183566 -0.00124727 0.999996 -0.00233868 0.0018329 0.00234058 0.999995 -0.0203376 -0.0104496 -0.291137
FixedParameters: 0 0 0

#Transform 48
Transform: AffineTransform_float_3_3
Parameters: 0.999997 0.00100516 -0.00186563 -0.0010086 0.999998 -0.00173899 0.00186315 0.0017409 0.999997 -0.0107923 -0.0476719 -0.204172
FixedParameters: 0 0 0

#Transform 49
Transform: AffineTransform_float_3_3
Parameters: 0.999998 0.00111926 -0.00186022 -0.00112294 0.999997 -0.0018468 0.00185822 0.00184818 0.999996 -0.000995567 -0.0556206 -0.281499
FixedParameters: 0 0 0

#Transform 50
Transform: AffineTransform_float_3_3
Parameters: 0.999998 0.000853726 -0.0017046 -0.000856558 0.999998 -0.0017147 0.00170264 0.00171676 0.999997 -0.0057994 -0.0582945 -0.223585
FixedParameters: 0 0 0

#Transform 51
Transform: AffineTransform_float_3_3
Parameters: 0.999998 0.000931773 -0.00167193 -0.000934942 0.999998 -0.00184697 0.00167045 0.00184929 0.999997 -0.0111562 -0.0125215 -0.271262
FixedParameters: 0 0 0

#Transform 52
Transform: AffineTransform_float_3_3
Parameters: 0.999999 0.000327049 -0.00180131 -0.000330488 0.999999 -0.00154337 0.00180127 0.00154367 0.999997 -0.00626333 -0.0723958 -0.207144
FixedParameters: 0 0 0

#Transform 53
Transform: AffineTransform_float_3_3
Parameters: 0.999998 0.000587168 -0.00142598 -0.000588662 0.999998 -0.00158023 0.0014251 0.00158106 0.999998 -0.0117466 -0.00190809 -0.250741
FixedParameters: 0 0 0

#Transform 54
Transform: AffineTransform_float_3_3
Parameters: 0.999999 0.000950674 -0.00150432 -0.000953062 0.999998 -0.00149653 0.00150351 0.00149856 0.999998 -0.00970729 -0.0263068 -0.217824
FixedParameters: 0 0 0

#Transform 55
Transform: AffineTransform_float_3_3
Parameters: 0.999998 0.000613019 -0.00149251 -0.000615338 0.999999 -0.00145327 0.00149169 0.00145422 0.999998 -0.0140266 0.00196148 -0.172708
FixedParameters: 0 0 0

#Transform 56
Transform: AffineTransform_float_3_3
Parameters: 0.999997 0.000819259 -0.00231301 -0.000824294 0.999997 -0.0021981 0.00231135 0.00220017 0.999995 -0.000569383 0.00073903 -0.250347
FixedParameters: 0 0 0

#Transform 57
Transform: AffineTransform_float_3_3
Parameters: 0.999997 0.000326837 -0.00229385 -0.000332618 0.999997 -0.00256737 0.00229298 0.00256813 0.999994 0.0326487 0.0555808 -0.166051
FixedParameters: 0 0 0

#Transform 58
Transform: AffineTransform_float_3_3
Parameters: 0.999997 -0.000261722 -0.00227411 0.000255569 0.999996 -0.00286025 0.0022753 0.0028593 0.999994 0.0815447 0.00846409 -0.324292
FixedParameters: 0 0 0

#Transform 59
Transform: AffineTransform_float_3_3
Parameters: 0.999996 -0.000314268 -0.00278509 0.000305436 0.999995 -0.00300812 0.00278561 0.0030076 0.999991 0.0628941 0.0563284 -0.24881
FixedParameters: 0 0 0

#Transform 60
Transform: AffineTransform_float_3_3
Parameters: 0.999995 0.000535366 -0.00319991 -0.000545911 0.999995 -0.00308727 0.00319837 0.00308913 0.99999 0.0655863 0.0367476 -0.345745
FixedParameters: 0 0 0

#Transform 61
Transform: AffineTransform_float_3_3
Parameters: 0.999995 7.72185e-05 -0.00327002 -8.28765e-05 0.999998 -0.00170326 0.00326967 0.00170394 0.999993 0.0694182 0.02246 -0.226858
FixedParameters: 0 0 0

#Transform 62
Transform: AffineTransform_float_3_3
Parameters: 0.999996 -0.00162313 -0.00252403 0.00162219 0.999998 -0.000635392 0.00252602 0.000631263 0.999996 0.0647184 0.0502611 -0.284666
FixedParameters: 0 0 0

#Transform 63
Transform: AffineTransform_float_3_3
Parameters: 0.999995 -0.00127635 -0.00273517 0.00128643 0.999994 0.00337709 0.00273098 -0.00338116 0.99999 0.0493174 -0.0481125 -0.213963
FixedParameters: 0 0 0

#Transform 64
Transform: AffineTransform_float_3_3
Parameters: 0.999999 -0.00107516 -0.000656892 0.00107646 0.999998 0.00193912 0.00065459 -0.00193947 0.999998 0.0784305 0.0407884 -0.214678
FixedParameters: 0 0 0

#Transform 65
Transform: AffineTransform_float_3_3
Parameters: 0.999996 -0.0024391 0.00146424 0.00242992 0.999977 0.00627607 -0.00147967 -0.00627274 0.999979 0.0909623 0.0144045 -0.29044
FixedParameters: 0 0 0

#Transform 66
Transform: AffineTransform_float_3_3
Parameters: 0.999998 -0.00213123 0.000576585 0.00212821 0.999989 0.00436618 -0.000586592 -0.00436415 0.99999 0.0532964 0.0166457 -0.223197
FixedParameters: 0 0 0

#Transform 67
Transform: AffineTransform_float_3_3
Parameters: 0.999998 -0.000377889 -0.00163814 0.0003813 0.999999 0.00169143 0.00163766 -0.0016917 0.999997 0.0525242 -0.00547929 -0.413122
FixedParameters: 0 0 0

#Transform 68
Transform: AffineTransform_float_3_3
Parameters: 0.999997 -0.000751228 -0.0026305 0.000752593 0.999999 0.000383056 0.00262982 -0.000385062 0.999997 -0.00720354 0.0772431 -0.327979
FixedParameters: 0 0 0

#Transform 69
Transform: AffineTransform_float_3_3
Parameters: 0.999995 -0.000705022 -0.00292764 0.000710269 0.999999 0.00155244 0.00292627 -0.00155469 0.999994 0.0372473 -0.0342238 -0.329428
FixedParameters: 0 0 0

#Transform 70
Transform: AffineTransform_float_3_3
Parameters: 0.999996 -0.0014273 -0.00248137 0.00143202 0.999997 0.00195355 0.00247854 -0.00195769 0.999995 0.0413632 0.0265266 -0.273699
FixedParameters: 0 0 0

#Transform 71
Transform: AffineTransform_float_3_3
Parameters: 0.999996 -0.00041552 -0.00279254 0.000420809 0.999999 0.00162901 0.00279206 -0.00163045 0.999995 0.0516166 -0.009858 -0.309579
FixedParameters: 0 0 0

#Transform 72
Transform: AffineTransform_float_3_3
Parameters: 0.999996 -0.000923317 -0.00244659 0.000929187 0.999997 0.00224009 0.00244513 -0.00224166 0.999994 0.0230505 -0.00775337 -0.167519
FixedParameters: 0 0 0

#Transform 73
Transform: AffineTransform_float_3_3
Parameters: 0.999998 -0.000661723 -0.00153592 0.000667301 0.999993 0.00365235 0.00153351 -0.00365345 0.999992 0.0217834 0.00855495 -0.103489
FixedParameters: 0 0 0

#Transform 74
Transform: AffineTransform_float_3_3
Parameters: 0.999999 -0.000623347 -0.00137286 0.000627277 0.999993 0.00344804 0.00137106 -0.00344881 0.999993 0.0388895 -0.0352274 -0.16711
FixedParameters: 0 0 0

#Transform 75
Transform: AffineTransform_float_3_3
Parameters: 0.999999 -0.00113013 -0.00142828 0.00113684 0.99999 0.00445478 0.00142341 -0.00445593 0.999989 0.0409754 0.079389 -0.114815
FixedParameters: 0 0 0

#Transform 76
Transform: AffineTransform_float_3_3
Parameters: 0.999998 -0.0011563 -0.00174653 0.00116249 0.999993 0.00368746 0.00174243 -0.00368949 0.999992 0.0514308 -0.0421322 -0.147801
FixedParameters: 0 0 0

#Transform 77
Transform: AffineTransform_float_3_3
Parameters: 0.999997 -0.00144178 -0.0016576 0.00144899 0.99999 0.00428817 0.00165051 -0.00429089 0.999989 0.0497751 -0.0376802 -0.171872
FixedParameters: 0 0 0

#Transform 78
Transform: AffineTransform_float_3_3
Parameters: 0.999998 -0.00114923 -0.00140157 0.00115438 0.999992 0.00394479 0.00139679 -0.00394597 0.999992 0.0499006 -0.0322988 -0.202145
FixedParameters: 0 0 0

#Transform 79
Transform: AffineTransform_float_3_3
Parameters: 0.999997 -0.00156036 -0.0014422 0.00156769 0.999987 0.00466941 0.00143474 -0.00467172 0.999988 0.0607352 -0.0536825 -0.190422
FixedParameters: 0 0 0

#Transform 80
Transform: AffineTransform_float_3_3
Parameters: 0.999998 -0.000736493 -0.00146972 0.000742411 0.999991 0.003969 0.00146621 -0.00397024 0.999991 0.0690518 -0.0851128 -0.237307
FixedParameters: 0 0 0

#Transform 81
Transform: AffineTransform_float_3_3
Parameters: 0.999997 -0.00157168 -0.00145179 0.00157852 0.999987 0.00484863 0.00144459 -0.004851 0.999988 0.0513734 0.0393372 -0.166406
FixedParameters: 0 0 0

#Transform 82
Transform: AffineTransform_float_3_3
Parameters: 0.999998 -0.000786166 -0.00160658 0.000794268 0.999988 0.00476221 0.00160215 -0.0047628 0.999987 0.0763301 -0.0772707 -0.219932
FixedParameters: 0 0 0

#Transform 83
Transform: AffineTransform_float_3_3
Parameters: 0.999998 -0.00120083 -0.00123551 0.00120714 0.999986 0.00515875 0.00122903 -0.00515959 0.999986 0.0562731 0.00772795 -0.12587
FixedParameters: 0 0 0

#Transform 84
Transform: AffineTransform_float_3_3
Parameters: 0.999998 -0.00112759 -0.00156985 0.00113481 0.999989 0.00451941 0.0015649 -0.0045219 0.999988 0.0637134 0.00213268 -0.211359
FixedParameters: 0 0 0

#Transform 85
Transform: AffineTransform_float_3_3
Parameters: 0.999997 -0.00115984 -0.00187472 0.00116873 0.999989 0.00450454 0.00186939 -0.00450689 0.999988 0.0629693 -0.00327008 -0.111716
FixedParameters: 0 0 0

#Transform 86
Transform: AffineTransform_float_3_3
Parameters: 0.999998 -0.00150854 -0.00171257 0.00151603 0.999989 0.00452504 0.00170618 -0.00452808 0.999988 0.0789791 -0.0205668 -0.211951
FixedParameters: 0 0 0

#Transform 87
Transform: AffineTransform_float_3_3
Parameters: 0.999997 -0.000825428 -0.00216075 0.000835801 0.99999 0.00447817 0.00215648 -0.00447988 0.999987 0.117207 -0.0207312 -0.220679
FixedParameters: 0 0 0

#Transform 88
Transform: AffineTransform_float_3_3
Parameters: 0.999997 -0.00156786 -0.00183137 0.00157643 0.999987 0.00486951 0.00182416 -0.00487213 0.999986 0.103446 -0.0230913 -0.248658
FixedParameters: 0 0 0

#Transform 89
Transform: AffineTransform_float_3_3
Parameters: 0.999995 -0.00142672 -0.00283507 0.00145238 0.999959 0.00894918 0.00282218 -0.00895342 0.999956 0.108499 -0.0374997 -0.124274
FixedParameters: 0 0 0

#Transform 90
Transform: AffineTransform_float_3_3
Parameters: 0.999998 -0.000879568 -0.00156108 0.00089071 0.999973 0.007358 0.00155405 -0.00735977 0.999972 0.101285 -0.054388 -0.22244
FixedParameters: 0 0 0

#Transform 91
Transform: AffineTransform_float_3_3
Parameters: 0.999998 -0.000752352 -0.00153408 0.000763367 0.999975 0.00701632 0.00152858 -0.00701767 0.999975 0.100462 -0.069675 -0.169701
FixedParameters: 0 0 0

#Transform 92
Transform: AffineTransform_float_3_3
Parameters: 0.999998 -0.00142675 -0.00143863 0.00143734 0.999974 0.00701775 0.00142874 -0.00701958 0.999974 0.0739701 0.0635848 -0.171477
FixedParameters: 0 0 0

#Transform 93
Transform: AffineTransform_float_3_3
Parameters: 0.999999 -0.000590847 -0.0013961 0.000599256 0.999983 0.00576136 0.00139303 -0.00576204 0.999982 0.0804971 0.0462176 -0.252219
FixedParameters: 0 0 0

#Transform 94
Transform: AffineTransform_float_3_3
Parameters: 0.999998 -0.000823585 -0.0018356 0.000834076 0.999983 0.00574654 0.00183081 -0.00574766 0.999982 0.0934848 0.017351 -0.169553
FixedParameters: 0 0 0

#Transform 95
Transform: AffineTransform_float_3_3
Parameters: 0.999998 -0.000813522 -0.0019405 0.000824966 0.999982 0.00599123 0.00193527 -0.00599253 0.999981 0.106163 -0.00646559 -0.276276
FixedParameters: 0 0 0

#Transform 96
Transform: AffineTransform_float_3_3
Parameters: 0.999997 -0.00082068 -0.00225106 0.000832867 0.999983 0.00572476 0.00224625 -0.00572668 0.999981 0.110263 -0.0231567 -0.263305
FixedParameters: 0 0 0

#Transform 97
Transform: AffineTransform_float_3_3
Parameters: 0.999997 -0.000820033 -0.0023369 0.000833286 0.999983 0.00572028 0.00233218 -0.00572233 0.999981 0.108822 0.0291214 -0.269384
FixedParameters: 0 0 0

#Transform 98
Transform: AffineTransform_float_3_3
Parameters: 0.999997 -0.000824104 -0.00227311 0.000836113 0.999984 0.00562954 0.0022685 -0.0056315 0.999981 0.109065 -0.0304646 -0.293621
FixedParameters: 0 0 0

#Transform 99
Transform: AffineTransform_float_3_3
Parameters: 0.999996 -0.0012552 -0.00264223 0.00126849 0.999987 0.00499552 0.00263658 -0.00499926 0.999984 0.093653 -0.005395 -0.221846
FixedParameters: 0 0 0

#Transform 100
Transform: AffineTransform_float_3_3
Parameters: 0.999997 -0.000859946 -0.00237395 0.000870748 0.999988 0.00481688 0.00236971 -0.00481917 0.999985 0.101373 -0.00469013 -0.311955
FixedParameters: 0 0 0

#Transform 101
Transform: AffineTransform_float_3_3
Parameters: 0.999996 -0.00125232 -0.00245918 0.00126513 0.999987 0.00511328 0.00245319 -0.0051165 0.999984 0.0627069 -0.0283293 -0.0935573
FixedParameters: 0 0 0

#Transform 102
Transform: AffineTransform_float_3_3
Parameters: 0.999998 -0.00115848 -0.00121065 0.00116402 0.999987 0.00490104 0.00120528 -0.00490172 0.999988 0.0577501 0.0482474 -0.185583
FixedParameters: 0 0 0

#Transform 103
Transform: AffineTransform_float_3_3
Parameters: 0.999998 -0.00197181 -0.000892865 0.00197753 0.999974 0.00682129 0.000879334 -0.00682224 0.999976 0.117639 -0.0198282 -0.0436209
FixedParameters: 0 0 0

#Transform 104
Transform: AffineTransform_float_3_3
Parameters: 0.999998 -0.0018011 0.000139504 0.00180071 0.999981 0.00579889 -0.000149438 -0.0057977 0.999983 0.0534857 0.0858306 -0.0622061
FixedParameters: 0 0 0

#Transform 105
Transform: AffineTransform_float_3_3
Parameters: 0.999998 -0.00114331 -0.00164053 0.00115298 0.999984 0.00553632 0.00163474 -0.00553898 0.999983 0.100953 -0.0496474 -0.0967965
FixedParameters: 0 0 0

#Transform 106
Transform: AffineTransform_float_3_3
Parameters: 0.999999 -0.00161024 -0.000330232 0.00161232 0.999984 0.00544844 0.000320709 -0.00544908 0.999986 0.057175 0.0774522 0.0170892
FixedParameters: 0 0 0

#Transform 107
Transform: AffineTransform_float_3_3
Parameters: 0.999998 -0.00209208 0.00021069 0.0020917 0.99998 0.00596461 -0.000222649 -0.00596389 0.999982 0.0494768 0.027314 0.0842987
FixedParameters: 0 0 0

#Transform 108
Transform: AffineTransform_float_3_3
Parameters: 0.999999 -0.00142052 8.62475e-05 0.00142011 0.999985 0.00528522 -9.41716e-05 -0.00528553 0.999986 0.0749768 0.000995617 -0.00110179
FixedParameters: 0 0 0

#Transform 109
Transform: AffineTransform_float_3_3
Parameters: 0.999999 -0.00170217 -0.000374532 0.00170355 0.999987 0.00468881 0.000365839 -0.00468873 0.999989 0.0544883 0.0880865 0.101128
FixedParameters: 0 0 0

#Transform 110
Transform: AffineTransform_float_3_3
Parameters: 0.999999 -0.00143937 -0.000146326 0.00144054 0.999988 0.00470149 0.000139044 -0.00470154 0.999989 0.0593921 0.0630537 -0.0523954
FixedParameters: 0 0 0

#Transform 111
Transform: AffineTransform_float_3_3
Parameters: 0.999998 -0.00180442 -0.000451967 0.00180653 0.999987 0.00488979 0.000443554 -0.00489096 0.999988 0.0594314 0.0206916 0.0748239
FixedParameters: 0 0 0

#Transform 112
Transform: AffineTransform_float_3_3
Parameters: 0.999999 -0.00136318 0.000484425 0.00136075 0.999989 0.00450447 -0.000490315 -0.0045037 0.99999 0.0464492 0.0125021 0.0173301
FixedParameters: 0 0 0

#Transform 113
Transform: AffineTransform_float_3_3
Parameters: 0.999999 -0.00118354 -0.0010257 0.00118926 0.999988 0.00488561 0.00101925 -0.00488688 0.999987 0.0843375 -0.0305913 -0.0728537
FixedParameters: 0 0 0

#Transform 114
Transform: AffineTransform_float_3_3
Parameters: 0.999999 -0.00154421 -0.00065004 0.00154747 0.999986 0.00506742 0.0006425 -0.00506807 0.999987 0.0618288 0.0316132 -0.0229599
FixedParameters: 0 0 0

#Transform 115
Transform: AffineTransform_float_3_3
Parameters: 0.999999 -0.00129223 -0.000524152 0.00129411 0.999987 0.00506506 0.000518113 -0.00506512 0.999987 0.0781334 0.0289937 -0.0798894
FixedParameters: 0 0 0

#Transform 116
Transform: AffineTransform_float_3_3
Parameters: 0.999997 -0.00230856 -0.000612977 0.00231157 0.999983 0.0054413 0.000599925 -0.00544354 0.999985 0.0770823 0.0286788 0.0193473
FixedParameters: 0 0 0

#Transform 117
Transform: AffineTransform_float_3_3
Parameters: 0.999999 -0.00157841 -0.000170639 0.00157971 0.999985 0.00537057 0.00016278 -0.00537059 0.999985 0.0631269 0.00288523 -0.0811234
FixedParameters: 0 0 0

#Transform 118
Transform: AffineTransform_float_3_3
Parameters: 0.999998 -0.00191288 -0.000254611 0.00191403 0.999984 0.00528795 0.000244473 -0.00528839 0.999986 0.0621351 -0.021078 -0.0192753
FixedParameters: 0 0 0

#Transform 119
Transform: AffineTransform_float_3_3
Parameters: 0.999998 -0.00190816 0.000368204 0.00190546 0.999982 0.00557142 -0.000378326 -0.00557131 0.999984 0.0696409 0.0545064 -0.0627952
FixedParameters: 0 0 0

#Transform 120
Transform: AffineTransform_float_3_3
Parameters: 0.999998 -0.0021892 -5.23173e-05 0.00218883 0.999979 0.00609332 3.85139e-05 -0.00609282 0.999981 0.0819623 0.0218107 -0.0237719
FixedParameters: 0 0 0

#Transform 121
Transform: AffineTransform_float_3_3
Parameters: 0.999998 -0.00189157 0.000329472 0.00188863 0.99998 0.00603571 -0.000340431 -0.00603472 0.999982 0.0842326 -0.0448089 -0.0831966
FixedParameters: 0 0 0

#Transform 122
Transform: AffineTransform_float_3_3
Parameters: 0.999997 -0.00245211 0.000209469 0.00245042 0.999978 0.00625421 -0.000224168 -0.00625422 0.99998 0.0787713 0.00651763 -0.0188699
FixedParameters: 0 0 0

#Transform 123
Transform: AffineTransform_float_3_3
Parameters: 0.999998 -0.00201752 0.000638911 0.00201364 0.999979 0.00620616 -0.000651025 -0.00620468 0.999981 0.0732728 -0.0360025 -0.0902534
FixedParameters: 0 0 0

#Transform 124
Transform: AffineTransform_float_3_3
Parameters: 0.999997 -0.00218937 0.000369961 0.00218761 0.999977 0.00634143 -0.00038389 -0.00634089 0.99998 0.059788 0.0143663 -0.0281944
FixedParameters: 0 0 0

#Transform 125
Transform: AffineTransform_float_3_3
Parameters: 0.999999 -0.00101818 0.000895227 0.00101037 0.999963 0.00849936 -0.000903845 -0.0084987 0.999963 0.0229156 -0.0161573 -0.0242989
FixedParameters: 0 0 0

#Transform 126
Transform: AffineTransform_float_3_3
Parameters: 0.999998 -0.00185421 0.00121294 0.0018425 0.999956 0.00924084 -0.00123077 -0.00923894 0.999957 0.0722382 -0.113799 0.0500483
FixedParameters: 0 0 0

#Transform 127
Transform: AffineTransform_float_3_3
Parameters: 0.999997 -0.00188911 0.00156059 0.0018757 0.999964 0.00833372 -0.00157699 -0.00833147 0.999964 0.0655339 -0.0307428 0.0149799
FixedParameters: 0 0 0

#Transform 128
Transform: AffineTransform_float_3_3
Parameters: 0.999997 -0.00212508 0.00103763 0.00211592 0.999953 0.00945013 -0.00105845 -0.00944816 0.999954 0.085414 -0.00826407 -0.0331582
FixedParameters: 0 0 0

#Transform 129
Transform: AffineTransform_float_3_3
Parameters: 0.999997 -0.00215329 0.00132859 0.00214104 0.999957 0.00908092 -0.00134811 -0.0090776 0.999959 0.0834924 0.0149204 -0.00340095
FixedParameters: 0 0 0

#Transform 130
Transform: AffineTransform_float_3_3
Parameters: 0.999997 -0.00204619 0.0011899 0.00203465 0.999955 0.00929694 -0.00120851 -0.00929451 0.999956 0.105378 -0.0502326 0.0184956
FixedParameters: 0 0 0

#Transform 131
Transform: AffineTransform_float_3_3
Parameters: 0.999997 -0.00200728 0.00156777 0.00199313 0.999956 0.00922445 -0.00158626 -0.00922051 0.999956 0.0870631 -0.0504104 0.00271771
FixedParameters: 0 0 0

#Transform 132
Transform: AffineTransform_float_3_3
Parameters: 0.999997 -0.00194406 0.00131004 0.00193195 0.999958 0.00886958 -0.00132679 -0.00886703 0.999959 0.0997069 -0.0176206 0.00643946
FixedParameters: 0 0 0

#Transform 133
Transform: AffineTransform_float_3_3
Parameters: 0.999997 -0.00221598 0.00140424 0.00220345 0.999957 0.00905928 -0.00142369 -0.00905636 0.999958 0.103589 0.00477599 0.0178496
FixedParameters: 0 0 0

#Transform 134
Transform: AffineTransform_float_3_3
Parameters: 0.999996 -0.00221722 0.00115646 0.00220744 0.999958 0.00893586 -0.00117646 -0.00893315 0.99996 0.10458 -0.0102124 0.0491902
FixedParameters: 0 0 0

#Transform 135
Transform: AffineTransform_float_3_3
Parameters: 0.999997 -0.00222685 0.00127458 0.00221588 0.99996 0.00869401 -0.00129445 -0.0086908 0.999961 0.0914417 -0.00410138 0.0157292
FixedParameters: 0 0 0

#Transform 136
Transform: AffineTransform_float_3_3
Parameters: 0.999997 -0.00222601 0.000746273 0.00221957 0.999961 0.00853641 -0.00076544 -0.00853473 0.999963 0.102995 -0.0351688 0.073199
FixedParameters: 0 0 0

#Transform 137
Transform: AffineTransform_float_3_3
Parameters: 0.999997 -0.00207342 0.00107455 0.00206445 0.999964 0.00819553 -0.00109145 -0.00819274 0.999965 0.0914472 -0.0030115 -0.0188903
FixedParameters: 0 0 0

#Transform 138
Transform: AffineTransform_float_3_3
Parameters: 0.999996 -0.0024275 0.000739522 0.00242071 0.999959 0.00869885 -0.000759996 -0.00869674 0.999962 0.0976683 0.0624052 0.0756263
FixedParameters: 0 0 0

#Transform 139
Transform: AffineTransform_float_3_3
Parameters: 0.999997 -0.00221553 0.00103301 0.00220695 0.999958 0.00894122 -0.00105301 -0.0089391 0.99996 0.102427 0.0285394 0.000994524
FixedParameters: 0 0 0

#Transform 140
Transform: AffineTransform_float_3_3
Parameters: 0.999998 -0.00221099 0.000621185 0.00220578 0.999958 0.00892802 -0.000641056 -0.00892686 0.99996 0.115189 0.0173651 0.0252298
FixedParameters: 0 0 0

#Transform 141
Transform: AffineTransform_float_3_3
Parameters: 0.999998 -0.00203039 0.000854607 0.00202197 0.999954 0.00937065 -0.000873326 -0.00936973 0.999956 0.117239 0.049896 -0.0374954
FixedParameters: 0 0 0

#Transform 142
Transform: AffineTransform_float_3_3
Parameters: 0.999998 -0.00221573 0.000502491 0.002212 0.999959 0.00875049 -0.000521652 -0.0087489 0.999962 0.109055 0.0577611 0.0561937
FixedParameters: 0 0 0

#Transform 143
Transform: AffineTransform_float_3_3
Parameters: 0.999997 -0.00222098 0.000971584 0.00221303 0.999959 0.00876075 -0.000990794 -0.00875793 0.999961 0.116531 -0.00041821 0.0043941
FixedParameters: 0 0 0

#Transform 144
Transform: AffineTransform_float_3_3
Parameters: 0.999996 -0.00249094 0.00103375 0.00248156 0.999958 0.00887638 -0.00105621 -0.0088736 0.99996 0.0859892 0.0152029 0.0732469
FixedParameters: 0 0 0

#Transform 145
Transform: AffineTransform_float_3_3
Parameters: 0.999997 -0.00222867 0.00105317 0.00221985 0.999961 0.00856498 -0.00107244 -0.00856282 0.999962 0.0874683 0.0236744 0.0378819
FixedParameters: 0 0 0

#Transform 146
Transform: AffineTransform_float_3_3
Parameters: 0.999996 -0.00268588 0.00103471 0.00267671 0.999958 0.00882261 -0.00105823 -0.00882031 0.999961 0.0789 0.0903948 0.146223
FixedParameters: 0 0 0

#Transform 147
Transform: AffineTransform_float_3_3
Parameters: 0.999997 -0.00224853 0.000937332 0.0022406 0.999964 0.00823884 -0.000956386 -0.00823627 0.999966 0.105681 0.0165157 0.0451569
FixedParameters: 0 0 0

#Transform 148
Transform: AffineTransform_float_3_3
Parameters: 0.999995 -0.0024897 0.00165505 0.00247454 0.999954 0.00931361 -0.00167879 -0.00930946 0.999955 0.0758368 0.0268484 0.135048
FixedParameters: 0 0 0

#Transform 149
Transform: AffineTransform_float_3_3
Parameters: 0.999996 -0.00229342 0.00101044 0.00228574 0.999965 0.00806408 -0.0010283 -0.008061 0.999967 0.0980665 0.00178827 0.0650154
FixedParameters: 0 0 0

#Transform 150
Transform: AffineTransform_float_3_3
Parameters: 0.999997 -0.00231579 0.00115002 0.00230632 0.999958 0.00888911 -0.00117142 -0.0088862 0.999959 0.0722126 0.0637404 0.177382
FixedParameters: 0 0 0

#Transform 151
Transform: AffineTransform_float_3_3
Parameters: 0.999996 -0.00240897 0.00148558 0.00239662 0.99996 0.00864808 -0.00150622 -0.0086452 0.999962 0.0824592 0.00595959 0.052732
FixedParameters: 0 0 0

#Transform 152
Transform: AffineTransform_float_3_3
Parameters: 0.999995 -0.00280238 0.00163073 0.00278755 0.999955 0.00911175 -0.00165692 -0.0091076 0.999957 0.0633456 0.0382063 0.192341
FixedParameters: 0 0 0

#Transform 153
Transform: AffineTransform_float_3_3
Parameters: 0.999996 -0.00219788 0.00156023 0.00218403 0.999956 0.00917819 -0.001581 -0.00917463 0.999957 0.079024 0.0427306 0.0735821
FixedParameters: 0 0 0

#Transform 154
Transform: AffineTransform_float_3_3
Parameters: 0.999991 -0.0037078 0.00222447 0.00368534 0.999943 0.0100337 -0.00226201 -0.0100253 0.999947 0.0834097 0.073193 0.264445
FixedParameters: 0 0 0

#Transform 155
Transform: AffineTransform_float_3_3
Parameters: 0.999983 -0.00515974 0.002778 0.00513594 0.99995 0.00859374 -0.00282303 -0.0085797 0.999959 0.118015 0.0413248 0.0645321
FixedParameters: 0 0 0

#Transform 156
Transform: AffineTransform_float_3_3
Parameters: 0.999986 -0.00486824 0.00210864 0.00484895 0.999945 0.00930344 -0.00215341 -0.00929351 0.999955 0.114081 0.0579612 0.191968
FixedParameters: 0 0 0

#Transform 157
Transform: AffineTransform_float_3_3
Parameters: 0.999984 -0.00491662 0.00259026 0.0048926 0.999946 0.0091379 -0.00263606 -0.00912505 0.999955 0.117227 0.102263 0.0582731
FixedParameters: 0 0 0

#Transform 158
Transform: AffineTransform_float_3_3
Parameters: 0.999984 -0.00520598 0.00203537 0.00518771 0.999949 0.00875104 -0.0020813 -0.00873956 0.99996 0.124464 0.0416611 0.116348
FixedParameters: 0 0 0

#Transform 159
Transform: AffineTransform_float_3_3
Parameters: 0.999984 -0.00513527 0.00211069 0.00511538 0.999944 0.0092186 -0.00215741 -0.00920743 0.999955 0.121641 0.0945243 0.0821933
FixedParameters: 0 0 0

#Transform 160
Transform: AffineTransform_float_3_3
Parameters: 0.99999 -0.0041636 0.00140638 0.00414927 0.999941 0.010028 -0.00144816 -0.0100223 0.999949 0.0656836 -0.0439166 0.0287687
FixedParameters: 0 0 0

#Transform 161
Transform: AffineTransform_float_3_3
Parameters: 0.999994 -0.00313141 0.000895597 0.00312617 0.999978 0.0058664 -0.000913956 -0.00586353 0.999982 0.091747 0.0316927 0.18737
FixedParameters: 0 0 0

#Transform 162
Transform: AffineTransform_float_3_3
Parameters: 0.99999 -0.00427811 0.00165559 0.00426517 0.99996 0.00787846 -0.00168883 -0.00787084 0.999967 0.138128 0.00325563 0.0743648
FixedParameters: 0 0 0

#Transform 163
Transform: AffineTransform_float_3_3
Parameters: 0.999987 -0.00472197 0.0020751 0.00470316 0.99995 0.00875266 -0.00211571 -0.008743 0.99996 0.127665 0.107981 0.0416351
FixedParameters: 0 0 0

#Transform 164
Transform: AffineTransform_float_3_3
Parameters: 0.999988 -0.00447283 0.00171336 0.00446146 0.99997 0.00633364 -0.00174109 -0.00632628 0.999979 0.157011 0.0339311 -0.0186251
FixedParameters: 0 0 0

#Transform 165
Transform: AffineTransform_float_3_3
Parameters: 0.999989 -0.0043218 0.00160232 0.00431075 0.999967 0.00683487 -0.00163182 -0.00682792 0.999976 0.160003 0.00917009 -0.0268876
FixedParameters: 0 0 0

#Transform 166
Transform: AffineTransform_float_3_3
Parameters: 0.999987 -0.00469457 0.00195243 0.0046801 0.999962 0.00743186 -0.00198752 -0.00742299 0.99997 0.151 0.015 0.0648474
FixedParameters: 0 0 0

#Transform 167
Transform: AffineTransform_float_3_3
Parameters: 0.999988 -0.00427577 0.00244879 0.00425811 0.999964 0.00727001 -0.00248026 -0.00725969 0.99997 0.153676 -0.0541966 -0.0252074
FixedParameters: 0 0 0

#Transform 168
Transform: AffineTransform_float_3_3
Parameters: 0.999986 -0.00476161 0.00239181 0.00474146 0.999955 0.0082097 -0.00243051 -0.00819797 0.999963 0.164446 0.0283199 0.0546064
FixedParameters: 0 0 0

#Transform 169
Transform: AffineTransform_float_3_3
Parameters: 0.999986 -0.00476539 0.00239814 0.00474578 0.999956 0.00809696 -0.00243675 -0.0080852 0.999964 0.163045 0.0254967 0.0183293
FixedParameters: 0 0 0

#Transform 170
Transform: AffineTransform_float_3_3
Parameters: 0.999986 -0.00481189 0.00223064 0.00479656 0.999967 0.00663713 -0.00226233 -0.00662631 0.999975 0.142275 0.104393 0.0895353
FixedParameters: 0 0 0

#Transform 171
Transform: AffineTransform_float_3_3
Parameters: 0.999991 -0.00387108 0.00161624 0.00386182 0.999978 0.00531125 -0.00163732 -0.00530531 0.999985 0.164642 -0.0241197 -0.0396323
FixedParameters: 0 0 0

#Transform 172
Transform: AffineTransform_float_3_3
Parameters: 0.999988 -0.00442656 0.00202465 0.00441371 0.999972 0.00603953 -0.00205098 -0.00603065 0.999979 0.150204 0.0542443 0.0572607
FixedParameters: 0 0 0

#Transform 173
Transform: AffineTransform_float_3_3
Parameters: 0.999989 -0.00430505 0.00180209 0.00429382 0.999973 0.00602252 -0.00182894 -0.00601519 0.99998 0.150026 0.0179136 -0.0178334
FixedParameters: 0 0 0

#Transform 174
Transform: AffineTransform_float_3_3
Parameters: 0.999988 -0.0047052 0.00159842 0.00469639 0.999974 0.0054982 -0.0016238 -0.00549032 0.999983 0.147912 0.0505831 0.0756015
FixedParameters: 0 0 0

#Transform 175
Transform: AffineTransform_float_3_3
Parameters: 0.999987 -0.00473481 0.00186927 0.00472561 0.999978 0.00468564 -0.00189193 -0.0046774 0.999987 0.121527 0.0749781 0.10252
FixedParameters: 0 0 0

#Transform 176
Transform: AffineTransform_float_3_3
Parameters: 0.999991 -0.00405518 0.00152998 0.00404757 0.999981 0.00455379 -0.00154757 -0.00454707 0.999989 0.137012 0.00929487 0.0722359
FixedParameters: 0 0 0

#Transform 177
Transform: AffineTransform_float_3_3
Parameters: 0.999989 -0.00455048 0.00126605 0.00454507 0.999979 0.00458383 -0.00128637 -0.00457786 0.999989 0.131143 0.038612 0.102296
FixedParameters: 0 0 0

#Transform 178
Transform: AffineTransform_float_3_3
Parameters: 0.999992 -0.00387231 0.000435085 0.00387021 0.999982 0.00459374 -0.000452708 -0.00459226 0.999989 0.147621 -0.0507029 -0.0617029
FixedParameters: 0 0 0

#Transform 179
Transform: AffineTransform_float_3_3
Parameters: 0.99999 -0.00458391 0.000615106 0.00458132 0.99998 0.00454369 -0.000635472 -0.0045407 0.99999 0.142807 0.00792104 0.0277509
FixedParameters: 0 0 0

#Transform 180
Transform: AffineTransform_float_3_3
Parameters: 0.99999 -0.00457663 0.000667901 0.00457318 0.999979 0.00476384 -0.000689238 -0.00476132 0.999989 0.137241 0.054851 0.0121944
FixedParameters: 0 0 0

#Transform 181
Transform: AffineTransform_float_3_3
Parameters: 0.999989 -0.00457542 0.000206029 0.00457432 0.999978 0.00469489 -0.000226894 -0.00469367 0.999989 0.143335 0.0211035 0.119038
FixedParameters: 0 0 0

#Transform 182
Transform: AffineTransform_float_3_3
Parameters: 0.999989 -0.00458304 0.000879844 0.00457892 0.999979 0.00462759 -0.000901903 -0.00462318 0.999989 0.136043 0.0590954 -0.0317654
FixedParameters: 0 0 0

#Transform 183
Transform: AffineTransform_float_3_3
Parameters: 0.99999 -0.00458636 0.000707137 0.00458315 0.999979 0.00449178 -0.000727993 -0.004489 0.99999 0.139404 0.0457772 0.035911
FixedParameters: 0 0 0

#Transform 184
Transform: AffineTransform_float_3_3
Parameters: 0.999989 -0.00459344 0.000896454 0.00458986 0.99998 0.00433026 -0.000916758 -0.00432674 0.99999 0.137597 0.0486241 0.023105
FixedParameters: 0 0 0

#Transform 185
Transform: AffineTransform_float_3_3
Parameters: 0.999989 -0.0044891 0.000839408 0.00448541 0.999981 0.00412475 -0.000858057 -0.00412003 0.999991 0.136678 0.0166382 -0.0265214
FixedParameters: 0 0 0

#Transform 186
Transform: AffineTransform_float_3_3
Parameters: 0.999988 -0.00470538 0.000874236 0.00470224 0.999982 0.00375188 -0.00089192 -0.0037485 0.999993 0.130321 0.0390769 0.0680653
FixedParameters: 0 0 0

#Transform 187
Transform: AffineTransform_float_3_3
