# transform file /out/sourcedata/freesurfer/sub-v1s5x0050747_ses-1/mri/transforms/cc_up.lta
# created by oesteban on Tue Mar 10 06:23:45 2026

type      = 0 # LINEAR_VOX_TO_VOX
nxforms   = 1
mean      = 128.0000 107.0000 120.0000
sigma     = 10000.0000
1 4 4
9.997567534446716e-01 -1.078383531421423e-03 2.203254774212837e-02 -3.662891983985901e-01 
1.078121713362634e-03 9.999994635581970e-01 2.375955045863520e-05 4.186152267456055e+01 
-2.203256078064442e-02 0.000000000000000e+00 9.997573494911194e-01 1.780352783203125e+01 
0.000000000000000e+00 0.000000000000000e+00 0.000000000000000e+00 1.000000000000000e+00 
src volume info
valid = 1  # volume info valid
filename = /out/sourcedata/freesurfer/sub-v1s5x0050747_ses-1/mri/norm.mgz
volume = 256 256 256
voxelsize = 1.000000000000000e+00 1.000000000000000e+00 1.000000000000000e+00
xras   = -9.999999403953552e-01 5.820766091346741e-10 0.000000000000000e+00
yras   = 0.000000000000000e+00 1.862645149230957e-09 -1.000000000000000e+00
zras   = -5.238689482212067e-10 1.000000000000000e+00 1.862645149230957e-09
cras   = 4.090248107910156e+00 1.396369934082031e+00 -1.804044342041016e+01
dst volume info
valid = 1  # volume info valid
filename = /out/sourcedata/freesurfer/sub-v1s5x0050747_ses-1/mri/norm.mgz
volume = 256 256 256
voxelsize = 1.000000000000000e+00 1.000000000000000e+00 1.000000000000000e+00
xras   = -9.999999403953552e-01 5.820766091346741e-10 0.000000000000000e+00
yras   = 0.000000000000000e+00 1.862645149230957e-09 -1.000000000000000e+00
zras   = -5.238689482212067e-10 1.000000000000000e+00 1.862645149230957e-09
cras   = 4.090248107910156e+00 1.396369934082031e+00 -1.804044342041016e+01
