# transform file transforms/talairach.lta
# created by oesteban on Tue Mar 10 05:13:04 2026

type      = 0 # LINEAR_VOX_TO_VOX
nxforms   = 1
mean      = 127.0000 107.0000 120.0000
sigma     = 10000.0000
1 4 4
1.061006903648376e+00 -5.405725445598364e-03 1.680627092719078e-02 -6.490879058837891e+00 
1.101571694016457e-02 1.111495018005371e+00 1.132510602474213e-01 -7.139299392700195e+00 
-4.308392759412527e-03 -1.119890436530113e-01 1.021597862243652e+00 1.936488151550293e+00 
0.000000000000000e+00 0.000000000000000e+00 0.000000000000000e+00 1.000000000000000e+00 
src volume info
valid = 1  # volume info valid
filename = nu.mgz
volume = 256 256 256
voxelsize = 1.000000000000000e+00 1.000000000000000e+00 1.000000000000000e+00
xras   = -9.999999403953552e-01 5.820766091346741e-10 0.000000000000000e+00
yras   = 0.000000000000000e+00 1.862645149230957e-09 -1.000000000000000e+00
zras   = -5.238689482212067e-10 1.000000000000000e+00 1.862645149230957e-09
cras   = 4.090248107910156e+00 1.396369934082031e+00 -1.804044342041016e+01
dst volume info
valid = 1  # volume info valid
filename = /opt/freesurfer/average/RB_all_2020-01-02.gca
volume = 256 256 256
voxelsize = 1.000000000000000e+00 1.000000000000000e+00 1.000000000000000e+00
xras   = -1.000000000000000e+00 0.000000000000000e+00 0.000000000000000e+00
yras   = 0.000000000000000e+00 0.000000000000000e+00 -1.000000000000000e+00
zras   = 0.000000000000000e+00 1.000000000000000e+00 0.000000000000000e+00
cras   = 0.000000000000000e+00 0.000000000000000e+00 0.000000000000000e+00
