type      = 0 # LINEAR_VOX_TO_VOX
nxforms   = 1
mean      = 0.0000 0.0000 0.0000
sigma     = 1.0000
1 4 4
1.107404828071594e+00 -3.162200003862381e-02 2.102500014007092e-02 -1.110438537597656e+01 
1.697999890893698e-03 1.079913973808289e+00 8.845800161361694e-02 -9.098815917968750e-01 
-1.352699846029282e-02 -1.116930022835732e-01 1.139806032180786e+00 -1.295010375976562e+01 
0.000000000000000e+00 0.000000000000000e+00 0.000000000000000e+00 1.000000000000000e+00 
src volume info
valid = 1  # volume info valid
filename = /out/sourcedata/freesurfer/sub-v1s5x0050747_ses-1/mri/orig.mgz
volume = 256 256 256
voxelsize = 1.000000000000000e+00 1.000000000000000e+00 1.000000000000000e+00
xras   = -9.999999403953552e-01 5.820766091346741e-10 0.000000000000000e+00
yras   = 0.000000000000000e+00 1.862645149230957e-09 -1.000000000000000e+00
zras   = -5.238689482212067e-10 1.000000000000000e+00 1.862645149230957e-09
cras   = 4.090248107910156e+00 1.396369934082031e+00 -1.804044342041016e+01
dst volume info
valid = 1  # volume info valid
filename = /opt/freesurfer/average/mni305.cor.mgz
volume = 256 256 256
voxelsize = 1.000000000000000e+00 1.000000000000000e+00 1.000000000000000e+00
xras   = -1.000000000000000e+00 0.000000000000000e+00 0.000000000000000e+00
yras   = 0.000000000000000e+00 0.000000000000000e+00 -1.000000000000000e+00
zras   = 0.000000000000000e+00 1.000000000000000e+00 0.000000000000000e+00
cras   = 0.000000000000000e+00 0.000000000000000e+00 0.000000000000000e+00
subject fsaverage
fscale 0.100000
