#Insight Transform File V1.0
#Transform 0
Transform: AffineTransform_float_3_3
Parameters: 0.999997 -0.00105812 -0.00252301 0.00106236 0.999998 0.00167087 0.00252191 -0.00167373 0.999995 0.0270159 0.0127443 0.0864769
FixedParameters: 0 0 0

#Transform 1
Transform: AffineTransform_float_3_3
Parameters: 0.999997 -0.00134767 -0.00209508 0.00135153 0.999997 0.00195473 0.0020922 -0.00195768 0.999996 0.0298417 0.0228647 0.147457
FixedParameters: 0 0 0

#Transform 2
Transform: AffineTransform_float_3_3
Parameters: 0.999998 -0.000934197 -0.00216275 0.000937247 0.999999 0.00143222 0.00216166 -0.00143454 0.999997 0.0347553 0.051473 0.120205
FixedParameters: 0 0 0

#Transform 3
Transform: AffineTransform_float_3_3
Parameters: 0.999996 -0.00133755 -0.00219364 0.00134155 0.999997 0.00190198 0.0021909 -0.00190417 0.999996 0.0247129 0.0131274 0.111268
FixedParameters: 0 0 0

#Transform 4
Transform: AffineTransform_float_3_3
Parameters: 1 -0.000519303 -1.0572e-05 0.000519031 0.999998 0.00226522 9.08849e-06 -0.0022652 0.999998 0.013326 0.0381073 0.0551197
FixedParameters: 0 0 0

#Transform 5
Transform: AffineTransform_float_3_3
Parameters: 1 -0.000993243 -0.00044729 0.000994189 0.999995 0.00279007 0.000444452 -0.00278991 0.999996 0.00617098 0.0463734 0.0947902
FixedParameters: 0 0 0

#Transform 6
Transform: AffineTransform_float_3_3
Parameters: 1 -0.000396906 -0.000358933 0.000397192 0.999998 0.00222868 0.000357956 -0.00222874 0.999997 -0.0156679 0.0267862 0.093258
FixedParameters: 0 0 0

#Transform 7
Transform: AffineTransform_float_3_3
Parameters: 1 -0.00031678 -0.000552249 0.00031805 0.999997 0.00233534 0.000551526 -0.00233569 0.999997 -0.0062116 0.0253701 0.115637
FixedParameters: 0 0 0

#Transform 8
Transform: AffineTransform_float_3_3
Parameters: 1 -0.000251127 -0.0003332 0.000251314 0.999998 0.00197628 0.000332015 -0.00197647 0.999998 0.00221075 -0.0177092 0.0723164
FixedParameters: 0 0 0

#Transform 9
Transform: AffineTransform_float_3_3
Parameters: 1 3.3318e-05 -0.000466846 -3.14686e-05 0.999997 0.00212704 0.000466901 -0.00212702 0.999997 0.0083309 0.0149851 0.0893227
FixedParameters: 0 0 0

#Transform 10
Transform: AffineTransform_float_3_3
Parameters: 1 -0.000418771 -0.00103902 0.000420602 0.999998 0.00192816 0.0010381 -0.00192808 0.999997 0.00219832 0.0529391 0.111335
FixedParameters: 0 0 0

#Transform 11
Transform: AffineTransform_float_3_3
Parameters: 1 0.000168795 -0.000481995 -0.000168212 0.999999 0.00177348 0.0004824 -0.00177334 0.999999 0.0100282 -0.0243049 0.0148796
FixedParameters: 0 0 0

#Transform 12
Transform: AffineTransform_float_3_3
Parameters: 1 -1.383e-05 6.47338e-05 1.35721e-05 0.999999 0.00146268 -6.48154e-05 -0.00146268 0.999999 -9.36702e-06 0.026918 0.0986927
FixedParameters: 0 0 0

#Transform 13
Transform: AffineTransform_float_3_3
Parameters: 1 -0.000165263 -0.000318667 0.000165846 0.999999 0.000914184 0.000318365 -0.000914289 0.999999 -0.00588284 -0.0256449 0.0654761
FixedParameters: 0 0 0

#Transform 14
Transform: AffineTransform_float_3_3
Parameters: 1 -0.00045142 0.000272633 0.000450723 1 0.00094367 -0.000272499 -0.000943174 0.999999 -0.00910911 0.0835722 0.155738
FixedParameters: 0 0 0

#Transform 15
Transform: AffineTransform_float_3_3
Parameters: 1 -1.94513e-05 1.261e-05 1.94317e-05 0.999999 0.000779459 -1.26404e-05 -0.000779459 0.999999 -0.0156995 0.0356894 0.0575254
FixedParameters: 0 0 0

#Transform 16
Transform: AffineTransform_float_3_3
Parameters: 1 7.01194e-06 -0.000205384 -6.64149e-06 0.999999 0.000901542 0.000205396 -0.000901539 0.999999 -0.0146426 0.0508344 0.0827464
FixedParameters: 0 0 0

#Transform 17
Transform: AffineTransform_float_3_3
Parameters: 1 -3.59752e-05 0.000226898 3.53491e-05 0.999999 0.00122851 -0.000227027 -0.00122849 0.999999 -0.0162401 -0.0184201 0.063475
FixedParameters: 0 0 0

#Transform 18
Transform: AffineTransform_float_3_3
Parameters: 1 -0.000241787 -0.000180985 0.000242017 1 0.000635267 0.000180678 -0.000635355 1 -0.0182151 0.0779176 0.0810504
FixedParameters: 0 0 0

#Transform 19
Transform: AffineTransform_float_3_3
Parameters: 1 -1.93053e-05 3.09977e-05 1.92488e-05 0.999999 0.000910191 -3.1033e-05 -0.00091019 0.999999 -0.00757791 0.0582818 0.0918074
FixedParameters: 0 0 0

#Transform 20
Transform: AffineTransform_float_3_3
Parameters: 1 2.55981e-05 -0.000434136 -2.51673e-05 1 0.000496003 0.000434161 -0.000495981 1 -0.00327879 -0.0026393 0.00990542
FixedParameters: 0 0 0

#Transform 21
Transform: AffineTransform_float_3_3
Parameters: 1 -0.000234465 8.97159e-05 0.000234445 1 0.000114034 -8.97693e-05 -0.000113992 1 0.00402416 0.0310314 0.0642458
FixedParameters: 0 0 0

#Transform 22
Transform: AffineTransform_float_3_3
Parameters: 1 -2.09513e-06 -0.00038911 1.45944e-06 0.999999 -0.000816955 0.000389113 0.000816954 0.999999 -0.000395714 0.0718538 0.0230468
FixedParameters: 0 0 0

#Transform 23
Transform: AffineTransform_float_3_3
Parameters: 1 -4.46123e-05 0.000112799 4.46243e-05 1 -5.32492e-05 -0.000112795 5.32593e-05 1 0.00739782 -0.0228618 0.0823785
FixedParameters: 0 0 0

#Transform 24
Transform: AffineTransform_float_3_3
Parameters: 1 -3.26877e-05 -6.85028e-05 3.27255e-05 1 -0.000537104 6.75454e-05 0.000537068 1 0.00775823 0.0325343 0.0634152
FixedParameters: 0 0 0

#Transform 25
Transform: AffineTransform_float_3_3
Parameters: 1 2.30071e-05 0.00042039 -2.32076e-05 1 -0.00102191 -0.000420587 0.00102186 1 0.0051377 0.037088 0.0223267
FixedParameters: 0 0 0

#Transform 26
Transform: AffineTransform_float_3_3
Parameters: 1 -0.000165172 0.000349774 0.000165451 1 -0.000398858 -0.000349642 0.000398974 1 0.0258169 0.053913 0.0885274
FixedParameters: 0 0 0

#Transform 27
Transform: AffineTransform_float_3_3
Parameters: 1 -9.47837e-05 0.000398027 9.56504e-05 1 -0.0011753 -0.000397844 0.00117537 0.999999 0.0193026 -0.0214997 0.0105328
FixedParameters: 0 0 0

#Transform 28
Transform: AffineTransform_float_3_3
Parameters: 1 -0.000126699 0.00068527 0.000127281 1 -0.00119778 -0.000685116 0.00119792 0.999999 0.0230197 0.0778999 0.0823151
FixedParameters: 0 0 0

#Transform 29
Transform: AffineTransform_float_3_3
Parameters: 1 5.52835e-06 0.000388803 -4.21648e-06 0.999999 -0.00186327 -0.000388903 0.00186326 0.999998 0.0295862 0.0548557 0.0113951
FixedParameters: 0 0 0

#Transform 30
Transform: AffineTransform_float_3_3
Parameters: 0.999999 -0.000346348 0.000793115 0.000347154 1 -0.00116932 -0.000792416 0.00116887 0.999999 0.0380755 0.0171048 0.104556
FixedParameters: 0 0 0

#Transform 31
Transform: AffineTransform_float_3_3
Parameters: 0.999999 -0.000168455 0.000831035 0.000170181 0.999998 -0.00167435 -0.000830651 0.00167438 0.999998 0.0235215 0.0280901 0.0401117
FixedParameters: 0 0 0

#Transform 32
Transform: AffineTransform_float_3_3
Parameters: 1 -0.000160053 0.000906602 0.000160283 1 -0.000634101 -0.0009065 0.00063415 1 0.0235572 0.0615243 0.0759195
FixedParameters: 0 0 0

#Transform 33
Transform: AffineTransform_float_3_3
Parameters: 1 -0.000127476 0.000434963 0.000127925 0.999999 -0.00181387 -0.000434691 0.00181395 0.999999 0.0271618 0.0452878 0.0246364
FixedParameters: 0 0 0

#Transform 34
Transform: AffineTransform_float_3_3
Parameters: 0.999999 -0.00016012 0.000846302 0.000160948 1 -0.0010494 -0.000847107 0.00104961 0.999999 0.0237275 -0.0202329 0.0914765
FixedParameters: 0 0 0

#Transform 35
Transform: AffineTransform_float_3_3
Parameters: 1 0.000157895 0.000476704 -0.000157011 0.999997 -0.00210968 -0.000477559 0.0021095 0.999997 0.0295104 0.0566097 0.0271747
FixedParameters: 0 0 0

#Transform 36
Transform: AffineTransform_float_3_3
Parameters: 1 1.71151e-06 0.000929074 -6.18004e-07 1 -0.00112209 -0.000929185 0.00112206 0.999999 0.0218298 0.0517443 0.120222
FixedParameters: 0 0 0

#Transform 37
Transform: AffineTransform_float_3_3
Parameters: 1 0.00017614 0.000501255 -0.000174664 0.999996 -0.00273172 -0.000502487 0.00273151 0.999996 0.0236804 0.00265661 0.0671492
FixedParameters: 0 0 0

#Transform 38
Transform: AffineTransform_float_3_3
Parameters: 0.999999 0.000222412 0.000754201 -0.000220964 0.999997 -0.00240883 -0.00075561 0.00240844 0.999997 0.0276422 0.035348 0.0770037
FixedParameters: 0 0 0

#Transform 39
Transform: AffineTransform_float_3_3
Parameters: 1 0.000227615 0.00053585 -0.000225338 0.999993 -0.00353325 -0.000536814 0.00353301 0.999993 0.030255 0.0513775 0.0452735
FixedParameters: 0 0 0

#Transform 40
Transform: AffineTransform_float_3_3
Parameters: 0.999999 0.000173516 0.00107891 -0.000170003 0.999994 -0.00326649 -0.00107861 0.00326589 0.999994 0.0532468 0.018868 0.118898
FixedParameters: 0 0 0

#Transform 41
Transform: AffineTransform_float_3_3
Parameters: 1 0.000227364 0.00050609 -0.000225168 0.999993 -0.00374044 -0.000507226 0.00374118 0.999993 0.0558394 0.0164046 0.0118509
FixedParameters: 0 0 0

#Transform 42
Transform: AffineTransform_float_3_3
Parameters: 1 3.7946e-05 0.000714388 -3.64758e-05 0.999996 -0.00263655 -0.000713966 0.00263626 0.999997 0.0548917 0.0559142 0.0447282
FixedParameters: 0 0 0

#Transform 43
Transform: AffineTransform_float_3_3
Parameters: 0.999999 -1.70335e-05 0.000815739 1.84801e-05 0.999997 -0.00218354 -0.000815995 0.0021833 0.999998 0.0547125 0.0084727 0.0492062
FixedParameters: 0 0 0

#Transform 44
Transform: AffineTransform_float_3_3
Parameters: 0.999999 -0.000169531 0.000824985 0.000170377 1 -0.00115501 -0.000824743 0.00115527 0.999999 0.0457457 -0.00666307 0.0966028
FixedParameters: 0 0 0

#Transform 45
Transform: AffineTransform_float_3_3
Parameters: 1 -0.000116985 0.000276925 0.000117811 0.999998 -0.00161735 -0.000276586 0.00161741 0.999998 0.0272192 0.0269103 0.0658309
FixedParameters: 0 0 0

#Transform 46
Transform: AffineTransform_float_3_3
Parameters: 1 -0.000154677 0.000670379 0.000155342 0.999999 -0.00128676 -0.00067013 0.00128695 0.999999 0.0347382 0.0603404 0.113292
FixedParameters: 0 0 0

#Transform 47
Transform: AffineTransform_float_3_3
Parameters: 1 -0.000127159 0.000294088 0.000128266 0.999998 -0.00211595 -0.00029363 0.00211602 0.999997 0.0349031 0.0474061 0.0547313
FixedParameters: 0 0 0

#Transform 48
Transform: AffineTransform_float_3_3
Parameters: 1 -0.000148268 0.000648067 0.000148573 1 -0.00104346 -0.000647869 0.00104266 0.999999 0.0395663 0.000611573 0.115737
FixedParameters: 0 0 0

#Transform 49
Transform: AffineTransform_float_3_3
Parameters: 1 -0.000127382 0.000294467 0.000128497 0.999997 -0.00212694 -0.000294005 0.00212701 0.999997 0.0350076 -0.000412275 0.0540762
FixedParameters: 0 0 0

#Transform 50
Transform: AffineTransform_float_3_3
Parameters: 0.999999 -0.000287906 0.000750178 0.000288374 0.999999 -0.000895961 -0.000750796 0.000896118 1 0.0444944 0.0301526 0.119223
FixedParameters: 0 0 0

#Transform 51
Transform: AffineTransform_float_3_3
Parameters: 1 -0.000269737 0.000547153 0.000270206 0.999999 -0.00139766 -0.000546548 0.00139793 0.999999 0.052686 0.0285062 0.0797134
FixedParameters: 0 0 0

#Transform 52
Transform: AffineTransform_float_3_3
Parameters: 1 -0.00012469 0.000441356 0.000125496 1 -0.000991031 -0.00044115 0.00099114 1 0.0482858 0.00687381 0.073679
FixedParameters: 0 0 0

#Transform 53
Transform: AffineTransform_float_3_3
Parameters: 1 -0.000214128 0.000664483 0.000214508 1 -0.00108354 -0.000664168 0.0010838 0.999999 0.0408273 0.0499351 0.0963281
FixedParameters: 0 0 0

#Transform 54
Transform: AffineTransform_float_3_3
Parameters: 0.999999 -0.000151065 0.000740727 0.000151932 1 -0.00058584 -0.000740549 0.000586064 0.999999 0.0346617 0.00584756 0.0835142
FixedParameters: 0 0 0

#Transform 55
Transform: AffineTransform_float_3_3
Parameters: 1 -0.000160162 0.000691145 0.000161154 0.999999 -0.00148509 -0.000690817 0.00148528 0.999998 0.0427734 0.0396598 0.0856386
FixedParameters: 0 0 0

#Transform 56
Transform: AffineTransform_float_3_3
Parameters: 1 -0.000148109 0.000606633 0.000148754 0.999999 -0.00131312 -0.000607385 0.00131324 0.999999 0.0288501 0.0236054 0.0570751
FixedParameters: 0 0 0

#Transform 57
Transform: AffineTransform_float_3_3
Parameters: 0.999999 -0.000573748 0.000503622 0.000574831 0.999999 -0.00114452 -0.000502348 0.0011451 0.999999 0.0408812 0.0182873 0.0913167
FixedParameters: 0 0 0

#Transform 58
Transform: AffineTransform_float_3_3
Parameters: 0.999999 -4.15322e-05 0.000855368 4.23711e-05 0.999998 -0.00168726 -0.000855519 0.00168707 0.999998 0.0345808 0.00192314 0.0614742
FixedParameters: 0 0 0

#Transform 59
Transform: AffineTransform_float_3_3
Parameters: 1 -0.000139767 0.000383555 0.000140324 0.999998 -0.00228776 -0.000383146 0.00228784 0.999998 0.0372968 0.000424904 0.0948003
FixedParameters: 0 0 0

#Transform 60
Transform: AffineTransform_float_3_3
Parameters: 1 0.000133447 0.000302611 -0.000132562 0.999999 -0.00157467 -0.000303071 0.00157459 0.999998 0.0482037 -0.00403964 0.0574616
FixedParameters: 0 0 0

#Transform 61
Transform: AffineTransform_float_3_3
Parameters: 1 0.000166874 -9.17151e-05 -0.000167516 0.999997 -0.00214529 9.1908e-05 0.00214535 0.999997 0.0287119 0.0382616 0.0342743
FixedParameters: 0 0 0

#Transform 62
Transform: AffineTransform_float_3_3
Parameters: 1 -0.000214323 0.000294874 0.000214954 1 -0.000997199 -0.00029548 0.000997293 1 0.0368783 -0.0103055 0.128364
FixedParameters: 0 0 0

#Transform 63
Transform: AffineTransform_float_3_3
Parameters: 1 0.000148159 -1.66559e-05 -0.000147289 0.999999 -0.00158087 1.62566e-05 0.0015809 0.999999 0.0199233 -0.00928833 0.0220788
FixedParameters: 0 0 0

#Transform 64
Transform: AffineTransform_float_3_3
Parameters: 1 0.000185826 0.000275211 -0.00018546 1 -0.000663983 -0.000275457 0.000663881 0.999999 0.0187321 0.0541499 0.145768
FixedParameters: 0 0 0

#Transform 65
Transform: AffineTransform_float_3_3
Parameters: 1 0.000157055 2.70032e-05 -0.000157045 0.999999 -0.00142646 -2.74924e-05 0.00142645 0.999999 0.0229331 -0.00486996 0.0588638
FixedParameters: 0 0 0

#Transform 66
Transform: AffineTransform_float_3_3
Parameters: 1 -9.15675e-06 0.000277137 9.80998e-06 0.999999 -0.00130235 -0.000277154 0.00130235 0.999999 0.0151706 -0.0105439 0.102247
FixedParameters: 0 0 0

#Transform 67
Transform: AffineTransform_float_3_3
Parameters: 1 0.000350261 -0.000459209 -0.000351557 0.999995 -0.00309424 0.00045808 0.00309366 0.999995 0.0310378 -0.00418856 0.00226449
FixedParameters: 0 0 0

#Transform 68
Transform: AffineTransform_float_3_3
Parameters: 1 0.000411725 -0.000263221 -0.000412084 0.999997 -0.00209707 0.000262512 0.00209734 0.999998 0.00884636 -0.00349024 0.0776719
FixedParameters: 0 0 0

#Transform 69
Transform: AffineTransform_float_3_3
Parameters: 0.999999 0.000505024 -0.000433503 -0.000506558 0.999995 -0.00334669 0.000432111 0.00334626 0.999995 0.0162827 -0.0191851 -0.0060389
FixedParameters: 0 0 0

#Transform 70
Transform: AffineTransform_float_3_3
Parameters: 1 0.000569178 -0.000106354 -0.000569244 0.999997 -0.00265442 0.000105261 0.00265462 0.999997 -0.00402105 -0.0339575 0.057517
FixedParameters: 0 0 0

#Transform 71
Transform: AffineTransform_float_3_3
Parameters: 0.999999 0.000868971 -0.000953855 -0.000874314 0.999989 -0.00478852 0.000949606 0.00478944 0.999988 -0.00250597 -0.0137778 -0.00621035
FixedParameters: 0 0 0

#Transform 72
Transform: AffineTransform_float_3_3
Parameters: 0.999999 0.000517343 -0.000406448 -0.000519544 0.999992 -0.00414466 0.00040402 0.0041442 0.999992 0.00429406 0.0182854 0.0871732
FixedParameters: 0 0 0

#Transform 73
Transform: AffineTransform_float_3_3
Parameters: 0.999999 0.000985718 -0.000911 -0.000991593 0.999983 -0.00564602 0.00090487 0.00564713 0.999983 -0.00159513 -0.0219082 -0.00235434
FixedParameters: 0 0 0

#Transform 74
Transform: AffineTransform_float_3_3
Parameters: 1 0.000837529 -0.000671612 -0.000839527 0.999993 -0.00385372 0.000668311 0.00385405 0.999993 -0.00705914 -0.0503853 0.0797697
FixedParameters: 0 0 0

#Transform 75
Transform: AffineTransform_float_3_3
Parameters: 0.999999 0.00115018 -0.00112678 -0.0011571 0.999984 -0.00548737 0.00112034 0.00548814 0.999985 -0.00558218 -0.046589 0.023296
FixedParameters: 0 0 0

#Transform 76
Transform: AffineTransform_float_3_3
Parameters: 0.999998 0.00115815 -0.00104886 -0.00116304 0.999989 -0.00459615 0.00104347 0.00459691 0.999989 -0.00408126 0.0355282 0.132708
FixedParameters: 0 0 0

#Transform 77
Transform: AffineTransform_float_3_3
Parameters: 0.999998 0.00141117 -0.00129212 -0.00141906 0.99998 -0.00612931 0.00128318 0.00613028 0.999981 -0.00964999 -0.0205281 0.0232992
FixedParameters: 0 0 0

#Transform 78
Transform: AffineTransform_float_3_3
Parameters: 0.999998 0.00135247 -0.00146587 -0.00135873 0.999989 -0.00448567 0.00145925 0.00448781 0.999989 -0.0172118 -0.0125302 0.13085
FixedParameters: 0 0 0

#Transform 79
Transform: AffineTransform_float_3_3
Parameters: 0.999998 0.00144416 -0.0014137 -0.00145199 0.999983 -0.00569149 0.00140479 0.0056931 0.999982 -0.0244305 -0.0242504 0.0354797
FixedParameters: 0 0 0

#Transform 80
Transform: AffineTransform_float_3_3
Parameters: 0.999997 0.0017982 -0.00140321 -0.00180461 0.999986 -0.00492833 0.00139407 0.00493091 0.999987 -0.0441101 -0.0415062 0.131291
FixedParameters: 0 0 0

#Transform 81
Transform: AffineTransform_float_3_3
Parameters: 0.999996 0.00183518 -0.00202166 -0.00184849 0.999977 -0.0064144 0.00201 0.0064172 0.999977 -0.0372358 -0.0127095 0.0694388
FixedParameters: 0 0 0

#Transform 82
Transform: AffineTransform_float_3_3
Parameters: 0.999997 0.00184269 -0.00179774 -0.00185142 0.999987 -0.00478988 0.00178885 0.00479309 0.999987 -0.0406028 -0.0448013 0.149094
FixedParameters: 0 0 0

#Transform 83
Transform: AffineTransform_float_3_3
Parameters: 0.999997 0.00183688 -0.00208077 -0.0018511 0.999976 -0.00664641 0.00206932 0.00664972 0.999975 -0.0359632 -0.0365058 0.0818838
FixedParameters: 0 0 0

#Transform 84
Transform: AffineTransform_float_3_3
Parameters: 0.999997 0.00182921 -0.00166285 -0.00183743 0.999987 -0.00474634 0.00165411 0.00474974 0.999988 -0.0539649 -0.00967414 0.169146
FixedParameters: 0 0 0

#Transform 85
Transform: AffineTransform_float_3_3
Parameters: 0.999997 0.00186356 -0.00176258 -0.00187415 0.999981 -0.005824 0.00175158 0.00582704 0.999982 -0.0414158 0.00886106 0.128374
FixedParameters: 0 0 0

#Transform 86
Transform: AffineTransform_float_3_3
Parameters: 0.999998 0.00178317 -0.00130566 -0.00179117 0.999982 -0.00572348 0.00129564 0.00572572 0.999982 -0.0459056 -0.0209035 0.155302
FixedParameters: 0 0 0

#Transform 87
Transform: AffineTransform_float_3_3
Parameters: 0.999996 0.00194765 -0.00199934 -0.00196107 0.999975 -0.00671997 0.0019861 0.00672319 0.999976 -0.0364864 -0.013236 0.0914812
FixedParameters: 0 0 0

#Transform 88
Transform: AffineTransform_float_3_3
Parameters: 0.999996 0.00196025 -0.00203859 -0.00197173 0.999982 -0.00555162 0.00202776 0.00555492 0.999983 -0.0361252 -0.0465401 0.115513
FixedParameters: 0 0 0

#Transform 89
Transform: AffineTransform_float_3_3
Parameters: 0.999996 0.00171404 -0.00205605 -0.00172577 0.999981 -0.00579084 0.00204609 0.00579514 0.999981 -0.0329509 -0.0106023 0.140984
FixedParameters: 0 0 0

#Transform 90
Transform: AffineTransform_float_3_3
Parameters: 0.999997 0.00180163 -0.00133664 -0.00180822 0.999983 -0.00550066 0.00132638 0.00550305 0.999984 -0.0412983 -0.0441818 0.178055
FixedParameters: 0 0 0

#Transform 91
Transform: AffineTransform_float_3_3
Parameters: 0.999998 0.00179348 -0.00152927 -0.00180377 0.999974 -0.00701388 0.00151668 0.00701713 0.999974 -0.0441024 0.0163277 0.141806
FixedParameters: 0 0 0

#Transform 92
Transform: AffineTransform_float_3_3
Parameters: 0.999997 0.00185589 -0.00201916 -0.00186815 0.999977 -0.00642369 0.00200736 0.00642659 0.999977 -0.0363236 -0.0390888 0.07872
FixedParameters: 0 0 0

#Transform 93
Transform: AffineTransform_float_3_3
Parameters: 0.999997 0.0018569 -0.00206469 -0.00186968 0.999977 -0.00661523 0.00205218 0.00661952 0.999976 -0.0384616 0.0110054 0.123242
FixedParameters: 0 0 0

#Transform 94
Transform: AffineTransform_float_3_3
Parameters: 0.999996 0.00213133 -0.00171788 -0.00214243 0.999977 -0.00651196 0.00170383 0.0065161 0.999977 -0.020732 -0.00533744 0.155139
FixedParameters: 0 0 0

#Transform 95
Transform: AffineTransform_float_3_3
Parameters: 0.999995 0.00196629 -0.00229405 -0.00198458 0.999966 -0.00799877 0.00227869 0.00800346 0.999966 -0.0237113 -0.018187 0.0825886
FixedParameters: 0 0 0

#Transform 96
Transform: AffineTransform_float_3_3
Parameters: 0.999997 0.00182169 -0.00174934 -0.00183296 0.999976 -0.00673433 0.00173759 0.00673752 0.999975 -0.0236626 -0.00674734 0.188516
FixedParameters: 0 0 0

#Transform 97
Transform: AffineTransform_float_3_3
Parameters: 0.999995 0.00225802 -0.00244362 -0.00227874 0.999962 -0.00836608 0.00242414 0.00837094 0.999962 -0.0284492 -0.03756 0.12368
FixedParameters: 0 0 0

#Transform 98
Transform: AffineTransform_float_3_3
Parameters: 0.999997 0.00213784 -0.0014024 -0.00214782 0.999971 -0.00735646 0.00138639 0.00736051 0.999972 -0.034942 -0.0139079 0.183533
FixedParameters: 0 0 0

#Transform 99
Transform: AffineTransform_float_3_3
Parameters: 0.999996 0.00215341 -0.0020392 -0.00217281 0.999954 -0.0094379 0.00201937 0.00944177 0.999954 -0.0406239 -0.00625943 0.0718949
FixedParameters: 0 0 0

#Transform 100
Transform: AffineTransform_float_3_3
Parameters: 0.999996 0.00182913 -0.00197589 -0.00184323 0.999969 -0.00757364 0.00196209 0.00757738 0.99997 -0.0397575 0.020709 0.137935
FixedParameters: 0 0 0

#Transform 101
Transform: AffineTransform_float_3_3
Parameters: 0.999996 0.00213115 -0.001753 -0.00214625 0.999961 -0.00855657 0.00173412 0.00856108 0.999962 -0.0171669 -0.0208645 0.0789008
FixedParameters: 0 0 0

#Transform 102
Transform: AffineTransform_float_3_3
Parameters: 0.999996 0.00206242 -0.00165935 -0.00207486 0.999972 -0.00727735 0.00164492 0.00728109 0.999972 -0.000148345 -0.0103507 0.103049
FixedParameters: 0 0 0

#Transform 103
Transform: AffineTransform_float_3_3
Parameters: 0.999996 0.00226952 -0.00206652 -0.00228752 0.999962 -0.00841819 0.00204816 0.00842354 0.999963 -0.0117777 -0.0338133 0.046346
FixedParameters: 0 0 0

#Transform 104
Transform: AffineTransform_float_3_3
Parameters: 0.999997 0.00186858 -0.00170712 -0.001882 0.999967 -0.00789681 0.0016922 0.00789989 0.999968 -0.00561567 0.0231379 0.125849
FixedParameters: 0 0 0

#Transform 105
Transform: AffineTransform_float_3_3
Parameters: 0.999995 0.0023477 -0.00201128 -0.00236609 0.999955 -0.00912235 0.00198925 0.00912783 0.999957 -0.0051323 0.000373595 0.0336265
FixedParameters: 0 0 0

#Transform 106
Transform: AffineTransform_float_3_3
Parameters: 0.999996 0.00232085 -0.00159749 -0.00233283 0.999968 -0.00762946 0.00157971 0.00763287 0.99997 -0.00590378 0.00823291 0.111926
FixedParameters: 0 0 0

#Transform 107
Transform: AffineTransform_float_3_3
Parameters: 0.999993 0.00259382 -0.00237506 -0.00261455 0.999957 -0.00887129 0.00235131 0.00887759 0.999958 -0.00216211 -0.014591 0.0537652
FixedParameters: 0 0 0

#Transform 108
Transform: AffineTransform_float_3_3
Parameters: 0.999996 0.00233335 -0.00149388 -0.00234495 0.999965 -0.00794462 0.00147531 0.00794859 0.999968 -0.0176477 -0.0204281 0.183199
FixedParameters: 0 0 0

#Transform 109
Transform: AffineTransform_float_3_3
Parameters: 0.999994 0.00252652 -0.0025192 -0.00254949 0.999956 -0.00900275 0.00249606 0.00900949 0.999956 0.00210397 -0.0281127 0.125968
FixedParameters: 0 0 0

#Transform 110
Transform: AffineTransform_float_3_3
Parameters: 0.999996 0.00218931 -0.00177154 -0.00220422 0.999963 -0.00840112 0.00175342 0.00840498 0.999963 0.0207273 -0.0328018 0.16305
FixedParameters: 0 0 0

#Transform 111
Transform: AffineTransform_float_3_3
Parameters: 0.999994 0.00252649 -0.00247379 -0.00255154 0.999943 -0.0103342 0.00244785 0.010341 0.999944 0.0155618 -0.0407357 0.10133
FixedParameters: 0 0 0

#Transform 112
Transform: AffineTransform_float_3_3
Parameters: 0.999995 0.00230461 -0.00238231 -0.00232628 0.999956 -0.00904644 0.00236184 0.00905138 0.999956 0.00972449 -0.00027426 0.120274
FixedParameters: 0 0 0

#Transform 113
Transform: AffineTransform_float_3_3
Parameters: 0.999994 0.00249241 -0.00250317 -0.00251638 0.999951 -0.00957303 0.00247879 0.00957959 0.999951 0.0123941 -0.0875311 0.0633369
FixedParameters: 0 0 0

#Transform 114
Transform: AffineTransform_float_3_3
Parameters: 0.999995 0.00239373 -0.00213757 -0.00241268 0.99996 -0.00855781 0.00211755 0.00856309 0.999961 0.00101768 -0.0104798 0.0975516
FixedParameters: 0 0 0

#Transform 115
Transform: AffineTransform_float_3_3
Parameters: 0.999993 0.00265994 -0.00251499 -0.00268506 0.999947 -0.0100006 0.00248915 0.0100075 0.999946 -0.000117946 -0.00522383 0.0522173
FixedParameters: 0 0 0

#Transform 116
Transform: AffineTransform_float_3_3
Parameters: 0.999993 0.00241697 -0.0025641 -0.00244137 0.999954 -0.00927954 0.00254153 0.00928575 0.999954 0.00765992 0.0125872 0.1539
FixedParameters: 0 0 0

#Transform 117
Transform: AffineTransform_float_3_3
Parameters: 0.999994 0.00247804 -0.00253647 -0.00250378 0.999947 -0.00990719 0.00251261 0.00991372 0.999948 -0.00366735 -0.0204303 0.0538469
FixedParameters: 0 0 0

#Transform 118
Transform: AffineTransform_float_3_3
Parameters: 0.999994 0.00248561 -0.00227422 -0.00250618 0.999956 -0.00899412 0.00225166 0.0089996 0.999957 0.00178416 -0.0549352 0.155502
FixedParameters: 0 0 0

#Transform 119
Transform: AffineTransform_float_3_3
Parameters: 0.999993 0.00283485 -0.00250862 -0.00285888 0.999949 -0.00966925 0.00248128 0.00967596 0.99995 -0.00273078 -0.0458778 0.0529624
FixedParameters: 0 0 0

#Transform 120
Transform: AffineTransform_float_3_3
Parameters: 0.999995 0.00236754 -0.00232648 -0.0023874 0.999959 -0.00872855 0.00230542 0.00873347 0.999959 -0.00785475 -0.0151808 0.155517
FixedParameters: 0 0 0

#Transform 121
Transform: AffineTransform_float_3_3
Parameters: 0.999992 0.00286649 -0.00284958 -0.00289395 0.999947 -0.00981183 0.00282113 0.00982033 0.999948 -0.0145521 -0.0553462 0.0492824
FixedParameters: 0 0 0

#Transform 122
Transform: AffineTransform_float_3_3
Parameters: 0.999994 0.00262922 -0.00223743 -0.00264903 0.999955 -0.00911552 0.00221369 0.00912176 0.999956 -0.0133089 0.0300859 0.112013
FixedParameters: 0 0 0

#Transform 123
Transform: AffineTransform_float_3_3
Parameters: 0.999993 0.00270033 -0.0026062 -0.00272592 0.999948 -0.00980115 0.00257973 0.00980848 0.999949 -0.0143811 -0.0509473 0.0640366
FixedParameters: 0 0 0

#Transform 124
Transform: AffineTransform_float_3_3
Parameters: 0.999995 0.00240362 -0.0022466 -0.00242446 0.999953 -0.00933901 0.00222379 0.00934498 0.999954 -0.0108296 0.0128706 0.116675
FixedParameters: 0 0 0

#Transform 125
Transform: AffineTransform_float_3_3
Parameters: 0.999993 0.00266097 -0.00246946 -0.00268479 0.999949 -0.009769 0.00244384 0.00977557 0.999949 -0.00208862 -0.0795134 0.0712472
FixedParameters: 0 0 0

#Transform 126
Transform: AffineTransform_float_3_3
Parameters: 0.999994 0.00255757 -0.00230481 -0.00257846 0.999955 -0.00912259 0.00228132 0.00912839 0.999956 -0.00730586 -0.0142042 0.0859907
FixedParameters: 0 0 0

#Transform 127
Transform: AffineTransform_float_3_3
Parameters: 0.999993 0.00283566 -0.00254841 -0.00286041 0.999948 -0.00982863 0.00252016 0.0098356 0.999948 -0.0117304 -0.0549552 0.0477186
FixedParameters: 0 0 0

#Transform 128
Transform: AffineTransform_float_3_3
Parameters: 0.999994 0.00254582 -0.00243857 -0.00256846 0.999955 -0.00918667 0.00241509 0.00919214 0.999955 -0.019269 -0.0384948 0.102589
FixedParameters: 0 0 0

#Transform 129
Transform: AffineTransform_float_3_3
Parameters: 0.999992 0.00286337 -0.00285231 -0.00289097 0.999946 -0.00997786 0.00282303 0.0099866 0.999946 -0.0272812 -0.026251 0.0564326
FixedParameters: 0 0 0

#Transform 130
Transform: AffineTransform_float_3_3
Parameters: 0.999992 0.00288704 -0.00288391 -0.00291253 0.999956 -0.00897258 0.00285696 0.00898146 0.999956 -0.019764 -0.000941292 0.0877549
FixedParameters: 0 0 0

#Transform 131
Transform: AffineTransform_float_3_3
Parameters: 0.999992 0.0026681 -0.00293818 -0.00269596 0.99995 -0.00962703 0.00291267 0.00963482 0.999949 -0.0214107 -0.0625747 0.0534813
FixedParameters: 0 0 0

#Transform 132
Transform: AffineTransform_float_3_3
Parameters: 0.999994 0.00251441 -0.00260634 -0.00253822 0.999955 -0.00919643 0.00258356 0.00920364 0.999954 -0.0202231 -0.0100383 0.0576011
FixedParameters: 0 0 0

#Transform 133
Transform: AffineTransform_float_3_3
Parameters: 0.999993 0.00270798 -0.0027721 -0.00273269 0.999957 -0.00886197 0.00274773 0.00886989 0.999957 -0.00809416 -0.071667 0.050551
FixedParameters: 0 0 0

#Transform 134
Transform: AffineTransform_float_3_3
Parameters: 0.999993 0.00237802 -0.00256902 -0.00240188 0.999954 -0.00919193 0.00254665 0.00919794 0.999955 -0.0147065 -0.026582 0.0381542
FixedParameters: 0 0 0

#Transform 135
Transform: AffineTransform_float_3_3
Parameters: 0.999992 0.00285444 -0.00265714 -0.00287891 0.999951 -0.00944222 0.00262988 0.00944966 0.999952 -0.0194782 -0.0170909 0.0426171
FixedParameters: 0 0 0

#Transform 136
Transform: AffineTransform_float_3_3
Parameters: 0.999993 0.00242827 -0.00290867 -0.00245607 0.999951 -0.00960902 0.00288475 0.00961591 0.99995 -0.0193491 -0.050537 0.0409425
FixedParameters: 0 0 0

#Transform 137
Transform: AffineTransform_float_3_3
Parameters: 0.999993 0.00283307 -0.00244534 -0.00285555 0.999952 -0.00943507 0.00241831 0.00944135 0.999953 -0.012786 -0.0452019 0.0699143
FixedParameters: 0 0 0

#Transform 138
Transform: AffineTransform_float_3_3
Parameters: 0.999993 0.00266111 -0.00250244 -0.00268562 0.99995 -0.00962707 0.00247647 0.00963453 0.999951 -0.0211483 -0.0204972 0.0187768
FixedParameters: 0 0 0

#Transform 139
Transform: AffineTransform_float_3_3
Parameters: 0.999994 0.00258195 -0.00232052 -0.00260193 0.99996 -0.008529 0.0022987 0.00853514 0.999961 -0.0186538 -0.0210088 0.00776725
FixedParameters: 0 0 0

#Transform 140
Transform: AffineTransform_float_3_3
Parameters: 0.999993 0.00283315 -0.00249689 -0.0028571 0.999949 -0.00969388 0.0024694 0.00970149 0.999949 -0.0119376 -0.0607921 -0.0152509
FixedParameters: 0 0 0

#Transform 141
Transform: AffineTransform_float_3_3
Parameters: 0.999995 0.00233497 -0.00214584 -0.0023538 0.99996 -0.00872612 0.00212507 0.00873118 0.99996 -0.0121664 0.0390678 0.0571317
FixedParameters: 0 0 0

#Transform 142
Transform: AffineTransform_float_3_3
Parameters: 0.999994 0.00252884 -0.0022866 -0.00254888 0.999954 -0.00921043 0.0022633 0.00921624 0.999955 -0.0182943 -0.0378479 -0.0310653
FixedParameters: 0 0 0

#Transform 143
Transform: AffineTransform_float_3_3
Parameters: 0.999995 0.00236968 -0.00201564 -0.00238689 0.999958 -0.00884156 0.00199471 0.00884639 0.999959 -0.0192018 0.00538391 -0.00131875
FixedParameters: 0 0 0

#Transform 144
Transform: AffineTransform_float_3_3
Parameters: 0.999994 0.00259592 -0.00241275 -0.00261968 0.999946 -0.00997328 0.00238726 0.00997903 0.999947 -0.0103026 -0.0832419 -0.0496279
FixedParameters: 0 0 0

#Transform 145
Transform: AffineTransform_float_3_3
Parameters: 0.999996 0.0023652 -0.00185975 -0.00238141 0.999956 -0.00903176 0.00183778 0.00903656 0.999958 -0.0195398 -0.0842261 -0.0064574
FixedParameters: 0 0 0

#Transform 146
Transform: AffineTransform_float_3_3
Parameters: 0.999993 0.00282682 -0.00249775 -0.00285169 0.999945 -0.0100151 0.00246949 0.0100226 0.999947 -0.0216473 -0.0556279 -0.0280253
FixedParameters: 0 0 0

#Transform 147
Transform: AffineTransform_float_3_3
Parameters: 0.999994 0.00241654 -0.00254256 -0.00244171 0.999951 -0.009645 0.00251922 0.00965138 0.99995 -0.0155997 -0.0891185 0.00188884
FixedParameters: 0 0 0

#Transform 148
Transform: AffineTransform_float_3_3
Parameters: 0.999993 0.00248289 -0.00268112 -0.00251238 0.999938 -0.0108395 0.00265463 0.010846 0.999938 -0.0137386 -0.0480531 -0.0402595
FixedParameters: 0 0 0

#Transform 149
Transform: AffineTransform_float_3_3
Parameters: 0.999995 0.00215814 -0.00229648 -0.00218032 0.99995 -0.00980861 0.0022752 0.00981349 0.999949 -0.0169375 -0.0104993 -0.0236124
FixedParameters: 0 0 0

#Transform 150
Transform: AffineTransform_float_3_3
Parameters: 0.999996 0.00183249 -0.00181612 -0.00184991 0.99995 -0.00978716 0.00179772 0.00979051 0.999951 -0.00655092 -0.0804598 -0.0296938
FixedParameters: 0 0 0

#Transform 151
Transform: AffineTransform_float_3_3
Parameters: 0.999996 0.00186772 -0.00229357 -0.0018911 0.999947 -0.0100966 0.00227475 0.0101008 0.999947 -0.0092643 -0.0465347 -0.0707846
FixedParameters: 0 0 0

#Transform 152
Transform: AffineTransform_float_3_3
Parameters: 0.999996 0.00186513 -0.00190189 -0.00188393 0.999954 -0.00948123 0.00188399 0.00948523 0.999953 -0.0120695 -0.0875189 -0.0589639
FixedParameters: 0 0 0

#Transform 153
Transform: AffineTransform_float_3_3
Parameters: 0.999996 0.00179241 -0.00187011 -0.00181139 0.999948 -0.0101143 0.00185127 0.010118 0.999947 -0.0147625 -0.021317 -0.0659947
FixedParameters: 0 0 0

#Transform 154
Transform: AffineTransform_float_3_3
Parameters: 0.999996 0.00192217 -0.00211045 -0.00194458 0.999943 -0.0105798 0.00209044 0.0105841 0.999941 -0.00856313 -0.0731577 -0.0996578
FixedParameters: 0 0 0

#Transform 155
Transform: AffineTransform_float_3_3
Parameters: 0.999997 0.00140643 -0.00165659 -0.00142201 0.999956 -0.0091936 0.00164399 0.00919573 0.999957 -0.0211686 -0.0275254 -0.0519113
FixedParameters: 0 0 0

#Transform 156
Transform: AffineTransform_float_3_3
Parameters: 0.999997 0.00186616 -0.00193816 -0.0018852 0.999952 -0.00962052 0.00191982 0.00962467 0.999952 -0.0131006 -0.0207662 -0.0863378
FixedParameters: 0 0 0

#Transform 157
Transform: AffineTransform_float_3_3
Parameters: 0.999996 0.00187308 -0.00200677 -0.00189244 0.999952 -0.00962285 0.00198843 0.00962634 0.999951 -0.0128847 -0.0245885 -0.0611773
FixedParameters: 0 0 0

#Transform 158
Transform: AffineTransform_float_3_3
Parameters: 0.999997 0.00184148 -0.00154679 -0.00185501 0.999959 -0.00882769 0.00153062 0.00883135 0.99996 -0.0168303 -0.0673307 -0.0341735
FixedParameters: 0 0 0

#Transform 159
Transform: AffineTransform_float_3_3
Parameters: 0.999996 0.00187854 -0.00225928 -0.00190335 0.999941 -0.010647 0.00224003 0.0106515 0.99994 -0.0131212 -0.0165916 -0.0859797
FixedParameters: 0 0 0

#Transform 160
Transform: AffineTransform_float_3_3
Parameters: 0.999997 0.00183283 -0.00165036 -0.00184934 0.99995 -0.00983873 0.00163254 0.00984167 0.99995 -0.0210008 -0.104688 -0.0725862
FixedParameters: 0 0 0

#Transform 161
Transform: AffineTransform_float_3_3
Parameters: 0.999996 0.00188208 -0.00229079 -0.00190636 0.999942 -0.010627 0.00227066 0.0106316 0.999941 -0.0184086 -0.0838157 -0.0971744
FixedParameters: 0 0 0

#Transform 162
Transform: AffineTransform_float_3_3
Parameters: 0.999997 0.00173034 -0.00172097 -0.00174745 0.999947 -0.0101573 0.00170315 0.0101602 0.999947 -0.0163397 -0.0577117 -0.0301134
FixedParameters: 0 0 0

#Transform 163
Transform: AffineTransform_float_3_3
Parameters: 0.999996 0.00210994 -0.00208206 -0.00213221 0.999937 -0.0110636 0.0020581 0.0110677 0.999936 -0.0160545 -0.0706911 -0.120508
FixedParameters: 0 0 0

#Transform 164
Transform: AffineTransform_float_3_3
Parameters: 0.999996 0.00218293 -0.00181769 -0.00220174 0.999943 -0.0104409 0.00179454 0.0104452 0.999944 -0.029974 -0.070866 -0.00745808
FixedParameters: 0 0 0

#Transform 165
Transform: AffineTransform_float_3_3
Parameters: 0.999995 0.00242752 -0.00214181 -0.00245333 0.999925 -0.011983 0.0021122 0.0119879 0.999926 -0.02988 -0.0782244 -0.103799
FixedParameters: 0 0 0

#Transform 166
Transform: AffineTransform_float_3_3
Parameters: 0.999996 0.00224034 -0.00177283 -0.00225797 0.999948 -0.00994021 0.00174978 0.00994344 0.999949 -0.038979 -0.0473859 0.00093983
FixedParameters: 0 0 0

#Transform 167
Transform: AffineTransform_float_3_3
Parameters: 0.999995 0.00218116 -0.00218929 -0.00220617 0.999934 -0.0113077 0.0021636 0.0113123 0.999934 -0.0206381 -0.0278206 -0.090568
FixedParameters: 0 0 0

#Transform 168
Transform: AffineTransform_float_3_3
Parameters: 0.999996 0.00206954 -0.00163054 -0.0020848 0.999953 -0.00954819 0.00161138 0.00955211 0.999953 -0.0444311 -0.0415808 0.0741329
FixedParameters: 0 0 0

#Transform 169
Transform: AffineTransform_float_3_3
Parameters: 0.999995 0.00208042 -0.00217939 -0.00210625 0.999927 -0.0118839 0.00215452 0.0118882 0.999927 -0.0375678 -0.0495744 -0.0691065
FixedParameters: 0 0 0

#Transform 170
Transform: AffineTransform_float_3_3
Parameters: 0.999996 0.00218408 -0.00165989 -0.00219976 0.99995 -0.00976241 0.00163869 0.00976591 0.999951 -0.0755476 -0.0259937 0.0509608
FixedParameters: 0 0 0

#Transform 171
Transform: AffineTransform_float_3_3
Parameters: 0.999996 0.00226592 -0.00193882 -0.00228744 0.999934 -0.0113001 0.00191309 0.0113042 0.999934 -0.0340665 -0.105364 -0.114184
FixedParameters: 0 0 0

#Transform 172
Transform: AffineTransform_float_3_3
Parameters: 0.999998 0.0017405 -0.000853025 -0.00175002 0.999944 -0.0104784 0.00083475 0.0104804 0.999945 -0.0167583 -0.00254255 0.00148353
FixedParameters: 0 0 0

#Transform 173
Transform: AffineTransform_float_3_3
Parameters: 0.999997 0.00182326 -0.00186286 -0.00184525 0.999933 -0.0114496 0.00184124 0.0114535 0.999932 -0.0182048 -0.0853018 -0.0930134
FixedParameters: 0 0 0

#Transform 174
Transform: AffineTransform_float_3_3
Parameters: 0.999999 0.00175635 -0.000822989 -0.00176463 0.999954 -0.00944392 0.000806287 0.00944485 0.999955 -0.017576 -0.0438069 0.0615328
FixedParameters: 0 0 0

#Transform 175
Transform: AffineTransform_float_3_3
Parameters: 0.999995 0.00228526 -0.00214821 -0.00231069 0.999931 -0.0115303 0.00212107 0.0115345 0.999931 -0.0270832 -0.0125276 -0.0498782
FixedParameters: 0 0 0

#Transform 176
Transform: AffineTransform_float_3_3
Parameters: 0.999998 0.00177926 -0.00108018 -0.00178986 0.999952 -0.00961695 0.00106265 0.00961869 0.999953 -0.0179605 -0.0651633 0.0622988
FixedParameters: 0 0 0

#Transform 177
Transform: AffineTransform_float_3_3
Parameters: 0.999995 0.00217683 -0.00210589 -0.00220098 0.99993 -0.0116691 0.00208068 0.0116736 0.999929 -0.0339437 -0.0629051 -0.0770797
FixedParameters: 0 0 0

#Transform 178
Transform: AffineTransform_float_3_3
Parameters: 0.999997 0.00206712 -0.0013566 -0.00208009 0.999953 -0.00953721 0.00133727 0.00954013 0.999953 -0.0555573 -0.0141667 0.0600626
FixedParameters: 0 0 0

#Transform 179
Transform: AffineTransform_float_3_3
Parameters: 0.999996 0.00209025 -0.00193274 -0.00211259 0.999931 -0.0115148 0.00190891 0.0115192 0.999932 -0.0446179 -0.0706487 -0.0681337
FixedParameters: 0 0 0

#Transform 180
Transform: AffineTransform_float_3_3
Parameters: 0.999998 0.00174842 -0.00101879 -0.00175983 0.999939 -0.0109522 0.000999822 0.010954 0.999939 -0.044748 -0.0534396 0.0372036
FixedParameters: 0 0 0

#Transform 181
Transform: AffineTransform_float_3_3
Parameters: 0.999997 0.00197681 -0.0016716 -0.00199753 0.999925 -0.0120938 0.00164756 0.0120976 0.999926 -0.0337644 -0.123095 -0.0781123
FixedParameters: 0 0 0

#Transform 182
Transform: AffineTransform_float_3_3
Parameters: 0.999997 0.00177842 -0.00121682 -0.00179134 0.999944 -0.0104049 0.00119846 0.0104073 0.999945 -0.0365734 -0.0747247 0.0450342
FixedParameters: 0 0 0

#Transform 183
Transform: AffineTransform_float_3_3
Parameters: 0.999996 0.00203252 -0.00180425 -0.00205286 0.999929 -0.0117618 0.00177965 0.0117654 0.999929 -0.0257828 -0.0755595 -0.0607454
FixedParameters: 0 0 0

#Transform 184
Transform: AffineTransform_float_3_3
Parameters: 0.999997 0.00174768 -0.00168795 -0.00176502 0.999944 -0.0103919 0.00166884 0.0103945 0.999945 -0.0322826 -0.0772859 0.0225767
FixedParameters: 0 0 0

#Transform 185
Transform: AffineTransform_float_3_3
Parameters: 0.999996 0.00212632 -0.0018298 -0.00214709 0.999937 -0.0110428 0.00180606 0.0110468 0.999938 -0.0249337 -0.0657496 -0.072988
FixedParameters: 0 0 0

#Transform 186
Transform: AffineTransform_float_3_3
Parameters: 0.999997 0.00187011 -0.00119804 -0.00188176 0.999947 -0.0101309 0.00117897 0.0101324 0.999948 -0.0360426 -0.0442112 0.00297797
FixedParameters: 0 0 0

#Transform 187
Transform: AffineTransform_float_3_3
Parameters: 0.999996 0.00196019 -0.00206498 -0.00198252 0.999941 -0.0107672 0.00204334 0.0107714 0.99994 -0.0548134 -0.0798927 -0.0522824
FixedParameters: 0 0 0

#Transform 188
Transform: AffineTransform_float_3_3
