#Insight Transform File V1.0
#Transform 0
Transform: AffineTransform_float_3_3
Parameters: 1 0.00111477 9.71113e-06 -0.00111484 0.999996 0.00267838 -6.96336e-06 -0.00267834 0.999997 -0.0503453 0.0600374 0.0433569
FixedParameters: 0 0 0

#Transform 1
Transform: AffineTransform_float_3_3
Parameters: 0.999999 0.0010674 4.77448e-06 -0.00106739 0.999996 0.00236504 -1.95387e-06 -0.00236501 0.999997 -0.0337479 0.0259745 -0.0201021
FixedParameters: 0 0 0

#Transform 2
Transform: AffineTransform_float_3_3
Parameters: 0.999999 0.00113259 -0.000590424 -0.00113054 0.999996 0.00255478 0.000593003 -0.00255442 0.999997 -0.025679 0.0260121 -0.00206538
FixedParameters: 0 0 0

#Transform 3
Transform: AffineTransform_float_3_3
Parameters: 0.999999 0.0011091 -1.99272e-05 -0.00110905 0.999998 0.00132187 2.17847e-05 -0.0013218 0.999999 -0.0144445 0.0303547 -0.113921
FixedParameters: 0 0 0

#Transform 4
Transform: AffineTransform_float_3_3
Parameters: 0.999999 0.00125794 -0.000812456 -0.00125599 0.999994 0.00302587 0.00081587 -0.00302487 0.999995 -0.0354813 0.00444767 -0.000848191
FixedParameters: 0 0 0

#Transform 5
Transform: AffineTransform_float_3_3
Parameters: 0.999999 0.00122864 -0.000633704 -0.00122804 0.999997 0.00209037 0.000635856 -0.00208893 0.999997 -0.0314726 0.00445318 -0.0422678
FixedParameters: 0 0 0

#Transform 6
Transform: AffineTransform_float_3_3
Parameters: 0.999999 0.00109046 -0.00116655 -0.00108735 0.999996 0.00258913 0.00116905 -0.00258864 0.999996 -0.0349068 0.00778299 0.0431662
FixedParameters: 0 0 0

#Transform 7
Transform: AffineTransform_float_3_3
Parameters: 0.999999 0.00112328 -0.000716492 -0.00112208 0.999998 0.00153964 0.000717976 -0.00153912 0.999998 -0.0364478 0.0204056 -0.0415155
FixedParameters: 0 0 0

#Transform 8
Transform: AffineTransform_float_3_3
Parameters: 1 0.000805451 -0.000882994 -0.000802733 0.999996 0.00265244 0.000885117 -0.00265106 0.999996 -0.0334791 -0.00830597 0.0749398
FixedParameters: 0 0 0

#Transform 9
Transform: AffineTransform_float_3_3
Parameters: 0.999998 0.00117145 -0.00121007 -0.00117059 0.999999 0.00077511 0.00121091 -0.000773293 0.999999 -0.0336168 0.0399687 -0.0192795
FixedParameters: 0 0 0

#Transform 10
Transform: AffineTransform_float_3_3
Parameters: 1 0.000855193 -0.00065519 -0.000853849 0.999998 0.00176108 0.000657146 -0.00176097 0.999998 -0.0314504 0.0462886 0.0175947
FixedParameters: 0 0 0

#Transform 11
Transform: AffineTransform_float_3_3
Parameters: 1 0.000755789 -0.000939064 -0.000755234 0.999999 0.000296168 0.000939567 -0.000295745 0.999999 -0.0165621 -0.0169352 0.0140231
FixedParameters: 0 0 0

#Transform 12
Transform: AffineTransform_float_3_3
Parameters: 0.999999 0.000330617 -0.000789287 -0.000330631 1 0.000622932 0.000789742 -0.00062245 0.999999 -0.00652435 0.0775579 -0.0230911
FixedParameters: 0 0 0

#Transform 13
Transform: AffineTransform_float_3_3
Parameters: 0.999999 0.000392079 -0.000744637 -0.000391492 1 0.00101207 0.000745372 -0.00101252 0.999999 -0.0152104 0.0219013 0.0308506
FixedParameters: 0 0 0

#Transform 14
Transform: AffineTransform_float_3_3
Parameters: 1 0.000369066 -0.000381453 -0.000369055 1 1.48909e-05 0.000381464 -1.46094e-05 1 -0.00981294 0.0134296 -0.0499021
FixedParameters: 0 0 0

#Transform 15
Transform: AffineTransform_float_3_3
Parameters: 1 0.000422461 -0.000578195 -0.000421578 0.999998 0.0015992 0.000578491 -0.00159973 0.999998 -0.0108084 0.0143206 0.0478951
FixedParameters: 0 0 0

#Transform 16
Transform: AffineTransform_float_3_3
Parameters: 1 0.000390284 -0.000204899 -0.000390138 1 0.000355936 0.000205176 -0.000355776 1 -0.00811298 0.0125567 -0.0500237
FixedParameters: 0 0 0

#Transform 17
Transform: AffineTransform_float_3_3
Parameters: 1 7.68458e-06 -0.000163164 -7.14157e-06 0.999999 0.00154633 0.000163108 -0.00154633 0.999999 -0.0170251 -0.00294005 0.063097
FixedParameters: 0 0 0

#Transform 18
Transform: AffineTransform_float_3_3
Parameters: 1 -2.54365e-05 -0.000189187 2.55254e-05 1 0.000234862 0.000189175 -0.000234871 1 -0.00500678 0.0378674 -0.039748
FixedParameters: 0 0 0

#Transform 19
Transform: AffineTransform_float_3_3
Parameters: 1 2.51059e-05 -0.000164742 -2.55684e-05 0.999999 0.0015066 0.000164783 -0.00150663 0.999999 -0.00981836 0.0173393 0.0393395
FixedParameters: 0 0 0

#Transform 20
Transform: AffineTransform_float_3_3
Parameters: 1 -2.13066e-05 -0.000187192 2.14335e-05 1 0.000338762 0.000187177 -0.00033877 1 -6.06699e-05 0.014155 -0.0249891
FixedParameters: 0 0 0

#Transform 21
Transform: AffineTransform_float_3_3
Parameters: 1 5.81668e-06 -2.24959e-05 -5.7784e-06 0.999999 0.000849023 2.25059e-05 -0.000849022 0.999999 0.0142911 0.00899257 -0.0387789
FixedParameters: 0 0 0

#Transform 22
Transform: AffineTransform_float_3_3
Parameters: 1 -2.79385e-05 -0.000190396 2.80039e-05 1 0.000171922 0.000190386 -0.000171933 1 0.0250113 0.027326 -0.0516546
FixedParameters: 0 0 0

#Transform 23
Transform: AffineTransform_float_3_3
Parameters: 1 -0.000456596 0.000102678 0.000456583 1 6.71878e-05 -0.000102739 -6.70939e-05 1 0.029504 -0.0174343 -0.0748268
FixedParameters: 0 0 0

#Transform 24
Transform: AffineTransform_float_3_3
Parameters: 1 -0.000454382 0.000113509 0.000454356 1 0.00011194 -0.000113611 -0.000111836 1 0.0196461 -0.0603911 0.0516815
FixedParameters: 0 0 0

#Transform 25
Transform: AffineTransform_float_3_3
Parameters: 1 -0.000471809 0.000428756 0.000471416 0.999999 -0.000714089 -0.000429058 0.000713476 0.999999 0.0282811 0.0209868 -0.0715971
FixedParameters: 0 0 0

#Transform 26
Transform: AffineTransform_float_3_3
Parameters: 1 -0.000455151 0.000312599 0.000454242 1 -0.000141042 -0.000312427 0.000141286 1 0.00872884 -0.0107316 0.0274847
FixedParameters: 0 0 0

#Transform 27
Transform: AffineTransform_float_3_3
Parameters: 1 -0.000741679 0.000773834 0.000743498 0.999998 -0.00182569 -0.000772154 0.00182682 0.999998 0.0277947 0.0583987 -0.0256171
FixedParameters: 0 0 0

#Transform 28
Transform: AffineTransform_float_3_3
Parameters: 0.999999 -0.000462574 0.000864071 0.000463335 1 -0.000995865 -0.000863185 0.000996626 0.999999 0.0199374 -0.00858176 0.0174613
FixedParameters: 0 0 0

#Transform 29
Transform: AffineTransform_float_3_3
Parameters: 1 -0.000490935 0.000953884 0.000492512 0.999998 -0.00185722 -0.000953069 0.0018571 0.999998 0.0100958 -0.0566637 -0.0655404
FixedParameters: 0 0 0

#Transform 30
Transform: AffineTransform_float_3_3
Parameters: 1 -0.000393142 0.00105917 0.000394735 0.999998 -0.00167895 -0.00105786 0.0016788 0.999998 -0.00690601 -0.0436116 -0.0136857
FixedParameters: 0 0 0

#Transform 31
Transform: AffineTransform_float_3_3
Parameters: 0.999999 0.000369372 0.00118106 -0.000367436 0.999998 -0.0020677 -0.00118159 0.00206778 0.999997 -0.0162054 0.0162435 -0.0804468
FixedParameters: 0 0 0

#Transform 32
Transform: AffineTransform_float_3_3
Parameters: 0.999997 0.000904443 0.0022827 -0.000906159 1 0.00077721 -0.00228133 -0.000779094 0.999997 -0.101498 -0.0328797 -0.0937656
FixedParameters: 0 0 0

#Transform 33
Transform: AffineTransform_float_3_3
Parameters: 0.999999 -0.000813559 0.00122517 0.000814683 0.999999 -0.000459736 -0.00122444 0.000460824 0.999999 -0.0019735 -0.0238716 -0.0734712
FixedParameters: 0 0 0

#Transform 34
Transform: AffineTransform_float_3_3
Parameters: 0.999999 -0.000889009 0.00120528 0.000890946 0.999999 -0.00161947 -0.00120341 0.00162055 0.999998 0.0143695 -0.0194262 -0.024447
FixedParameters: 0 0 0

#Transform 35
Transform: AffineTransform_float_3_3
Parameters: 0.999999 -0.00101712 0.00105798 0.00101941 0.999998 -0.00201894 -0.00105596 0.00202005 0.999998 0.0156889 -0.0263354 -0.0236253
FixedParameters: 0 0 0

#Transform 36
Transform: AffineTransform_float_3_3
Parameters: 0.999998 -0.0010421 0.00139474 0.00104684 0.999994 -0.00311302 -0.00139147 0.00311492 0.999994 0.016678 -0.0175989 -0.0673439
FixedParameters: 0 0 0

#Transform 37
Transform: AffineTransform_float_3_3
Parameters: 0.999998 -0.00117944 0.00119403 0.00118336 0.999995 -0.00285857 -0.00119049 0.00285934 0.999995 0.00746964 -0.0415618 0.0285249
FixedParameters: 0 0 0

#Transform 38
Transform: AffineTransform_float_3_3
Parameters: 0.999998 -0.00124216 0.00117239 0.00124692 0.999991 -0.00410082 -0.0011666 0.00410262 0.999991 0.0217231 -0.00940533 -0.048602
FixedParameters: 0 0 0

#Transform 39
Transform: AffineTransform_float_3_3
Parameters: 0.999998 -0.00106017 0.00125829 0.00106486 0.999993 -0.00342009 -0.00125433 0.00342176 0.999994 0.01406 -0.0669252 -0.0137217
FixedParameters: 0 0 0

#Transform 40
Transform: AffineTransform_float_3_3
Parameters: 0.999998 -0.0010888 0.0013023 0.00109504 0.999991 -0.00424354 -0.00129753 0.00424526 0.99999 0.0196829 -0.0234008 -0.0848225
FixedParameters: 0 0 0

#Transform 41
Transform: AffineTransform_float_3_3
Parameters: 0.999999 -0.00147079 0.0011928 0.00147551 0.999993 -0.00362544 -0.00118737 0.0036268 0.999992 0.0183912 -0.0388411 0.0178011
FixedParameters: 0 0 0

#Transform 42
Transform: AffineTransform_float_3_3
Parameters: 0.999999 -0.00110598 0.00115759 0.00111165 0.999989 -0.00451148 -0.00115217 0.00451293 0.999989 0.0190051 0.0229068 -0.095008
FixedParameters: 0 0 0

#Transform 43
Transform: AffineTransform_float_3_3
Parameters: 0.999998 -0.00156159 0.00128807 0.00156615 0.999992 -0.00368545 -0.00128182 0.00368738 0.999993 0.0216249 -0.00653165 -0.0280176
FixedParameters: 0 0 0

#Transform 44
Transform: AffineTransform_float_3_3
Parameters: 0.999999 -0.00146974 0.00116365 0.00147583 0.999986 -0.00510833 -0.0011563 0.00510965 0.999986 0.0109718 -0.0440093 -0.0708529
FixedParameters: 0 0 0

#Transform 45
Transform: AffineTransform_float_3_3
Parameters: 0.999998 -0.00148668 0.00123767 0.0014928 0.999986 -0.00520506 -0.0012299 0.00520661 0.999986 0.0202448 -0.0431905 -0.0501899
FixedParameters: 0 0 0

#Transform 46
Transform: AffineTransform_float_3_3
Parameters: 0.999999 -0.00119408 0.0010927 0.00119963 0.999986 -0.00517036 -0.00108709 0.00517186 0.999986 0.0161058 -0.0429857 -0.0283561
FixedParameters: 0 0 0

#Transform 47
Transform: AffineTransform_float_3_3
Parameters: 0.999998 -0.00135299 0.00115775 0.00135808 0.999986 -0.00511303 -0.00115061 0.00511501 0.999986 0.0205106 -0.0455047 -0.0957373
FixedParameters: 0 0 0

#Transform 48
Transform: AffineTransform_float_3_3
Parameters: 0.999999 -0.00143984 0.00115854 0.00144633 0.999985 -0.00529262 -0.00115105 0.00529387 0.999985 0.019512 -0.0427075 -0.0422164
FixedParameters: 0 0 0

#Transform 49
Transform: AffineTransform_float_3_3
Parameters: 0.999998 -0.0016767 0.00116016 0.00168244 0.999981 -0.00581253 -0.00115056 0.00581428 0.999983 0.02428 0.000286577 -0.0780121
FixedParameters: 0 0 0

#Transform 50
Transform: AffineTransform_float_3_3
Parameters: 0.999999 -0.00149772 0.00115126 0.00150435 0.999982 -0.00580964 -0.00114276 0.00581197 0.999983 0.0304809 -0.109098 -0.0694625
FixedParameters: 0 0 0

#Transform 51
Transform: AffineTransform_float_3_3
Parameters: 0.999998 -0.00157549 0.00132024 0.00158369 0.999978 -0.00637894 -0.00131028 0.00638102 0.999979 0.0446333 0.00726761 -0.129976
FixedParameters: 0 0 0

#Transform 52
Transform: AffineTransform_float_3_3
Parameters: 0.999997 -0.0016155 0.00144097 0.00162259 0.999986 -0.00517134 -0.00143291 0.00517384 0.999986 0.0265314 -0.100791 0.0146688
FixedParameters: 0 0 0

#Transform 53
Transform: AffineTransform_float_3_3
Parameters: 0.999998 -0.00156382 0.00168145 0.00157404 0.999979 -0.00621363 -0.00167192 0.00621573 0.999979 0.0428882 -0.00510615 -0.109682
FixedParameters: 0 0 0

#Transform 54
Transform: AffineTransform_float_3_3
Parameters: 0.999997 -0.00196074 0.0011127 0.00196617 0.999988 -0.00464103 -0.00110305 0.00464326 0.999989 0.0456007 -0.0744337 -0.0445977
FixedParameters: 0 0 0

#Transform 55
Transform: AffineTransform_float_3_3
Parameters: 0.999997 -0.00202182 0.00118687 0.00203017 0.999977 -0.0063674 -0.00117425 0.00637006 0.999979 0.0500682 -0.0568492 -0.0982919
FixedParameters: 0 0 0

#Transform 56
Transform: AffineTransform_float_3_3
Parameters: 0.999997 -0.00199713 0.00119794 0.002004 0.999981 -0.00572403 -0.00118691 0.00572666 0.999982 0.043666 -0.0708896 -0.000522269
FixedParameters: 0 0 0

#Transform 57
Transform: AffineTransform_float_3_3
Parameters: 0.999996 -0.00236609 0.00166589 0.00237664 0.999976 -0.00642546 -0.00165146 0.00642919 0.999979 0.0505982 -0.0422858 -0.079142
FixedParameters: 0 0 0

#Transform 58
Transform: AffineTransform_float_3_3
Parameters: 0.999996 -0.00219305 0.00177992 0.00220366 0.99998 -0.00602321 -0.00176726 0.00602675 0.99998 0.0324429 -0.0504996 0.018844
FixedParameters: 0 0 0

#Transform 59
Transform: AffineTransform_float_3_3
Parameters: 0.999995 -0.0022881 0.00191846 0.00230124 0.999973 -0.00700149 -0.00190256 0.00700601 0.999974 0.048859 -0.0261693 -0.0692771
FixedParameters: 0 0 0

#Transform 60
Transform: AffineTransform_float_3_3
Parameters: 0.999996 -0.0023522 0.00165639 0.00236263 0.999976 -0.0064159 -0.00164111 0.00641943 0.999978 0.0450257 -0.0823502 0.0479155
FixedParameters: 0 0 0

#Transform 61
Transform: AffineTransform_float_3_3
Parameters: 0.999995 -0.0024007 0.00220445 0.00241564 0.999972 -0.00717279 -0.0021871 0.00717802 0.999972 0.0697635 -0.00101103 -0.0371853
FixedParameters: 0 0 0

#Transform 62
Transform: AffineTransform_float_3_3
Parameters: 0.999995 -0.00242123 0.00212001 0.00243557 0.999973 -0.0068732 -0.00210367 0.00687819 0.999974 0.0658638 -0.073407 0.0492955
FixedParameters: 0 0 0

#Transform 63
Transform: AffineTransform_float_3_3
Parameters: 0.999995 -0.00244417 0.00217211 0.00246044 0.999969 -0.00757578 -0.00215338 0.00758106 0.999969 0.0696073 -0.0482118 -0.0441314
FixedParameters: 0 0 0

#Transform 64
Transform: AffineTransform_float_3_3
Parameters: 0.999996 -0.00244198 0.00195758 0.0024555 0.999971 -0.00720899 -0.00193947 0.00721318 0.999972 0.0752688 0.0016825 0.0247449
FixedParameters: 0 0 0

#Transform 65
Transform: AffineTransform_float_3_3
Parameters: 0.999994 -0.00243909 0.00226996 0.00245585 0.999969 -0.00757764 -0.00225125 0.00758334 0.999969 0.0755101 -0.0605168 0.0847318
FixedParameters: 0 0 0

#Transform 66
Transform: AffineTransform_float_3_3
Parameters: 0.999993 -0.00292618 0.00228529 0.0029446 0.999962 -0.00812399 -0.00226116 0.00813094 0.999964 0.086044 -0.0594483 0.0508788
FixedParameters: 0 0 0

#Transform 67
Transform: AffineTransform_float_3_3
Parameters: 0.999994 -0.00270046 0.00227437 0.00271854 0.999964 -0.0080742 -0.0022522 0.00808012 0.999965 0.0667293 -0.083332 0.089058
FixedParameters: 0 0 0

#Transform 68
Transform: AffineTransform_float_3_3
Parameters: 0.999993 -0.00262756 0.00226703 0.00264646 0.999963 -0.00826334 -0.00224517 0.0082698 0.999963 0.0700809 0.00341863 0.0110893
FixedParameters: 0 0 0

#Transform 69
Transform: AffineTransform_float_3_3
Parameters: 0.999994 -0.002668 0.00207976 0.00268446 0.999966 -0.007727 -0.00205897 0.00773183 0.999968 0.065615 -0.0739746 0.124047
FixedParameters: 0 0 0

#Transform 70
Transform: AffineTransform_float_3_3
Parameters: 0.999994 -0.00267198 0.00227217 0.00269016 0.999963 -0.00811339 -0.00225022 0.00812016 0.999964 0.069504 -0.076557 0.00798632
FixedParameters: 0 0 0

#Transform 71
Transform: AffineTransform_float_3_3
Parameters: 0.999992 -0.00335251 0.00231743 0.00337067 0.999965 -0.00757613 -0.00229169 0.00758425 0.999969 0.073294 -0.0869646 0.126889
FixedParameters: 0 0 0

#Transform 72
Transform: AffineTransform_float_3_3
Parameters: 0.99999 -0.00346167 0.00281648 0.00348573 0.999958 -0.00850121 -0.00278695 0.0085112 0.99996 0.0952786 -0.0513263 -0.0027064
FixedParameters: 0 0 0

#Transform 73
Transform: AffineTransform_float_3_3
Parameters: 0.99999 -0.00377843 0.00233758 0.00379633 0.999963 -0.00768879 -0.00230849 0.00769787 0.999968 0.102606 -0.0233374 0.101086
FixedParameters: 0 0 0

#Transform 74
Transform: AffineTransform_float_3_3
Parameters: 0.999993 -0.00259237 0.00271523 0.00261586 0.999957 -0.00883971 -0.00269198 0.00884732 0.999957 0.0928797 -0.0586498 -0.0687372
FixedParameters: 0 0 0

#Transform 75
Transform: AffineTransform_float_3_3
Parameters: 0.999994 -0.00272655 0.00226187 0.00274594 0.999958 -0.00882665 -0.0022375 0.00883349 0.999958 0.11858 -0.0837846 -0.0657242
FixedParameters: 0 0 0

#Transform 76
Transform: AffineTransform_float_3_3
Parameters: 0.999996 -0.00220589 0.00222097 0.00222703 0.999953 -0.00952337 -0.00220022 0.0095277 0.999952 0.0928956 -0.0470645 -0.112739
FixedParameters: 0 0 0

#Transform 77
Transform: AffineTransform_float_3_3
Parameters: 0.999995 -0.00253238 0.00208019 0.00254976 0.999961 -0.00840131 -0.00205832 0.0084075 0.999962 0.0831733 -0.140615 0.00145699
FixedParameters: 0 0 0

#Transform 78
Transform: AffineTransform_float_3_3
Parameters: 0.999993 -0.00273785 0.00258469 0.00276358 0.999947 -0.00987231 -0.00255692 0.00987902 0.999948 0.105188 -0.060858 -0.0546
FixedParameters: 0 0 0

#Transform 79
Transform: AffineTransform_float_3_3
Parameters: 0.999991 -0.00302939 0.00282221 0.0030526 0.99996 -0.00847367 -0.0027962 0.00848117 0.99996 0.0926896 -0.0378088 0.0376534
FixedParameters: 0 0 0

#Transform 80
Transform: AffineTransform_float_3_3
Parameters: 0.999992 -0.00284346 0.00290291 0.00287276 0.999945 -0.0100913 -0.00287376 0.0100992 0.999945 0.0899969 -0.0563015 -0.0170639
FixedParameters: 0 0 0

#Transform 81
Transform: AffineTransform_float_3_3
Parameters: 0.999993 -0.00282763 0.00251337 0.00285061 0.999955 -0.00905866 -0.00248795 0.00906643 0.999956 0.0494758 -0.10874 0.0327835
FixedParameters: 0 0 0

#Transform 82
Transform: AffineTransform_float_3_3
Parameters: 0.999993 -0.00262359 0.00253362 0.00264933 0.999944 -0.0102387 -0.00250642 0.0102454 0.999944 0.0502893 -0.0816355 -0.0582196
FixedParameters: 0 0 0

#Transform 83
Transform: AffineTransform_float_3_3
Parameters: 0.999995 -0.00243312 0.00223014 0.00245386 0.999952 -0.00941891 -0.00220649 0.0094243 0.999953 0.054803 -0.0711277 -0.0169102
FixedParameters: 0 0 0

#Transform 84
Transform: AffineTransform_float_3_3
Parameters: 0.999994 -0.00256232 0.0021588 0.00258288 0.99995 -0.00969457 -0.00213452 0.00970022 0.999951 0.0674253 -0.0913377 -0.0351367
FixedParameters: 0 0 0

#Transform 85
Transform: AffineTransform_float_3_3
Parameters: 0.999994 -0.00229633 0.00215864 0.00231564 0.999958 -0.00894299 -0.00213863 0.00894751 0.999958 0.0636382 -0.116897 -0.0251324
FixedParameters: 0 0 0

#Transform 86
Transform: AffineTransform_float_3_3
Parameters: 0.999995 -0.00209092 0.00213628 0.00211158 0.999953 -0.00954175 -0.00211675 0.00954624 0.999952 0.0371063 -0.12788 -0.0106229
FixedParameters: 0 0 0

#Transform 87
Transform: AffineTransform_float_3_3
Parameters: 0.999992 -0.00290134 0.00276944 0.0029276 0.999952 -0.00934797 -0.00274201 0.00935651 0.999952 0.0542641 -0.0981861 0.0493343
FixedParameters: 0 0 0

#Transform 88
Transform: AffineTransform_float_3_3
Parameters: 0.999994 -0.00249236 0.00258369 0.00252029 0.999938 -0.0108175 -0.00255673 0.0108239 0.999939 0.0612914 -0.117492 -0.0333104
FixedParameters: 0 0 0

#Transform 89
Transform: AffineTransform_float_3_3
Parameters: 0.999993 -0.00238883 0.00289159 0.00241735 0.999949 -0.00980412 -0.00286787 0.00981144 0.999948 0.0428991 -0.0897783 0.0707359
FixedParameters: 0 0 0

#Transform 90
Transform: AffineTransform_float_3_3
Parameters: 0.999994 -0.0024033 0.00249294 0.00243061 0.999936 -0.0110691 -0.00246683 0.0110755 0.999935 0.0444978 -0.135897 -0.0252826
FixedParameters: 0 0 0

#Transform 91
Transform: AffineTransform_float_3_3
Parameters: 0.999993 -0.00264534 0.00247551 0.00267037 0.999945 -0.0101417 -0.00244835 0.0101483 0.999945 0.037043 -0.122415 0.0883055
FixedParameters: 0 0 0

#Transform 92
Transform: AffineTransform_float_3_3
Parameters: 0.999994 -0.00247563 0.00247541 0.00250423 0.99993 -0.0115742 -0.00244662 0.0115799 0.99993 0.051392 -0.121846 -0.0378852
FixedParameters: 0 0 0

#Transform 93
Transform: AffineTransform_float_3_3
Parameters: 0.999995 -0.00242731 0.0018225 0.00244668 0.999939 -0.0107816 -0.00179652 0.0107861 0.999941 0.0130499 -0.148486 0.0231447
FixedParameters: 0 0 0

#Transform 94
Transform: AffineTransform_float_3_3
Parameters: 0.999995 -0.0024159 0.00210483 0.00244148 0.999923 -0.012136 -0.00207539 0.0121407 0.999924 0.023591 -0.133447 -0.0521579
FixedParameters: 0 0 0

#Transform 95
Transform: AffineTransform_float_3_3
Parameters: 0.999995 -0.00237869 0.00211903 0.00240265 0.999933 -0.011275 -0.00209291 0.0112807 0.999935 0.017162 -0.150255 -0.0152975
FixedParameters: 0 0 0

#Transform 96
Transform: AffineTransform_float_3_3
Parameters: 0.999994 -0.00258289 0.00211519 0.0026084 0.999923 -0.0120862 -0.00208387 0.0120916 0.999925 0.0260863 -0.167534 -0.0393739
FixedParameters: 0 0 0

#Transform 97
Transform: AffineTransform_float_3_3
Parameters: 0.999994 -0.00280462 0.0019438 0.00282611 0.999933 -0.0111963 -0.00191256 0.0112018 0.999936 0.0268471 -0.095994 0.0464895
FixedParameters: 0 0 0

#Transform 98
Transform: AffineTransform_float_3_3
Parameters: 0.999992 -0.00313249 0.00241401 0.0031611 0.999921 -0.0121231 -0.00237589 0.0121305 0.999923 0.0461905 -0.122531 -0.0414989
FixedParameters: 0 0 0

#Transform 99
Transform: AffineTransform_float_3_3
Parameters: 0.999992 -0.00318307 0.00259828 0.00321195 0.999932 -0.011177 -0.00256218 0.0111849 0.999934 0.0333852 -0.108553 0.0805135
FixedParameters: 0 0 0

#Transform 100
Transform: AffineTransform_float_3_3
Parameters: 0.999991 -0.00316028 0.00297263 0.00319783 0.999917 -0.0125051 -0.00293242 0.0125142 0.999918 0.0543622 -0.127248 0.0154867
FixedParameters: 0 0 0

#Transform 101
Transform: AffineTransform_float_3_3
Parameters: 0.999989 -0.00339174 0.00301524 0.00342572 0.999928 -0.011474 -0.00297537 0.0114847 0.999929 0.0635325 -0.1034 0.0996628
FixedParameters: 0 0 0

#Transform 102
Transform: AffineTransform_float_3_3
Parameters: 0.999991 -0.00318031 0.00281937 0.0032154 0.999916 -0.0125669 -0.00277941 0.0125751 0.999917 0.0375912 -0.0811329 0.0610104
FixedParameters: 0 0 0

#Transform 103
Transform: AffineTransform_float_3_3
Parameters: 0.99999 -0.0033869 0.00282103 0.00342025 0.999921 -0.0121237 -0.00277948 0.0121332 0.999923 0.0502857 -0.156916 0.0714667
FixedParameters: 0 0 0

#Transform 104
Transform: AffineTransform_float_3_3
Parameters: 0.999992 -0.00300523 0.00257977 0.00303784 0.999918 -0.0124703 -0.00254189 0.0124782 0.999919 0.0438936 -0.0847416 0.0650364
FixedParameters: 0 0 0

#Transform 105
Transform: AffineTransform_float_3_3
Parameters: 0.99999 -0.00297794 0.00322023 0.00301673 0.999921 -0.0122026 -0.00318402 0.012212 0.999921 0.0412514 -0.11617 0.0500076
FixedParameters: 0 0 0

#Transform 106
Transform: AffineTransform_float_3_3
Parameters: 0.999991 -0.00329634 0.0026935 0.00332965 0.999917 -0.0124699 -0.00265222 0.0124779 0.999918 0.039473 -0.127285 0.0692684
FixedParameters: 0 0 0

#Transform 107
Transform: AffineTransform_float_3_3
Parameters: 0.999991 -0.00273493 0.00320304 0.00277469 0.999919 -0.0123888 -0.00316895 0.0123977 0.999918 0.0327297 -0.0780125 -0.00499577
FixedParameters: 0 0 0

#Transform 108
Transform: AffineTransform_float_3_3
Parameters: 0.999989 -0.00375425 0.00276464 0.00378768 0.999916 -0.0124106 -0.00271817 0.0124205 0.999919 0.0377222 -0.103973 0.138237
FixedParameters: 0 0 0

#Transform 109
Transform: AffineTransform_float_3_3
Parameters: 0.999987 -0.00390907 0.00348311 0.00395639 0.9999 -0.0135388 -0.00343037 0.0135522 0.999902 0.0604348 -0.098933 0.0202325
FixedParameters: 0 0 0

#Transform 110
Transform: AffineTransform_float_3_3
Parameters: 0.99999 -0.00350094 0.00269557 0.00353523 0.999911 -0.0128376 -0.00264985 0.0128467 0.999914 0.00979892 -0.15727 0.101983
FixedParameters: 0 0 0

#Transform 111
Transform: AffineTransform_float_3_3
Parameters: 0.999988 -0.00357114 0.00314192 0.00361387 0.999901 -0.0135952 -0.00309338 0.0136058 0.999903 0.0521506 -0.131792 0.0420438
FixedParameters: 0 0 0

#Transform 112
Transform: AffineTransform_float_3_3
Parameters: 0.999988 -0.00366902 0.00324931 0.00370997 0.999911 -0.0127709 -0.00320231 0.0127829 0.999913 0.0495587 -0.122174 0.157031
FixedParameters: 0 0 0

#Transform 113
Transform: AffineTransform_float_3_3
Parameters: 0.999985 -0.00425332 0.00333242 0.00429792 0.999898 -0.0136139 -0.00327487 0.0136273 0.999902 0.060494 -0.0650037 0.0614634
FixedParameters: 0 0 0

#Transform 114
Transform: AffineTransform_float_3_3
Parameters: 0.999984 -0.00435595 0.00342564 0.0043969 0.999916 -0.0121876 -0.00337251 0.0122025 0.99992 0.0472497 -0.136324 0.166702
FixedParameters: 0 0 0

#Transform 115
Transform: AffineTransform_float_3_3
Parameters: 0.999983 -0.00425132 0.00382013 0.00430446 0.999892 -0.0140305 -0.00376 0.0140469 0.999894 0.0589313 -0.124967 0.0501943
FixedParameters: 0 0 0

#Transform 116
Transform: AffineTransform_float_3_3
Parameters: 0.999983 -0.00408296 0.00403028 0.00413372 0.999911 -0.0126557 -0.00397797 0.0126717 0.999911 0.0402016 -0.0892105 0.139273
FixedParameters: 0 0 0

#Transform 117
Transform: AffineTransform_float_3_3
Parameters: 0.999984 -0.00415313 0.00380035 0.00420453 0.999897 -0.0137403 -0.00374217 0.0137557 0.999898 0.047081 -0.0999527 0.0550156
FixedParameters: 0 0 0

#Transform 118
Transform: AffineTransform_float_3_3
Parameters: 0.999983 -0.00412373 0.00409953 0.00417773 0.999903 -0.0133116 -0.00404414 0.0133283 0.999903 0.052748 -0.150262 0.169277
FixedParameters: 0 0 0

#Transform 119
Transform: AffineTransform_float_3_3
Parameters: 0.999981 -0.00419134 0.00449052 0.00425571 0.999889 -0.0142853 -0.0044307 0.0143038 0.999888 0.0565782 -0.12788 0.0617949
FixedParameters: 0 0 0

#Transform 120
Transform: AffineTransform_float_3_3
Parameters: 0.999977 -0.00458925 0.00503615 0.00465904 0.999892 -0.0139042 -0.00497164 0.0139273 0.999891 0.0626726 -0.141881 0.221686
FixedParameters: 0 0 0

#Transform 121
Transform: AffineTransform_float_3_3
Parameters: 0.999976 -0.00461676 0.00521135 0.00469503 0.999872 -0.0152737 -0.00514029 0.0152975 0.99987 0.0950094 -0.146999 0.0958926
FixedParameters: 0 0 0

#Transform 122
Transform: AffineTransform_float_3_3
Parameters: 0.999974 -0.0050957 0.00499749 0.00516788 0.999882 -0.0144666 -0.00492246 0.0144921 0.999883 0.0985433 -0.143641 0.182029
FixedParameters: 0 0 0

#Transform 123
Transform: AffineTransform_float_3_3
Parameters: 0.999976 -0.00461155 0.00514896 0.00469053 0.999871 -0.0153341 -0.00507755 0.0153582 0.999869 0.0940125 -0.128146 0.132423
FixedParameters: 0 0 0

#Transform 124
Transform: AffineTransform_float_3_3
Parameters: 0.999969 -0.0055167 0.00558139 0.00559601 0.999882 -0.0143336 -0.00550093 0.0143647 0.999882 0.115172 -0.0930444 0.187157
FixedParameters: 0 0 0

#Transform 125
Transform: AffineTransform_float_3_3
Parameters: 0.99997 -0.00508046 0.00586479 0.00516924 0.999871 -0.0151769 -0.0057868 0.0152061 0.999868 0.130888 -0.122999 0.20118
FixedParameters: 0 0 0

#Transform 126
Transform: AffineTransform_float_3_3
Parameters: 0.99996 -0.0058211 0.00684203 0.00592555 0.999866 -0.015284 -0.00675231 0.0153242 0.99986 0.164211 -0.0734491 0.167787
FixedParameters: 0 0 0

#Transform 127
Transform: AffineTransform_float_3_3
Parameters: 0.999967 -0.00546304 0.00597479 0.00555473 0.999865 -0.0154893 -0.00588883 0.015522 0.999863 0.18338 -0.15387 0.140629
FixedParameters: 0 0 0

#Transform 128
Transform: AffineTransform_float_3_3
Parameters: 0.999968 -0.00561518 0.00563269 0.00570542 0.999855 -0.0160372 -0.00554156 0.0160689 0.999856 0.222266 -0.131842 0.067219
FixedParameters: 0 0 0

#Transform 129
Transform: AffineTransform_float_3_3
Parameters: 0.999974 -0.00502154 0.00533583 0.00510465 0.999863 -0.0157608 -0.00525561 0.0157878 0.999861 0.210222 -0.154523 0.0869917
FixedParameters: 0 0 0

#Transform 130
Transform: AffineTransform_float_3_3
Parameters: 0.999975 -0.00505326 0.0051284 0.00513471 0.99986 -0.0159416 -0.00504671 0.0159679 0.99986 0.196193 -0.160083 0.0740135
FixedParameters: 0 0 0

#Transform 131
Transform: AffineTransform_float_3_3
Parameters: 0.999976 -0.00470925 0.00512 0.00479159 0.999857 -0.0162211 -0.00504306 0.0162459 0.999856 0.187723 -0.177279 0.17212
FixedParameters: 0 0 0

#Transform 132
Transform: AffineTransform_float_3_3
Parameters: 0.999969 -0.00521602 0.00592943 0.00531369 0.999848 -0.0165858 -0.00584261 0.0166171 0.999845 0.180445 -0.124486 0.0913658
FixedParameters: 0 0 0

#Transform 133
Transform: AffineTransform_float_3_3
Parameters: 0.999966 -0.00541831 0.00620745 0.00551515 0.999864 -0.0155635 -0.00612187 0.0155972 0.999859 0.182912 -0.168111 0.217871
FixedParameters: 0 0 0

#Transform 134
Transform: AffineTransform_float_3_3
Parameters: 0.999964 -0.00550334 0.00649416 0.00561556 0.999833 -0.0173409 -0.00639754 0.0173767 0.999829 0.173061 -0.140175 0.108917
FixedParameters: 0 0 0

#Transform 135
Transform: AffineTransform_float_3_3
Parameters: 0.999952 -0.0064136 0.00746913 0.0065347 0.999845 -0.0163313 -0.00736277 0.0163793 0.999839 0.196494 -0.239284 0.280687
FixedParameters: 0 0 0

#Transform 136
Transform: AffineTransform_float_3_3
Parameters: 0.999959 -0.00595886 0.00686891 0.00607942 0.999825 -0.0176751 -0.0067622 0.017716 0.99982 0.213619 -0.16629 0.117519
FixedParameters: 0 0 0

#Transform 137
Transform: AffineTransform_float_3_3
Parameters: 0.999951 -0.00673295 0.00715083 0.00684949 0.999844 -0.0163335 -0.00704022 0.0163817 0.999841 0.253926 -0.125291 0.220715
FixedParameters: 0 0 0

#Transform 138
Transform: AffineTransform_float_3_3
Parameters: 0.999959 -0.00606049 0.00670805 0.0061723 0.999839 -0.0168707 -0.00660496 0.0169121 0.999835 0.210145 -0.150525 0.117191
FixedParameters: 0 0 0

#Transform 139
Transform: AffineTransform_float_3_3
Parameters: 0.999948 -0.00676668 0.00770231 0.00689545 0.999836 -0.0167969 -0.0075871 0.0168492 0.999829 0.22102 -0.196108 0.314907
FixedParameters: 0 0 0

#Transform 140
Transform: AffineTransform_float_3_3
Parameters: 0.999941 -0.00694692 0.00833508 0.0071013 0.999801 -0.0186654 -0.00820347 0.018724 0.999791 0.235877 -0.124271 0.18413
FixedParameters: 0 0 0

#Transform 141
Transform: AffineTransform_float_3_3
Parameters: 0.999944 -0.00704415 0.00797447 0.00718536 0.999814 -0.0178859 -0.00784693 0.017943 0.999808 0.207826 -0.152053 0.310143
FixedParameters: 0 0 0

#Transform 142
Transform: AffineTransform_float_3_3
Parameters: 0.999948 -0.00642066 0.00789527 0.00656555 0.999807 -0.018511 -0.00777493 0.0185624 0.999798 0.203832 -0.185344 0.173963
FixedParameters: 0 0 0

#Transform 143
Transform: AffineTransform_float_3_3
Parameters: 0.999945 -0.00688437 0.00788804 0.00702747 0.99981 -0.0181867 -0.00776156 0.0182411 0.999804 0.207333 -0.159091 0.256794
FixedParameters: 0 0 0

#Transform 144
Transform: AffineTransform_float_3_3
Parameters: 0.999952 -0.00611752 0.00771333 0.00626154 0.999806 -0.0186781 -0.00759768 0.0187257 0.999796 0.200966 -0.162447 0.162052
FixedParameters: 0 0 0

#Transform 145
Transform: AffineTransform_float_3_3
Parameters: 0.999941 -0.00718721 0.00807357 0.00732985 0.999813 -0.0178832 -0.00794385 0.0179421 0.999807 0.21133 -0.0925242 0.26737
FixedParameters: 0 0 0

#Transform 146
Transform: AffineTransform_float_3_3
Parameters: 0.999952 -0.00610407 0.00764022 0.00624333 0.999812 -0.0183536 -0.00752682 0.018401 0.999802 0.20039 -0.14295 0.193042
FixedParameters: 0 0 0

#Transform 147
Transform: AffineTransform_float_3_3
Parameters: 0.999953 -0.00548192 0.00800766 0.0056166 0.999841 -0.0169086 -0.00791368 0.0169531 0.999825 0.193726 -0.0468449 0.2104
FixedParameters: 0 0 0

#Transform 148
Transform: AffineTransform_float_3_3
Parameters: 0.999945 -0.00653716 0.00826091 0.00667823 0.999829 -0.0172409 -0.00814747 0.0172952 0.999817 0.234843 -0.168751 0.237271
FixedParameters: 0 0 0

#Transform 149
Transform: AffineTransform_float_3_3
Parameters: 0.999937 -0.00712323 0.00864137 0.00727305 0.999822 -0.0174115 -0.00851576 0.0174736 0.999811 0.22363 -0.0888698 0.220434
FixedParameters: 0 0 0

#Transform 150
Transform: AffineTransform_float_3_3
Parameters: 0.999944 -0.00645126 0.00843113 0.00659874 0.999825 -0.0175022 -0.00831738 0.0175564 0.999812 0.235702 -0.147531 0.172378
FixedParameters: 0 0 0

#Transform 151
Transform: AffineTransform_float_3_3
Parameters: 0.999937 -0.00693826 0.00882198 0.00709215 0.999822 -0.0175045 -0.00869952 0.0175662 0.999808 0.240474 -0.145979 0.186105
FixedParameters: 0 0 0

#Transform 152
Transform: AffineTransform_float_3_3
Parameters: 0.999949 -0.00650051 0.00768583 0.00663469 0.999825 -0.0174907 -0.00757023 0.0175408 0.999818 0.236108 -0.203972 0.192673
FixedParameters: 0 0 0

#Transform 153
Transform: AffineTransform_float_3_3
Parameters: 0.999945 -0.00607275 0.00862196 0.00621776 0.999839 -0.0168493 -0.00851885 0.0169017 0.999821 0.228129 -0.137705 0.152053
FixedParameters: 0 0 0

#Transform 154
Transform: AffineTransform_float_3_3
Parameters: 0.999935 -0.00726498 0.00880142 0.0074142 0.999826 -0.0171233 -0.00867564 0.0171872 0.999814 0.244502 -0.0971122 0.215721
FixedParameters: 0 0 0

#Transform 155
Transform: AffineTransform_float_3_3
Parameters: 0.999928 -0.00754439 0.00939532 0.00771843 0.999796 -0.0186376 -0.00925237 0.0187082 0.999782 0.247301 -0.149764 0.16782
FixedParameters: 0 0 0

#Transform 156
Transform: AffineTransform_float_3_3
Parameters: 0.999941 -0.00693193 0.00837335 0.00707419 0.99983 -0.0170342 -0.00825377 0.0170924 0.99982 0.241509 -0.153579 0.182202
FixedParameters: 0 0 0

#Transform 157
Transform: AffineTransform_float_3_3
Parameters: 0.99994 -0.00699238 0.00850754 0.0071414 0.999822 -0.0175162 -0.00838432 0.0175763 0.999811 0.243595 -0.138414 0.129874
FixedParameters: 0 0 0

#Transform 158
Transform: AffineTransform_float_3_3
Parameters: 0.999934 -0.00685262 0.00923573 0.00701191 0.999827 -0.0172804 -0.00911581 0.0173434 0.999808 0.236468 -0.13508 0.281024
FixedParameters: 0 0 0

#Transform 159
Transform: AffineTransform_float_3_3
Parameters: 0.999932 -0.00730967 0.00908314 0.00747621 0.999801 -0.0184724 -0.00894572 0.0185391 0.999788 0.242743 -0.153575 0.159063
FixedParameters: 0 0 0

#Transform 160
Transform: AffineTransform_float_3_3
Parameters: 0.999928 -0.00761001 0.00921234 0.00777188 0.999814 -0.0176506 -0.00907651 0.0177207 0.999801 0.246163 -0.149421 0.250256
FixedParameters: 0 0 0

#Transform 161
Transform: AffineTransform_float_3_3
Parameters: 0.999928 -0.00712826 0.00964869 0.00730175 0.99981 -0.0180563 -0.00951818 0.0181253 0.999791 0.263163 -0.12164 0.158869
FixedParameters: 0 0 0

#Transform 162
Transform: AffineTransform_float_3_3
Parameters: 0.999915 -0.00786611 0.0104297 0.00805159 0.999808 -0.0178783 -0.0102869 0.0179608 0.999786 0.260295 -0.177454 0.265756
FixedParameters: 0 0 0

#Transform 163
Transform: AffineTransform_float_3_3
Parameters: 0.999922 -0.00747254 0.0100421 0.00766084 0.999794 -0.0187903 -0.00989894 0.0188657 0.999773 0.265954 -0.152557 0.124057
FixedParameters: 0 0 0

#Transform 164
Transform: AffineTransform_float_3_3
Parameters: 0.999923 -0.00754418 0.00978104 0.00773273 0.999784 -0.0193033 -0.00963418 0.019378 0.999766 0.213595 -0.180856 0.410787
FixedParameters: 0 0 0

#Transform 165
Transform: AffineTransform_float_3_3
Parameters: 0.999919 -0.00725628 0.0104773 0.00746631 0.999768 -0.0201721 -0.0103277 0.0202485 0.999742 0.241752 -0.125712 0.230384
FixedParameters: 0 0 0

#Transform 166
Transform: AffineTransform_float_3_3
Parameters: 0.999906 -0.00778318 0.011287 0.00800053 0.999781 -0.0193368 -0.0111335 0.0194252 0.99975 0.243536 -0.14492 0.348895
FixedParameters: 0 0 0

#Transform 167
Transform: AffineTransform_float_3_3
Parameters: 0.999905 -0.00774192 0.0114437 0.00797309 0.999762 -0.0203224 -0.0112829 0.0204111 0.999728 0.266974 -0.178151 0.247152
FixedParameters: 0 0 0

#Transform 168
Transform: AffineTransform_float_3_3
Parameters: 0.999883 -0.00910894 0.0123108 0.00937718 0.999717 -0.0218551 -0.0121085 0.0219683 0.999685 0.277579 -0.201438 0.387983
FixedParameters: 0 0 0

#Transform 169
Transform: AffineTransform_float_3_3
Parameters: 0.999898 -0.00788456 0.0119483 0.00813994 0.999736 -0.0215204 -0.0117758 0.0216154 0.999697 0.274509 -0.247231 0.206046
FixedParameters: 0 0 0

#Transform 170
Transform: AffineTransform_float_3_3
Parameters: 0.999881 -0.00934851 0.012287 0.0095967 0.999746 -0.0203594 -0.0120932 0.0204752 0.999717 0.301469 -0.164397 0.290543
FixedParameters: 0 0 0

#Transform 171
Transform: AffineTransform_float_3_3
Parameters: 0.999892 -0.00854546 0.0120046 0.00879681 0.999741 -0.0209865 -0.0118221 0.0210901 0.999708 0.294736 -0.196971 0.166165
FixedParameters: 0 0 0

#Transform 172
Transform: AffineTransform_float_3_3
Parameters: 0.999898 -0.00846286 0.0114391 0.00868113 0.999779 -0.0191387 -0.011274 0.0192358 0.999752 0.292918 -0.144875 0.273858
FixedParameters: 0 0 0

#Transform 173
Transform: AffineTransform_float_3_3
Parameters: 0.999906 -0.00708365 0.0117908 0.00731137 0.999785 -0.0193991 -0.0116511 0.0194835 0.999742 0.265614 -0.153724 0.259957
FixedParameters: 0 0 0

#Transform 174
Transform: AffineTransform_float_3_3
Parameters: 0.999892 -0.00808398 0.0122386 0.00833107 0.999759 -0.0203173 -0.0120718 0.020417 0.999718 0.240481 -0.0665611 0.402849
FixedParameters: 0 0 0

#Transform 175
Transform: AffineTransform_float_3_3
Parameters: 0.999883 -0.00849866 0.0127485 0.00875405 0.999761 -0.0200766 -0.012575 0.0201855 0.999717 0.296332 -0.155102 0.348964
FixedParameters: 0 0 0

#Transform 176
Transform: AffineTransform_float_3_3
Parameters: 0.999862 -0.0098949 0.0133236 0.0101928 0.999696 -0.0224515 -0.0130976 0.0225842 0.999659 0.31032 -0.0998492 0.38179
FixedParameters: 0 0 0

#Transform 177
Transform: AffineTransform_float_3_3
Parameters: 0.999876 -0.00923098 0.0127298 0.00950628 0.999719 -0.0216885 -0.0125256 0.0218068 0.999684 0.284354 -0.161625 0.404943
FixedParameters: 0 0 0

#Transform 178
Transform: AffineTransform_float_3_3
Parameters: 0.999863 -0.00974808 0.0133966 0.0100504 0.999691 -0.0227472 -0.0131706 0.0228784 0.999651 0.295175 -0.104861 0.400356
FixedParameters: 0 0 0

#Transform 179
Transform: AffineTransform_float_3_3
Parameters: 0.999871 -0.00941052 0.0130315 0.00969801 0.999707 -0.0221953 -0.0128186 0.0223187 0.999669 0.28393 -0.177227 0.384489
FixedParameters: 0 0 0

#Transform 180
Transform: AffineTransform_float_3_3
Parameters: 0.999845 -0.00987652 0.01455 0.0102005 0.999697 -0.0223768 -0.0143245 0.0225214 0.999644 0.352316 -0.115279 0.331346
FixedParameters: 0 0 0

#Transform 181
Transform: AffineTransform_float_3_3
Parameters: 0.999864 -0.00983825 0.0131694 0.0101251 0.999708 -0.0219128 -0.0129495 0.022043 0.999674 0.385925 -0.189867 0.365095
FixedParameters: 0 0 0

#Transform 182
Transform: AffineTransform_float_3_3
Parameters: 0.999852 -0.00977879 0.0141704 0.0100923 0.999703 -0.0222167 -0.013949 0.0223558 0.999653 0.405575 -0.16713 0.269131
FixedParameters: 0 0 0

#Transform 183
Transform: AffineTransform_float_3_3
Parameters: 0.999866 -0.00903912 0.0135922 0.00934493 0.9997 -0.0226022 -0.0133842 0.0227258 0.999652 0.375251 -0.167382 0.387594
FixedParameters: 0 0 0

#Transform 184
Transform: AffineTransform_float_3_3
Parameters: 0.999852 -0.00897526 0.0146487 0.00931008 0.999694 -0.0229136 -0.0144386 0.0230465 0.99963 0.325784 -0.14693 0.382059
FixedParameters: 0 0 0

#Transform 185
Transform: AffineTransform_float_3_3
Parameters: 0.999885 -0.00792386 0.0129201 0.00821698 0.999706 -0.0228235 -0.0127348 0.0229263 0.999657 0.31779 -0.184512 0.282543
FixedParameters: 0 0 0

#Transform 186
Transform: AffineTransform_float_3_3
Parameters: 0.999881 -0.00860211 0.0127903 0.00888528 0.999713 -0.0222634 -0.012595 0.0223749 0.99967 0.326204 -0.126543 0.312596
FixedParameters: 0 0 0

#Transform 187
Transform: AffineTransform_float_3_3
Parameters: 0.999888 -0.00766242 0.0128667 0.00793281 0.999746 -0.0210712 -0.0127024 0.0211711 0.999695 0.295515 -0.143687 0.366994
FixedParameters: 0 0 0

#Transform 188
Transform: AffineTransform_float_3_3
Parameters: 0.999875 -0.00872561 0.0131587 0.00900095 0.999739 -0.0210095 -0.0129725 0.0211252 0.999692 0.31335 -0.145183 0.330106
FixedParameters: 0 0 0

#Transform 189
Transform: AffineTransform_float_3_3
Parameters: 0.99988 -0.00806207 0.0131761 0.00833387 0.999751 -0.0207163 -0.0130058 0.0208234 0.999698 0.30104 -0.175499 0.349494
FixedParameters: 0 0 0

