# transform file /out/sourcedata/freesurfer/sub-v1s5x0050739_ses-1/mri/transforms/cc_up.lta
# created by oesteban on Tue Mar 10 06:00:57 2026

type      = 0 # LINEAR_VOX_TO_VOX
nxforms   = 1
mean      = 131.0000 113.0000 117.0000
sigma     = 10000.0000
1 4 4
9.950469136238098e-01 4.421260207891464e-02 8.903401345014572e-02 -1.585630035400391e+01 
-4.403667151927948e-02 9.990222454071045e-01 -3.940278198570013e-03 4.227642822265625e+01 
-8.912115544080734e-02 0.000000000000000e+00 9.960208535194397e-01 3.409667205810547e+01 
0.000000000000000e+00 0.000000000000000e+00 0.000000000000000e+00 1.000000000000000e+00 
src volume info
valid = 1  # volume info valid
filename = /out/sourcedata/freesurfer/sub-v1s5x0050739_ses-1/mri/norm.mgz
volume = 256 256 256
voxelsize = 1.000000000000000e+00 1.000000000000000e+00 1.000000000000000e+00
xras   = -1.000000000000000e+00 2.328306436538696e-09 0.000000000000000e+00
yras   = 1.490116119384766e-08 7.450580596923828e-09 -1.000000000000000e+00
zras   = 9.313225746154785e-09 1.000000000000000e+00 3.725290298461914e-09
cras   = 3.159797668457031e+00 8.417762756347656e+00 -1.533555603027344e+01
dst volume info
valid = 1  # volume info valid
filename = /out/sourcedata/freesurfer/sub-v1s5x0050739_ses-1/mri/norm.mgz
volume = 256 256 256
voxelsize = 1.000000000000000e+00 1.000000000000000e+00 1.000000000000000e+00
xras   = -1.000000000000000e+00 2.328306436538696e-09 0.000000000000000e+00
yras   = 1.490116119384766e-08 7.450580596923828e-09 -1.000000000000000e+00
zras   = 9.313225746154785e-09 1.000000000000000e+00 3.725290298461914e-09
cras   = 3.159797668457031e+00 8.417762756347656e+00 -1.533555603027344e+01
