# transform file transforms/talairach.lta
# created by oesteban on Tue Mar 10 04:43:24 2026

type      = 0 # LINEAR_VOX_TO_VOX
nxforms   = 1
mean      = 131.0000 113.0000 117.0000
sigma     = 10000.0000
1 4 4
1.045835018157959e+00 1.234638225287199e-02 9.565386176109314e-02 -2.251940155029297e+01 
-3.472100198268890e-02 1.070544123649597e+00 1.382996290922165e-01 -5.806778907775879e+00 
-8.270870894193649e-02 -1.698701381683350e-01 1.007190108299255e+00 2.182248687744141e+01 
0.000000000000000e+00 0.000000000000000e+00 0.000000000000000e+00 1.000000000000000e+00 
src volume info
valid = 1  # volume info valid
filename = nu.mgz
volume = 256 256 256
voxelsize = 1.000000000000000e+00 1.000000000000000e+00 1.000000000000000e+00
xras   = -1.000000000000000e+00 2.328306436538696e-09 0.000000000000000e+00
yras   = 1.490116119384766e-08 7.450580596923828e-09 -1.000000000000000e+00
zras   = 9.313225746154785e-09 1.000000000000000e+00 3.725290298461914e-09
cras   = 3.159797668457031e+00 8.417762756347656e+00 -1.533555603027344e+01
dst volume info
valid = 1  # volume info valid
filename = /opt/freesurfer/average/RB_all_2020-01-02.gca
volume = 256 256 256
voxelsize = 1.000000000000000e+00 1.000000000000000e+00 1.000000000000000e+00
xras   = -1.000000000000000e+00 0.000000000000000e+00 0.000000000000000e+00
yras   = 0.000000000000000e+00 0.000000000000000e+00 -1.000000000000000e+00
zras   = 0.000000000000000e+00 1.000000000000000e+00 0.000000000000000e+00
cras   = 0.000000000000000e+00 0.000000000000000e+00 0.000000000000000e+00
