#Insight Transform File V1.0
#Transform 0
Transform: AffineTransform_float_3_3
Parameters: 0.999999 -3.33559e-05 0.00129124 3.31086e-05 1 0.000121907 -0.00129125 -0.000121855 0.999999 0.00293943 0.0612409 0.0635814
FixedParameters: 0 0 0

#Transform 1
Transform: AffineTransform_float_3_3
Parameters: 0.999999 -2.15708e-05 0.00129408 2.1525e-05 1 4.38123e-05 -0.00129408 -4.379e-05 0.999999 0.0131317 -0.00373886 0.0597595
FixedParameters: 0 0 0

#Transform 2
Transform: AffineTransform_float_3_3
Parameters: 0.999999 -5.0096e-05 0.00092499 4.96132e-05 1 0.000260934 -0.000925016 -0.000260842 0.999999 0.0186694 0.0960195 0.0904159
FixedParameters: 0 0 0

#Transform 3
Transform: AffineTransform_float_3_3
Parameters: 1 0.000346187 0.00100585 -0.00034493 1 -0.000520189 -0.00100528 0.000520486 1 0.0142365 0.0259313 -0.0123161
FixedParameters: 0 0 0

#Transform 4
Transform: AffineTransform_float_3_3
Parameters: 0.999999 -8.39592e-05 0.00073918 8.32196e-05 1 0.000500073 -0.000739264 -0.00049995 0.999999 0.0213444 0.0255889 0.0760125
FixedParameters: 0 0 0

#Transform 5
Transform: AffineTransform_float_3_3
Parameters: 1 0.00017187 0.0006547 -0.000171881 0.999999 0.000761619 -0.000654416 -0.000761991 0.999999 0.0162714 0.0807758 0.0611202
FixedParameters: 0 0 0

#Transform 6
Transform: AffineTransform_float_3_3
Parameters: 1 0.000175875 0.000165264 -0.000175103 1 0.000647327 -0.000165015 -0.000647532 1 0.0209295 0.012697 0.033248
FixedParameters: 0 0 0

#Transform 7
Transform: AffineTransform_float_3_3
Parameters: 1 0.000100935 0.000683153 -0.000101526 1 0.0011022 -0.000682616 -0.00110248 0.999999 0.0140751 0.0542049 0.0432146
FixedParameters: 0 0 0

#Transform 8
Transform: AffineTransform_float_3_3
Parameters: 1 0.000191728 0.00057549 -0.000191327 1 0.000508738 -0.000575274 -0.000509106 0.999999 0.00437007 0.0359037 -0.0371012
FixedParameters: 0 0 0

#Transform 9
Transform: AffineTransform_float_3_3
Parameters: 0.999999 0.000228762 0.000659664 -0.000228114 1 0.000256241 -0.000659526 -0.000256689 0.999999 -0.00110161 -0.0286445 -0.00461199
FixedParameters: 0 0 0

#Transform 10
Transform: AffineTransform_float_3_3
Parameters: 1 0.000122551 0.000152343 -0.000121938 1 0.00100316 -0.000152077 -0.00100331 0.999999 0.00803893 0.0751017 0.0462897
FixedParameters: 0 0 0

#Transform 11
Transform: AffineTransform_float_3_3
Parameters: 1 0.000218174 0.00037918 -0.000217453 1 0.000348739 -0.000379006 -0.000349052 1 0.00206539 -0.0357535 -0.0426291
FixedParameters: 0 0 0

#Transform 12
Transform: AffineTransform_float_3_3
Parameters: 1 -6.95539e-05 0.00014726 6.9171e-05 1 0.00105736 -0.000147115 -0.00105733 1 0.00560136 0.012836 0.0179144
FixedParameters: 0 0 0

#Transform 13
Transform: AffineTransform_float_3_3
Parameters: 1 0.000252424 0.000183748 -0.000252475 1 0.000136481 -0.000183679 -0.000136573 1 0.00924706 0.0347856 -0.0394223
FixedParameters: 0 0 0

#Transform 14
Transform: AffineTransform_float_3_3
Parameters: 1 0.000561533 0.000233462 -0.00056105 0.999999 -0.00119766 -0.000233559 0.00119744 0.999999 -0.00674295 0.0342504 0.00961368
FixedParameters: 0 0 0

#Transform 15
Transform: AffineTransform_float_3_3
Parameters: 1 0.000619641 0.000221098 -0.000619359 1 -0.000802887 -0.000221138 0.000802684 0.999999 -0.0306771 0.0915202 -0.0410403
FixedParameters: 0 0 0

#Transform 16
Transform: AffineTransform_float_3_3
Parameters: 1 6.94617e-05 0.000339898 -6.95322e-05 1 0.000103671 -0.000339883 -0.000103718 1 0.00885755 0.0190485 0.027826
FixedParameters: 0 0 0

#Transform 17
Transform: AffineTransform_float_3_3
Parameters: 1 5.75386e-05 -7.93835e-05 -5.76356e-05 1 -0.000613475 7.9313e-05 0.000613484 1 -0.00649796 0.104656 -0.041129
FixedParameters: 0 0 0

#Transform 18
Transform: AffineTransform_float_3_3
Parameters: 1 -4.75935e-05 -0.000165098 4.76245e-05 1 9.41178e-05 0.000165089 -9.41335e-05 1 -0.00163106 0.01302 -0.0210122
FixedParameters: 0 0 0

#Transform 19
Transform: AffineTransform_float_3_3
Parameters: 1 -6.27644e-06 0.000191084 6.35624e-06 1 -0.000208499 -0.000191081 0.000208502 1 0.0098246 0.02993 -0.0503266
FixedParameters: 0 0 0

#Transform 20
Transform: AffineTransform_float_3_3
Parameters: 1 -1.7828e-05 0.000188284 1.78776e-05 1 -0.000131406 -0.000188279 0.000131413 1 -0.0027149 0.00490863 -0.0198552
FixedParameters: 0 0 0

#Transform 21
Transform: AffineTransform_float_3_3
Parameters: 1 -6.27644e-06 0.000191084 6.35624e-06 1 -0.000208499 -0.000191081 0.000208502 1 -0.00760759 0.046649 -0.0295446
FixedParameters: 0 0 0

#Transform 22
Transform: AffineTransform_float_3_3
Parameters: 1 -7.27661e-05 0.00017494 7.26836e-05 1 0.000235281 -0.000174974 -0.000235256 1 -0.0118081 0.0284682 -0.0262366
FixedParameters: 0 0 0

#Transform 23
Transform: AffineTransform_float_3_3
Parameters: 1 5.36219e-07 0.000192735 -4.38185e-07 1 -0.000253965 -0.000192735 0.000253964 1 0.0142365 -0.0471641 -0.0395987
FixedParameters: 0 0 0

#Transform 24
Transform: AffineTransform_float_3_3
Parameters: 1 -0.000135604 -0.000162501 0.000135825 1 0.000681006 0.000162316 -0.00068105 1 -0.00945193 0.0628685 0.0257801
FixedParameters: 0 0 0

#Transform 25
Transform: AffineTransform_float_3_3
Parameters: 1 0.000133406 0.000198875 -0.000133258 1 -0.000371489 -0.000198973 0.000371436 1 -0.00235798 0.000542632 -0.0597631
FixedParameters: 0 0 0

#Transform 26
Transform: AffineTransform_float_3_3
Parameters: 1 -5.08312e-05 -0.000343482 5.09202e-05 1 0.000129632 0.000343469 -0.000129667 1 -0.00251924 -0.00515334 -0.0304757
FixedParameters: 0 0 0

#Transform 27
Transform: AffineTransform_float_3_3
Parameters: 1 -9.36103e-05 -0.000241542 9.38067e-05 1 0.000407188 0.000241466 -0.000407233 1 -0.0167542 0.020163 -0.0853104
FixedParameters: 0 0 0

#Transform 28
Transform: AffineTransform_float_3_3
Parameters: 1 -0.000104517 -0.000271301 0.000104778 1 0.000482372 0.0002712 -0.000482429 1 -0.0179846 -0.0274642 -0.046122
FixedParameters: 0 0 0

#Transform 29
Transform: AffineTransform_float_3_3
Parameters: 1 -0.000275134 -0.000263516 0.000275247 1 -6.60187e-05 0.000263522 6.68615e-05 1 -0.00749753 0.0527303 -0.110075
FixedParameters: 0 0 0

#Transform 30
Transform: AffineTransform_float_3_3
Parameters: 1 -0.000558224 -0.000363147 0.000558553 0.999999 0.000453461 0.00036264 -0.000453867 1 0.00352594 -0.0139711 -0.071874
FixedParameters: 0 0 0

#Transform 31
Transform: AffineTransform_float_3_3
Parameters: 1 1.22693e-05 9.42978e-05 -1.21964e-05 1 -0.000385294 -9.43071e-05 0.000385291 1 0.00196526 0.0695512 -0.102509
FixedParameters: 0 0 0

#Transform 32
Transform: AffineTransform_float_3_3
Parameters: 1 7.98855e-05 -4.2645e-05 -7.98429e-05 1 0.000502132 4.27251e-05 -0.000502126 1 0.0118176 -0.03492 -0.0632591
FixedParameters: 0 0 0

#Transform 33
Transform: AffineTransform_float_3_3
Parameters: 1 -0.000187276 -0.000139891 0.000187232 1 -0.000156571 0.00013995 0.000156518 1 0.0102646 0.0436863 -0.0798326
FixedParameters: 0 0 0

#Transform 34
Transform: AffineTransform_float_3_3
Parameters: 1 -9.22934e-05 -0.000469187 9.2551e-05 1 0.000274637 0.000469136 -0.000274724 1 0.00857272 0.0698948 -0.0221703
FixedParameters: 0 0 0

#Transform 35
Transform: AffineTransform_float_3_3
Parameters: 1 -0.000175028 -0.000519629 0.000174734 1 -0.000283928 0.000519728 0.000283746 1 0.00500808 0.0756741 -0.0792523
FixedParameters: 0 0 0

#Transform 36
Transform: AffineTransform_float_3_3
Parameters: 1 -0.000241217 -0.000623143 0.000241425 1 0.000166722 0.000623062 -0.000167023 1 0.00247903 0.00633668 -0.0763964
FixedParameters: 0 0 0

#Transform 37
Transform: AffineTransform_float_3_3
Parameters: 1 -0.000244393 -0.000346015 0.000244657 1 0.000167262 0.000345902 -0.000166443 1 -0.00795296 0.0349254 -0.14867
FixedParameters: 0 0 0

#Transform 38
Transform: AffineTransform_float_3_3
Parameters: 0.999999 -0.000307426 -0.00074581 0.00030835 1 0.000619675 0.000745428 -0.000620134 0.999999 -0.0183912 0.0252305 -0.120277
FixedParameters: 0 0 0

#Transform 39
Transform: AffineTransform_float_3_3
Parameters: 1 -0.000252953 -0.000898144 0.000253654 1 0.000268169 0.000897685 -0.000267646 0.999999 -0.0286542 0.0547964 -0.136985
FixedParameters: 0 0 0

#Transform 40
Transform: AffineTransform_float_3_3
Parameters: 0.999999 -0.000292213 -0.00081431 0.000293065 1 0.000523338 0.000814003 -0.000523814 0.999999 -0.0211067 0.0223341 -0.0858138
FixedParameters: 0 0 0

#Transform 41
Transform: AffineTransform_float_3_3
Parameters: 1 9.02288e-05 -0.00104049 -9.02075e-05 1 -2.22086e-05 0.00104048 2.23633e-05 1 -0.0269003 0.008405 -0.137516
FixedParameters: 0 0 0

#Transform 42
Transform: AffineTransform_float_3_3
Parameters: 0.999999 0.000489534 -0.000784971 -0.00048946 1 4.71336e-05 0.000785016 -4.63647e-05 0.999999 -0.0224667 0.00403103 -0.0696597
FixedParameters: 0 0 0

#Transform 43
Transform: AffineTransform_float_3_3
Parameters: 0.999999 9.52285e-05 -0.000781233 -9.56329e-05 1 -0.000258885 0.000781183 0.000259035 0.999999 -0.0329777 0.0720427 -0.1425
FixedParameters: 0 0 0

#Transform 44
Transform: AffineTransform_float_3_3
Parameters: 0.999999 2.43162e-05 -0.000798519 -2.49554e-05 1 0.000217592 0.000798508 -0.000217405 0.999999 -0.0259262 0.0641878 -0.0970377
FixedParameters: 0 0 0

#Transform 45
Transform: AffineTransform_float_3_3
Parameters: 0.999999 7.81392e-05 -0.00126498 -7.83424e-05 1 -0.000107026 0.00126497 0.000107191 0.999999 -0.0271248 0.0715138 -0.144816
FixedParameters: 0 0 0

#Transform 46
Transform: AffineTransform_float_3_3
Parameters: 0.999999 -0.000353586 -0.00145344 0.000353923 1 4.34492e-05 0.00145434 -4.34859e-05 0.999999 0.00332054 0.00741421 -0.121195
FixedParameters: 0 0 0

#Transform 47
Transform: AffineTransform_float_3_3
Parameters: 0.999999 -0.000228738 -0.00134132 0.000227632 0.999999 -0.000805709 0.00134171 0.000804916 0.999999 -0.00112282 0.0186475 -0.151382
FixedParameters: 0 0 0

#Transform 48
Transform: AffineTransform_float_3_3
Parameters: 1 -0.000480293 -0.000862445 0.0004797 1 -0.000474931 0.000861622 0.000475043 0.999999 -0.00206084 0.086617 -0.116632
FixedParameters: 0 0 0

#Transform 49
Transform: AffineTransform_float_3_3
Parameters: 0.999999 -0.000257765 -0.00134846 0.000257175 1 -0.000610057 0.00134879 0.000609182 0.999999 -0.00770546 0.0242265 -0.131558
FixedParameters: 0 0 0

#Transform 50
Transform: AffineTransform_float_3_3
Parameters: 0.999999 -0.000351991 -0.00124335 0.000350843 0.999999 -0.000888517 0.00124304 0.000887425 0.999999 0.00329741 0.0190776 -0.145482
FixedParameters: 0 0 0

#Transform 51
Transform: AffineTransform_float_3_3
Parameters: 0.999999 -0.00027946 -0.00135383 0.000279409 1 -0.000462825 0.00135408 0.000462876 0.999999 -0.0144132 0.043445 -0.120572
FixedParameters: 0 0 0

#Transform 52
Transform: AffineTransform_float_3_3
Parameters: 0.999999 -0.000550231 -0.00134973 0.000548532 0.999999 -0.000709775 0.00135048 0.000709246 0.999999 -0.0163848 0.0346618 -0.174423
FixedParameters: 0 0 0

#Transform 53
Transform: AffineTransform_float_3_3
Parameters: 0.999999 -0.000641167 -0.00109683 0.000640547 0.999999 -0.000830671 0.00109789 0.000830071 0.999999 -0.0198807 0.0410103 -0.124015
FixedParameters: 0 0 0

#Transform 54
Transform: AffineTransform_float_3_3
Parameters: 0.999999 -0.000554719 -0.00132602 0.000553142 0.999999 -0.00139574 0.00132691 0.00139491 0.999998 -0.0235577 0.059832 -0.165395
FixedParameters: 0 0 0

#Transform 55
Transform: AffineTransform_float_3_3
Parameters: 0.999999 -0.000662242 -0.00117128 0.000661843 0.999999 -0.000683837 0.00117218 0.000683092 0.999999 -0.0221366 0.0763832 -0.0935033
FixedParameters: 0 0 0

#Transform 56
Transform: AffineTransform_float_3_3
Parameters: 0.999999 -0.000621133 -0.00134265 0.000619723 1 -0.000947959 0.00134381 0.000947132 0.999998 -0.00972238 0.0149248 -0.148431
FixedParameters: 0 0 0

#Transform 57
Transform: AffineTransform_float_3_3
Parameters: 0.999998 -0.000563933 -0.00146471 0.000562179 0.999999 -0.00132433 0.00146555 0.00132331 0.999998 -0.0101473 0.0431913 -0.164426
FixedParameters: 0 0 0

#Transform 58
Transform: AffineTransform_float_3_3
Parameters: 0.999999 -0.000635736 -0.00166527 0.000634194 1 -0.000826519 0.00166536 0.000825174 0.999999 -0.0169592 0.138083 -0.129013
FixedParameters: 0 0 0

#Transform 59
Transform: AffineTransform_float_3_3
Parameters: 0.999998 -0.000636408 -0.00151295 0.00063503 1 -0.000833125 0.00151304 0.000832005 0.999998 -0.0187579 0.0507043 -0.149335
FixedParameters: 0 0 0

#Transform 60
Transform: AffineTransform_float_3_3
Parameters: 0.999999 -0.000518587 -0.00133624 0.000517804 1 -0.00108716 0.00133738 0.00108647 0.999998 -0.0236971 -0.0364554 -0.186859
FixedParameters: 0 0 0

#Transform 61
Transform: AffineTransform_float_3_3
Parameters: 0.999999 -0.000547316 -0.00134055 0.000545837 1 -0.000975176 0.0013416 0.000974551 0.999998 -0.0266376 0.0995178 -0.173515
FixedParameters: 0 0 0

#Transform 62
Transform: AffineTransform_float_3_3
Parameters: 0.999999 -0.000333405 -0.00133193 0.000332519 1 -0.00112884 0.00133269 0.00112865 0.999998 -0.028465 -0.0170831 -0.206846
FixedParameters: 0 0 0

#Transform 63
Transform: AffineTransform_float_3_3
Parameters: 0.999999 -0.000595188 -0.00133618 0.000594316 0.999999 -0.00112301 0.00133657 0.00112207 0.999998 -0.0230869 0.0698776 -0.159705
FixedParameters: 0 0 0

#Transform 64
Transform: AffineTransform_float_3_3
Parameters: 0.999999 -0.000486822 -0.00115177 0.000484592 0.999998 -0.00186366 0.00115197 0.00186317 0.999997 -0.027363 0.0219565 -0.125108
FixedParameters: 0 0 0

#Transform 65
Transform: AffineTransform_float_3_3
Parameters: 0.999999 -0.00056425 -0.00132841 0.000562988 0.999999 -0.00133053 0.00132923 0.00133065 0.999999 -0.0399055 0.0800657 -0.100473
FixedParameters: 0 0 0

#Transform 66
Transform: AffineTransform_float_3_3
Parameters: 1 2.38034e-05 -0.00106386 -2.59877e-05 0.999999 -0.00148894 0.0010641 0.00148882 0.999999 -0.0301401 0.072638 -0.0933345
FixedParameters: 0 0 0

#Transform 67
Transform: AffineTransform_float_3_3
Parameters: 0.999998 -0.000457979 -0.00157249 0.000455624 1 -0.00111081 0.00157283 0.00111016 0.999998 -0.0451683 0.103844 -0.108578
FixedParameters: 0 0 0

#Transform 68
Transform: AffineTransform_float_3_3
Parameters: 0.999999 -0.000432485 -0.00132746 0.000430173 0.999999 -0.0012993 0.0013279 0.00129893 0.999999 -0.0239381 0.0108211 -0.0567201
FixedParameters: 0 0 0

#Transform 69
Transform: AffineTransform_float_3_3
Parameters: 0.999999 -0.000405485 -0.0017054 0.000401994 0.999997 -0.00222595 0.00170592 0.00222485 0.999996 -0.0305006 0.083408 -0.126055
FixedParameters: 0 0 0

#Transform 70
Transform: AffineTransform_float_3_3
Parameters: 0.999999 -0.00037149 -0.00172366 0.000367881 0.999998 -0.00168304 0.00172426 0.00168236 0.999997 -0.0274564 0.046315 -0.100224
FixedParameters: 0 0 0

#Transform 71
Transform: AffineTransform_float_3_3
Parameters: 0.999998 -0.000349468 -0.00183557 0.000345881 0.999999 -0.00182451 0.00183621 0.00182372 0.999996 -0.0421682 0.115288 -0.135316
FixedParameters: 0 0 0

#Transform 72
Transform: AffineTransform_float_3_3
Parameters: 0.999999 -0.000453089 -0.00174397 0.000450353 1 -0.00113153 0.00174403 0.00113072 0.999998 -0.0197418 0.0244816 -0.113
FixedParameters: 0 0 0

#Transform 73
Transform: AffineTransform_float_3_3
Parameters: 0.999999 -0.000378949 -0.0017255 0.000375508 0.999998 -0.00163264 0.00172609 0.00163194 0.999997 -0.0212319 0.0887499 -0.173151
FixedParameters: 0 0 0

#Transform 74
Transform: AffineTransform_float_3_3
Parameters: 0.999999 -0.000463178 -0.00174647 0.000460675 1 -0.00106335 0.00174648 0.00106251 0.999998 -0.0160085 0.0556509 -0.146028
FixedParameters: 0 0 0

#Transform 75
Transform: AffineTransform_float_3_3
Parameters: 0.999998 -0.000665189 -0.00173104 0.000661999 0.999998 -0.0015973 0.00173248 0.00159659 0.999998 -0.0242186 0.0672046 -0.210401
FixedParameters: 0 0 0

#Transform 76
Transform: AffineTransform_float_3_3
Parameters: 0.999998 -0.000532676 -0.00174702 0.000530117 1 -0.00107895 0.0017472 0.00107786 0.999998 -0.0231032 0.0140827 -0.147163
FixedParameters: 0 0 0

#Transform 77
Transform: AffineTransform_float_3_3
Parameters: 0.999999 -0.000136308 -0.00172 0.000133684 0.999998 -0.0016869 0.00171983 0.00168689 0.999997 -0.0238177 0.0555842 -0.189165
FixedParameters: 0 0 0

#Transform 78
Transform: AffineTransform_float_3_3
Parameters: 0.999998 -0.000654533 -0.00176205 0.000653341 0.999999 -0.000699426 0.00176296 0.000697895 0.999998 -0.0342233 0.0367452 -0.123196
FixedParameters: 0 0 0

#Transform 79
Transform: AffineTransform_float_3_3
Parameters: 0.999999 -0.000616188 -0.00166208 0.000612408 0.999999 -0.00177647 0.00166361 0.00177506 0.999997 -0.0173936 0.0502291 -0.162497
FixedParameters: 0 0 0

#Transform 80
Transform: AffineTransform_float_3_3
Parameters: 0.999998 -0.00072725 -0.00175208 0.000725032 0.999999 -0.00102061 0.00175256 0.00101983 0.999998 -0.0150905 0.0609481 -0.149393
FixedParameters: 0 0 0

#Transform 81
Transform: AffineTransform_float_3_3
Parameters: 0.999999 -0.000580809 -0.00150994 0.000576969 0.999998 -0.00202352 0.0015116 0.00202339 0.999997 -0.0187387 -0.0257875 -0.178529
FixedParameters: 0 0 0

#Transform 82
Transform: AffineTransform_float_3_3
Parameters: 0.999998 -0.000743332 -0.00175609 0.000741488 1 -0.000911927 0.00175645 0.000911077 0.999998 -0.0299799 0.0745257 -0.147025
FixedParameters: 0 0 0

#Transform 83
Transform: AffineTransform_float_3_3
Parameters: 0.999998 -0.000779179 -0.0014119 0.000777431 0.999999 -0.000696065 0.00141296 0.000694821 0.999999 -0.0175541 0.0250343 -0.144326
FixedParameters: 0 0 0

#Transform 84
Transform: AffineTransform_float_3_3
Parameters: 0.999998 -0.000654241 -0.00176909 0.000653908 0.999999 -0.000495333 0.0017697 0.000494781 0.999999 -0.0363571 0.0732182 -0.143582
FixedParameters: 0 0 0

#Transform 85
Transform: AffineTransform_float_3_3
Parameters: 0.999998 -0.000769667 -0.00176388 0.000768551 1 -0.00069973 0.00176492 0.000698811 0.999998 -0.0253233 0.00430972 -0.180499
FixedParameters: 0 0 0

#Transform 86
Transform: AffineTransform_float_3_3
Parameters: 0.999999 -0.00103689 -0.00134606 0.00103582 0.999999 -0.000898602 0.00134759 0.000897628 0.999998 -0.0269586 0.0292029 -0.21438
FixedParameters: 0 0 0

#Transform 87
Transform: AffineTransform_float_3_3
Parameters: 0.999997 -0.00121402 -0.00177756 0.00121356 0.999999 -0.000512606 0.00177877 0.000510084 0.999999 -0.0347947 0.0191349 -0.202904
FixedParameters: 0 0 0

#Transform 88
Transform: AffineTransform_float_3_3
Parameters: 0.999997 -0.0011519 -0.00176186 0.00115013 0.999999 -0.000931538 0.00176298 0.000930227 0.999998 -0.0362313 0.0503324 -0.210999
FixedParameters: 0 0 0

#Transform 89
Transform: AffineTransform_float_3_3
Parameters: 0.999998 -0.00108786 -0.00174568 0.00108544 0.999998 -0.00136544 0.00174767 0.00136325 0.999997 -0.0346045 -0.00580697 -0.204509
FixedParameters: 0 0 0

#Transform 90
Transform: AffineTransform_float_3_3
Parameters: 0.999999 -0.000487838 -0.00158621 0.000481976 0.999992 -0.00398855 0.0015884 0.00398784 0.999991 -0.0506253 0.0642169 -0.0725573
FixedParameters: 0 0 0

#Transform 91
Transform: AffineTransform_float_3_3
Parameters: 0.999998 -0.000417374 -0.00186281 0.000411619 0.999995 -0.00291338 0.00186357 0.00291294 0.999994 -0.0745459 0.122923 -0.138434
FixedParameters: 0 0 0

#Transform 92
Transform: AffineTransform_float_3_3
Parameters: 0.999997 -0.000996653 -0.00215646 0.00099325 0.999999 -0.00159767 0.0021577 0.00159579 0.999996 -0.0546825 0.0878287 -0.111426
FixedParameters: 0 0 0

#Transform 93
Transform: AffineTransform_float_3_3
Parameters: 0.999997 -0.00101948 -0.00213031 0.00101487 0.999997 -0.00234798 0.00213282 0.00234571 0.999995 -0.0554973 0.00800879 -0.160271
FixedParameters: 0 0 0

#Transform 94
Transform: AffineTransform_float_3_3
Parameters: 0.999998 -0.000645136 -0.00188981 0.000640664 0.999997 -0.00228922 0.00189145 0.00228809 0.999995 -0.0457925 0.0123297 -0.156121
FixedParameters: 0 0 0

#Transform 95
Transform: AffineTransform_float_3_3
Parameters: 0.999998 -0.000954483 -0.00169179 0.000950601 0.999997 -0.00238444 0.00169408 0.00238247 0.999996 -0.0438669 0.0534731 -0.15009
FixedParameters: 0 0 0

#Transform 96
Transform: AffineTransform_float_3_3
Parameters: 0.999998 -0.0010131 -0.00194032 0.00100917 0.999996 -0.00240268 0.00194262 0.00240084 0.999995 -0.0161283 0.0210588 -0.175271
FixedParameters: 0 0 0

#Transform 97
Transform: AffineTransform_float_3_3
Parameters: 0.999996 -0.00149991 -0.00234356 0.00149385 0.999996 -0.00249163 0.00234717 0.00248764 0.999994 -0.0204625 0.0355832 -0.150086
FixedParameters: 0 0 0

#Transform 98
Transform: AffineTransform_float_3_3
Parameters: 0.999998 -0.000934349 -0.00204369 0.000929208 0.999997 -0.00233371 0.00204641 0.00233217 0.999995 -0.0346069 0.0225861 -0.124876
FixedParameters: 0 0 0

#Transform 99
Transform: AffineTransform_float_3_3
Parameters: 0.999997 -0.000914485 -0.00212718 0.000908701 0.999997 -0.00239448 0.00212926 0.00239282 0.999995 -0.0241804 0.0235367 -0.163564
FixedParameters: 0 0 0

#Transform 100
Transform: AffineTransform_float_3_3
Parameters: 0.999997 -0.000882079 -0.00213545 0.000877304 0.999998 -0.0021481 0.0021376 0.00214662 0.999995 -0.0184234 0.0211366 -0.146624
FixedParameters: 0 0 0

#Transform 101
Transform: AffineTransform_float_3_3
Parameters: 0.999997 -0.000990084 -0.00212102 0.000984365 0.999996 -0.00260209 0.00212389 0.0026 0.999994 -0.0247082 0.10274 -0.172713
FixedParameters: 0 0 0

#Transform 102
Transform: AffineTransform_float_3_3
Parameters: 0.999997 -0.00114096 -0.00212631 0.00113559 0.999997 -0.0025119 0.00212976 0.00250916 0.999995 -0.0176936 0.000282619 -0.154582
FixedParameters: 0 0 0

#Transform 103
Transform: AffineTransform_float_3_3
Parameters: 0.999997 -0.000923164 -0.00211551 0.000916919 0.999996 -0.00273333 0.00211827 0.00273154 0.999993 -0.0329477 0.0763008 -0.221446
FixedParameters: 0 0 0

#Transform 104
Transform: AffineTransform_float_3_3
Parameters: 0.999996 -0.00134532 -0.00257708 0.00133874 0.999996 -0.00258525 0.00258046 0.00258217 0.999993 -0.0135239 0.027896 -0.191476
FixedParameters: 0 0 0

#Transform 105
Transform: AffineTransform_float_3_3
Parameters: 0.999995 -0.00142416 -0.00256369 0.00141649 0.999994 -0.00299136 0.00256799 0.00298775 0.999992 -0.0018077 0.0662772 -0.246608
FixedParameters: 0 0 0

#Transform 106
Transform: AffineTransform_float_3_3
Parameters: 0.999996 -0.00141126 -0.00229338 0.00140619 0.999997 -0.00231443 0.00229731 0.00231105 0.999995 0.00524127 0.015534 -0.181016
FixedParameters: 0 0 0

#Transform 107
Transform: AffineTransform_float_3_3
Parameters: 0.999996 -0.00145329 -0.00224118 0.00144631 0.999995 -0.0028125 0.00224509 0.00281 0.999994 -0.00256362 0.0570959 -0.225421
FixedParameters: 0 0 0

#Transform 108
Transform: AffineTransform_float_3_3
Parameters: 0.999996 -0.0014997 -0.00232029 0.00149471 0.999996 -0.0021032 0.00232365 0.00210045 0.999995 0.00279954 0.0957971 -0.181313
FixedParameters: 0 0 0

#Transform 109
Transform: AffineTransform_float_3_3
Parameters: 0.999996 -0.00139778 -0.00222694 0.00138996 0.999994 -0.00319004 0.00223193 0.00318671 0.999993 -0.000894013 0.0885246 -0.248855
FixedParameters: 0 0 0

#Transform 110
Transform: AffineTransform_float_3_3
Parameters: 0.999996 -0.0015801 -0.00218853 0.00157532 0.999997 -0.00195758 0.00219175 0.00195502 0.999996 -0.00112183 -0.00682547 -0.166386
FixedParameters: 0 0 0

#Transform 111
Transform: AffineTransform_float_3_3
Parameters: 0.999995 -0.00142925 -0.00256498 0.00142175 0.999994 -0.00295678 0.00256921 0.00295314 0.999992 -0.00330832 0.0214214 -0.268447
FixedParameters: 0 0 0

#Transform 112
Transform: AffineTransform_float_3_3
Parameters: 0.999996 -0.00185675 -0.0021173 0.0018515 0.999996 -0.00213647 0.00212101 0.00213295 0.999996 0.00230443 0.013814 -0.203671
FixedParameters: 0 0 0

#Transform 113
Transform: AffineTransform_float_3_3
Parameters: 0.999997 -0.0012483 -0.00241716 0.00124077 0.999995 -0.0029104 0.00241992 0.00290724 0.999992 -0.0104569 0.0892364 -0.278798
FixedParameters: 0 0 0

#Transform 114
Transform: AffineTransform_float_3_3
Parameters: 0.999996 -0.00106798 -0.00248704 0.00106089 0.999996 -0.00292213 0.00249034 0.00291957 0.999993 -0.000528643 -0.0028045 -0.233372
FixedParameters: 0 0 0

#Transform 115
Transform: AffineTransform_float_3_3
Parameters: 0.999997 -0.00134466 -0.00231737 0.00133507 0.999991 -0.00405868 0.00232309 0.00405485 0.999989 -0.00306654 0.169242 -0.276016
FixedParameters: 0 0 0

#Transform 116
Transform: AffineTransform_float_3_3
Parameters: 0.999995 -0.00140065 -0.002595 0.00139152 0.999994 -0.00322461 0.00259914 0.00322101 0.999992 0.00566575 -0.00972207 -0.219564
FixedParameters: 0 0 0

#Transform 117
Transform: AffineTransform_float_3_3
Parameters: 0.999995 -0.00166723 -0.00262232 0.00165573 0.999989 -0.00437234 0.00262909 0.00436758 0.999987 0.00976043 0.0548071 -0.278274
FixedParameters: 0 0 0

#Transform 118
Transform: AffineTransform_float_3_3
Parameters: 0.999995 -0.00130588 -0.00284038 0.00129557 0.999993 -0.00352404 0.00284566 0.00352102 0.999989 0.016066 -0.031906 -0.222522
FixedParameters: 0 0 0

#Transform 119
Transform: AffineTransform_float_3_3
Parameters: 0.999995 -0.00120056 -0.00300338 0.00118714 0.999989 -0.00463838 0.00300897 0.00463474 0.999985 0.0194317 0.0365257 -0.258819
FixedParameters: 0 0 0

#Transform 120
Transform: AffineTransform_float_3_3
Parameters: 0.999995 -0.00125225 -0.00294073 0.00124317 0.999995 -0.00318278 0.00294481 0.0031788 0.999991 0.00854899 0.00572919 -0.219609
FixedParameters: 0 0 0

#Transform 121
Transform: AffineTransform_float_3_3
Parameters: 0.999995 -0.00107932 -0.00304367 0.0010679 0.999993 -0.00345855 0.00304753 0.00345535 0.999989 0.00280639 0.0370457 -0.255277
FixedParameters: 0 0 0

#Transform 122
Transform: AffineTransform_float_3_3
Parameters: 0.999995 -0.00139192 -0.00305321 0.00138239 0.999993 -0.00331363 0.00305731 0.00330832 0.99999 0.00683177 0.0314941 -0.241266
FixedParameters: 0 0 0

#Transform 123
Transform: AffineTransform_float_3_3
Parameters: 0.999995 -0.00129346 -0.00303284 0.00128183 0.999992 -0.00384615 0.00303728 0.00384233 0.999988 0.00397694 0.0244258 -0.294065
FixedParameters: 0 0 0

#Transform 124
Transform: AffineTransform_float_3_3
Parameters: 0.999995 -0.000950971 -0.00304247 0.000940637 0.999994 -0.00344411 0.00304544 0.00344154 0.99999 0.00534347 -0.0287028 -0.249276
FixedParameters: 0 0 0

#Transform 125
Transform: AffineTransform_float_3_3
Parameters: 0.999994 -0.00110781 -0.00304019 0.00109668 0.999993 -0.00356809 0.00304356 0.00356457 0.999989 -0.00190554 0.0192044 -0.248118
FixedParameters: 0 0 0

#Transform 126
Transform: AffineTransform_float_3_3
Parameters: 0.999994 -0.00120472 -0.00304194 0.0011938 0.999993 -0.00355466 0.00304593 0.00355153 0.999989 -0.00239218 0.0115206 -0.220621
FixedParameters: 0 0 0

#Transform 127
Transform: AffineTransform_float_3_3
Parameters: 0.999995 -0.00120406 -0.00309032 0.0011914 0.999992 -0.0039155 0.00309521 0.00391113 0.999987 -0.00420793 0.0462389 -0.273193
FixedParameters: 0 0 0

#Transform 128
Transform: AffineTransform_float_3_3
Parameters: 0.999994 -0.0013221 -0.00332569 0.00131007 0.999993 -0.00358734 0.00333033 0.00358256 0.999988 -0.00599647 0.0058227 -0.230976
FixedParameters: 0 0 0

#Transform 129
Transform: AffineTransform_float_3_3
Parameters: 0.999994 -0.00123402 -0.00337324 0.00122043 0.99999 -0.00418587 0.0033784 0.00418111 0.999985 -0.00454118 0.0644137 -0.27772
FixedParameters: 0 0 0

#Transform 130
Transform: AffineTransform_float_3_3
Parameters: 0.999993 -0.00115567 -0.0033796 0.00114483 0.999994 -0.00335352 0.00338376 0.00334974 0.999989 -0.0132706 0.0401661 -0.226465
FixedParameters: 0 0 0

#Transform 131
Transform: AffineTransform_float_3_3
Parameters: 0.999993 -0.000761797 -0.0034427 0.00074668 0.99999 -0.00442367 0.00344615 0.0044209 0.999984 -0.0140735 0.0675689 -0.234094
FixedParameters: 0 0 0

#Transform 132
Transform: AffineTransform_float_3_3
Parameters: 0.999993 -0.00130172 -0.0034878 0.00128861 0.999992 -0.00371781 0.00349294 0.00371259 0.999987 -0.0127229 0.0244503 -0.20454
FixedParameters: 0 0 0

#Transform 133
Transform: AffineTransform_float_3_3
Parameters: 0.999993 -0.00115716 -0.00345867 0.00114124 0.999988 -0.00470548 0.00346431 0.0047017 0.999983 -0.024315 0.0155622 -0.215885
FixedParameters: 0 0 0

#Transform 134
Transform: AffineTransform_float_3_3
Parameters: 0.999994 -0.00147232 -0.00301744 0.00145968 0.999989 -0.00433742 0.0030234 0.0043322 0.999986 -0.0509319 0.137966 -0.171465
FixedParameters: 0 0 0

#Transform 135
Transform: AffineTransform_float_3_3
Parameters: 0.999996 -0.00112941 -0.00285818 0.00112007 0.999994 -0.00332078 0.00286179 0.00331771 0.999991 -0.0207897 0.0388355 -0.187424
FixedParameters: 0 0 0

#Transform 136
Transform: AffineTransform_float_3_3
Parameters: 0.999994 -0.0012091 -0.00303637 0.00119727 0.999992 -0.00371089 0.00304106 0.00370773 0.999989 -0.0170235 0.00759892 -0.186878
FixedParameters: 0 0 0

#Transform 137
Transform: AffineTransform_float_3_3
Parameters: 0.999995 -0.00104475 -0.00302685 0.00103248 0.999992 -0.00392219 0.0030308 0.00391895 0.999987 0.00415284 -0.00951543 -0.206701
FixedParameters: 0 0 0

#Transform 138
Transform: AffineTransform_float_3_3
Parameters: 0.999994 -0.0014673 -0.00302955 0.00145486 0.999991 -0.00399802 0.00303507 0.00399411 0.999988 -0.0168275 0.11407 -0.239295
FixedParameters: 0 0 0

#Transform 139
Transform: AffineTransform_float_3_3
Parameters: 0.999994 -0.00142142 -0.00304158 0.00141 0.999992 -0.00364945 0.00304613 0.00364495 0.999988 0.00952029 -0.0252629 -0.198406
FixedParameters: 0 0 0

#Transform 140
Transform: AffineTransform_float_3_3
Parameters: 0.999993 -0.00158987 -0.00345922 0.00157396 0.999988 -0.00472731 0.00346676 0.00472147 0.999983 0.00901183 0.0860343 -0.268636
FixedParameters: 0 0 0

#Transform 141
Transform: AffineTransform_float_3_3
Parameters: 0.999993 -0.00185427 -0.00322665 0.00184034 0.999989 -0.00419622 0.00323374 0.00419098 0.999986 -0.00759312 0.0488442 -0.228546
FixedParameters: 0 0 0

#Transform 142
Transform: AffineTransform_float_3_3
Parameters: 0.999993 -0.00152914 -0.00344803 0.00151126 0.999986 -0.00501794 0.0034552 0.00501254 0.999981 0.00136087 0.0791205 -0.237419
FixedParameters: 0 0 0

#Transform 143
Transform: AffineTransform_float_3_3
Parameters: 0.999993 -0.00133201 -0.00347485 0.00131777 0.99999 -0.00420066 0.00348015 0.00419688 0.999985 -0.00989522 0.0985019 -0.23063
FixedParameters: 0 0 0

#Transform 144
Transform: AffineTransform_float_3_3
Parameters: 0.999995 -0.000751378 -0.00304226 0.0007352 0.999987 -0.00513361 0.00304659 0.00513154 0.999982 -0.0154665 0.035657 -0.232984
FixedParameters: 0 0 0

#Transform 145
Transform: AffineTransform_float_3_3
Parameters: 0.999993 -0.00122341 -0.00344909 0.00120728 0.999987 -0.00488229 0.00345514 0.00487791 0.999982 -0.0118786 0.135947 -0.233968
FixedParameters: 0 0 0

#Transform 146
Transform: AffineTransform_float_3_3
Parameters: 0.999993 -0.00143776 -0.00345129 0.00142068 0.999987 -0.00489585 0.00345816 0.00489111 0.999982 -0.00323179 -0.0137677 -0.224108
FixedParameters: 0 0 0

#Transform 147
Transform: AffineTransform_float_3_3
Parameters: 0.999993 -0.0015587 -0.00344843 0.00154082 0.999986 -0.00501642 0.0034559 0.00501081 0.999981 -0.0100196 0.100636 -0.245941
FixedParameters: 0 0 0

#Transform 148
Transform: AffineTransform_float_3_3
Parameters: 0.999993 -0.00177659 -0.00345075 0.00175878 0.999986 -0.00502664 0.00345916 0.00502049 0.999982 -0.0184139 0.0381292 -0.235207
FixedParameters: 0 0 0

#Transform 149
Transform: AffineTransform_float_3_3
Parameters: 0.999991 -0.00174789 -0.00365262 0.0017288 0.999984 -0.00521316 0.00366198 0.00520716 0.99998 -0.0100872 0.0846543 -0.278264
FixedParameters: 0 0 0

#Transform 150
Transform: AffineTransform_float_3_3
Parameters: 0.999994 -0.00127993 -0.00343974 0.00126187 0.999986 -0.00516667 0.0034461 0.00516192 0.999981 -0.0184561 0.0247507 -0.25618
FixedParameters: 0 0 0

#Transform 151
Transform: AffineTransform_float_3_3
Parameters: 0.999993 -0.00134507 -0.00344328 0.00132758 0.999986 -0.0050878 0.0034501 0.00508256 0.999982 -0.0359294 0.111649 -0.255068
FixedParameters: 0 0 0

#Transform 152
Transform: AffineTransform_float_3_3
Parameters: 0.999992 -0.00171214 -0.00358464 0.00169502 0.999987 -0.00476288 0.00359217 0.00475671 0.999982 -0.0279746 0.0087034 -0.219862
FixedParameters: 0 0 0

#Transform 153
Transform: AffineTransform_float_3_3
Parameters: 0.999991 -0.00139549 -0.00385909 0.00137531 0.999985 -0.00531162 0.00386637 0.00530636 0.999978 -0.0287291 0.0729848 -0.272309
FixedParameters: 0 0 0

#Transform 154
Transform: AffineTransform_float_3_3
Parameters: 0.999994 -0.00128966 -0.00345274 0.00127309 0.999988 -0.00480948 0.00345863 0.00480479 0.999982 -0.0345155 0.0588387 -0.246666
FixedParameters: 0 0 0

#Transform 155
Transform: AffineTransform_float_3_3
Parameters: 0.999993 -0.0011764 -0.00344294 0.00115752 0.999985 -0.00540388 0.00344938 0.00539972 0.999979 -0.02769 0.132182 -0.286779
FixedParameters: 0 0 0

#Transform 156
Transform: AffineTransform_float_3_3
Parameters: 0.999994 -0.00100361 -0.00344303 0.000986699 0.999987 -0.00498185 0.00344811 0.00497805 0.999981 -0.0204581 0.0788019 -0.245958
FixedParameters: 0 0 0

#Transform 157
Transform: AffineTransform_float_3_3
Parameters: 0.999994 -0.00119103 -0.00340719 0.00117015 0.999981 -0.00604328 0.00341427 0.00603972 0.999976 -0.0171327 0.0766729 -0.26298
FixedParameters: 0 0 0

#Transform 158
Transform: AffineTransform_float_3_3
Parameters: 0.999992 -0.00145362 -0.0038528 0.00143068 0.999982 -0.00592432 0.00386209 0.00591935 0.999975 -0.0117335 0.0370706 -0.238351
FixedParameters: 0 0 0

#Transform 159
Transform: AffineTransform_float_3_3
Parameters: 0.999989 -0.00144368 -0.00446164 0.00141544 0.999977 -0.00651766 0.00447058 0.00651181 0.999969 -0.00719819 0.117785 -0.316669
FixedParameters: 0 0 0

#Transform 160
Transform: AffineTransform_float_3_3
Parameters: 0.999988 -0.00164711 -0.00446698 0.00161879 0.999978 -0.00642576 0.00447726 0.00641917 0.99997 -0.00149227 0.039907 -0.302329
FixedParameters: 0 0 0

#Transform 161
Transform: AffineTransform_float_3_3
Parameters: 0.999989 -0.00146685 -0.00444659 0.00143587 0.999975 -0.0069364 0.00445602 0.00693021 0.999966 -0.0181331 0.141631 -0.301397
FixedParameters: 0 0 0

#Transform 162
Transform: AffineTransform_float_3_3
Parameters: 0.999989 -0.00143909 -0.00447504 0.00141204 0.99998 -0.00614605 0.00448323 0.00613952 0.999971 -0.0173354 0.0510305 -0.251265
FixedParameters: 0 0 0

#Transform 163
Transform: AffineTransform_float_3_3
Parameters: 0.999989 -0.00173259 -0.00445018 0.00170195 0.999974 -0.00691687 0.00446165 0.00690926 0.999966 0.000458723 0.132868 -0.269161
FixedParameters: 0 0 0

#Transform 164
Transform: AffineTransform_float_3_3
Parameters: 0.999991 -0.00170074 -0.00393283 0.00167622 0.999978 -0.00638337 0.00394338 0.00637664 0.999972 -0.00741458 0.0704988 -0.205142
FixedParameters: 0 0 0

#Transform 165
Transform: AffineTransform_float_3_3
Parameters: 0.999991 -0.001704 -0.00396669 0.00167625 0.999974 -0.00707421 0.00397892 0.00706688 0.999968 -0.0143846 0.0790038 -0.260949
FixedParameters: 0 0 0

#Transform 166
Transform: AffineTransform_float_3_3
Parameters: 0.999989 -0.00179018 -0.00446348 0.00176063 0.999977 -0.00656902 0.00447485 0.00656115 0.999968 -0.00073425 0.065791 -0.212885
FixedParameters: 0 0 0

#Transform 167
Transform: AffineTransform_float_3_3
Parameters: 0.999989 -0.00192419 -0.00443688 0.00189099 0.999972 -0.00733134 0.00445027 0.00732286 0.999963 0.00860248 0.0848599 -0.305772
FixedParameters: 0 0 0

#Transform 168
Transform: AffineTransform_float_3_3
Parameters: 0.99999 -0.0017154 -0.00410709 0.001688 0.999975 -0.00682432 0.00411898 0.00681743 0.999968 0.00283809 0.076022 -0.252388
FixedParameters: 0 0 0

#Transform 169
Transform: AffineTransform_float_3_3
Parameters: 0.99999 -0.00177578 -0.00415481 0.00174468 0.999971 -0.0074212 0.00416791 0.00741425 0.999964 0.009948 0.06155 -0.314184
FixedParameters: 0 0 0

#Transform 170
Transform: AffineTransform_float_3_3
Parameters: 0.999989 -0.00173964 -0.00445421 0.00170994 0.999976 -0.00680588 0.0044654 0.00679819 0.999967 -0.00333509 0.0750147 -0.259981
FixedParameters: 0 0 0

#Transform 171
Transform: AffineTransform_float_3_3
Parameters: 0.999988 -0.001905 -0.00443166 0.00187153 0.999971 -0.00746382 0.00444587 0.00745541 0.999962 0.00680911 0.0945588 -0.328618
FixedParameters: 0 0 0

#Transform 172
Transform: AffineTransform_float_3_3
Parameters: 0.999989 -0.00159502 -0.00445848 0.00156561 0.999976 -0.00664605 0.00446912 0.00663883 0.999968 0.00280597 0.041458 -0.295903
FixedParameters: 0 0 0

#Transform 173
Transform: AffineTransform_float_3_3
Parameters: 0.999989 -0.0014151 -0.00444632 0.00138417 0.999975 -0.00693043 0.00445596 0.00692474 0.999966 0.00393654 0.0696923 -0.340692
FixedParameters: 0 0 0

#Transform 174
Transform: AffineTransform_float_3_3
Parameters: 0.999991 -0.00129482 -0.00410772 0.00126705 0.999977 -0.00671292 0.00411582 0.00670771 0.999969 0.0106949 0.0274385 -0.287726
FixedParameters: 0 0 0

#Transform 175
Transform: AffineTransform_float_3_3
Parameters: 0.999988 -0.00160525 -0.00443957 0.00157315 0.999973 -0.00716794 0.004451 0.0071604 0.999964 -0.00779915 0.115787 -0.303594
FixedParameters: 0 0 0

#Transform 176
Transform: AffineTransform_float_3_3
Parameters: 0.999989 -0.00124226 -0.00444617 0.00121146 0.999975 -0.0068825 0.00445461 0.00687639 0.999967 0.00940181 0.0275716 -0.306364
FixedParameters: 0 0 0

#Transform 177
Transform: AffineTransform_float_3_3
Parameters: 0.999988 -0.00151926 -0.00471155 0.00148515 0.999973 -0.00720749 0.00472282 0.00720057 0.999963 0.00805001 0.12158 -0.329126
FixedParameters: 0 0 0

#Transform 178
Transform: AffineTransform_float_3_3
Parameters: 0.999988 -0.000919049 -0.00476071 0.000886076 0.999976 -0.0068686 0.00476759 0.00686459 0.999965 0.00268009 0.0220208 -0.32385
FixedParameters: 0 0 0

#Transform 179
Transform: AffineTransform_float_3_3
Parameters: 0.999989 -0.00126936 -0.00467651 0.00123627 0.999976 -0.00691751 0.0046851 0.00691142 0.999965 0.00476391 0.106085 -0.34002
FixedParameters: 0 0 0

#Transform 180
Transform: AffineTransform_float_3_3
Parameters: 0.999987 -0.00143803 -0.00494734 0.00140014 0.99997 -0.00755087 0.00495835 0.00754454 0.99996 0.00838953 0.0450419 -0.368733
FixedParameters: 0 0 0

#Transform 181
Transform: AffineTransform_float_3_3
Parameters: 0.999986 -0.00190726 -0.00491607 0.00187146 0.999973 -0.00713963 0.00492912 0.00713111 0.999963 0.0034977 0.0945536 -0.341135
FixedParameters: 0 0 0

#Transform 182
Transform: AffineTransform_float_3_3
Parameters: 0.999987 -0.00125917 -0.00494237 0.00122117 0.99997 -0.0076414 0.0049522 0.0076358 0.999958 -0.0108897 -0.0158025 -0.357605
FixedParameters: 0 0 0

#Transform 183
Transform: AffineTransform_float_3_3
Parameters: 0.999989 -0.00158716 -0.00437081 0.00155847 0.999977 -0.00668911 0.00438149 0.00668227 0.999968 0.0074616 0.0681858 -0.315292
FixedParameters: 0 0 0

#Transform 184
Transform: AffineTransform_float_3_3
Parameters: 0.99999 -0.00119404 -0.00432102 0.00116079 0.99997 -0.00767581 0.00433024 0.00767099 0.999961 0.0150349 0.0214437 -0.342053
FixedParameters: 0 0 0

#Transform 185
Transform: AffineTransform_float_3_3
Parameters: 0.99999 -0.00150125 -0.00431363 0.00146925 0.999972 -0.00735759 0.00432443 0.00735136 0.999964 0.0142833 0.0571853 -0.338856
FixedParameters: 0 0 0

#Transform 186
Transform: AffineTransform_float_3_3
Parameters: 0.99999 -0.00102649 -0.00436084 0.000992201 0.999968 -0.00791661 0.00436958 0.00791194 0.999959 -0.00354349 0.0378605 -0.387107
FixedParameters: 0 0 0

#Transform 187
Transform: AffineTransform_float_3_3
Parameters: 0.99999 -0.00119387 -0.00429354 0.00116488 0.999976 -0.00680258 0.00430083 0.00679742 0.999968 0.000785405 0.0549634 -0.343279
FixedParameters: 0 0 0

#Transform 188
Transform: AffineTransform_float_3_3
Parameters: 0.999989 -0.00131067 -0.00453364 0.00127687 0.999971 -0.00750149 0.00454363 0.00749494 0.999961 0.00667818 -0.0103421 -0.352345
FixedParameters: 0 0 0

#Transform 189
