#Insight Transform File V1.0
#Transform 0
Transform: AffineTransform_float_3_3
Parameters: 0.999997 -0.00222619 0.00174737 0.00222069 0.999993 0.00307564 -0.00175423 -0.00307132 0.999994 0.0523621 -0.0885389 0.0852815
FixedParameters: 0 0 0

#Transform 1
Transform: AffineTransform_float_3_3
Parameters: 0.999996 -0.00197551 0.00198279 0.00197061 0.999995 0.00232565 -0.00198743 -0.00232238 0.999995 0.0535723 -0.0742603 0.0743317
FixedParameters: 0 0 0

#Transform 2
Transform: AffineTransform_float_3_3
Parameters: 0.999995 -0.00236632 0.00209515 0.00236193 0.999995 0.00227271 -0.00210029 -0.0022684 0.999995 0.0463447 -0.0728285 0.0854424
FixedParameters: 0 0 0

#Transform 3
Transform: AffineTransform_float_3_3
Parameters: 0.999997 -0.00206246 0.00156766 0.00205907 0.999995 0.00215477 -0.00157212 -0.00215155 0.999996 0.0529968 -0.0876572 0.0558244
FixedParameters: 0 0 0

#Transform 4
Transform: AffineTransform_float_3_3
Parameters: 0.999997 -0.00170257 0.00194414 0.00169923 0.999997 0.00172867 -0.00194661 -0.00172556 0.999997 0.0567471 -0.0261701 0.0641126
FixedParameters: 0 0 0

#Transform 5
Transform: AffineTransform_float_3_3
Parameters: 0.999995 -0.00199246 0.00231272 0.00198681 0.999996 0.0023695 -0.00231745 -0.00236489 0.999994 0.056931 -0.0916432 0.0841434
FixedParameters: 0 0 0

#Transform 6
Transform: AffineTransform_float_3_3
Parameters: 0.999997 -0.00174657 0.00217822 0.00174233 0.999996 0.0019397 -0.00218144 -0.00193597 0.999996 0.0567121 -0.0882359 0.0365096
FixedParameters: 0 0 0

#Transform 7
Transform: AffineTransform_float_3_3
Parameters: 0.999995 -0.00178959 0.00242673 0.00178526 0.999996 0.00196024 -0.00242999 -0.0019558 0.999996 0.0373441 -0.052766 0.0554548
FixedParameters: 0 0 0

#Transform 8
Transform: AffineTransform_float_3_3
Parameters: 0.999994 -0.00216188 0.00234476 0.00215718 0.999995 0.0023419 -0.00235009 -0.00233734 0.999994 0.0393207 -0.079745 0.0696344
FixedParameters: 0 0 0

#Transform 9
Transform: AffineTransform_float_3_3
Parameters: 0.999997 -0.00174582 0.00217648 0.0017417 0.999997 0.00191477 -0.00217962 -0.00191105 0.999996 0.0381451 -0.0758286 0.061306
FixedParameters: 0 0 0

#Transform 10
Transform: AffineTransform_float_3_3
Parameters: 0.999997 -0.00174265 0.00216913 0.00173902 0.999997 0.00180906 -0.00217188 -0.00180538 0.999996 0.0354617 -0.0625901 0.0667098
FixedParameters: 0 0 0

#Transform 11
Transform: AffineTransform_float_3_3
Parameters: 0.999998 -0.0015296 0.00186447 0.00152658 0.999997 0.00172447 -0.00186727 -0.00172159 0.999997 0.0233179 -0.0503556 0.0638334
FixedParameters: 0 0 0

#Transform 12
Transform: AffineTransform_float_3_3
Parameters: 0.999998 -0.00117391 0.0016313 0.00117127 0.999998 0.0013078 -0.00163313 -0.00130571 0.999998 0.0246123 -0.0620623 0.0576703
FixedParameters: 0 0 0

#Transform 13
Transform: AffineTransform_float_3_3
Parameters: 1 -0.000843657 0.000762513 0.000843484 1 0.00075024 -0.000763691 -0.000749934 1 0.0144163 -0.00757333 0.0502202
FixedParameters: 0 0 0

#Transform 14
Transform: AffineTransform_float_3_3
Parameters: 0.999999 -0.000669671 0.000817111 0.000669014 0.999999 0.00108303 -0.000818418 -0.00108292 0.999999 0.0128103 -0.0199732 0.0683743
FixedParameters: 0 0 0

#Transform 15
Transform: AffineTransform_float_3_3
Parameters: 1 -0.000174493 0.000696837 0.00017391 0.999999 0.00121923 -0.000697044 -0.00121904 0.999999 0.0013532 -0.0584941 0.00535637
FixedParameters: 0 0 0

#Transform 16
Transform: AffineTransform_float_3_3
Parameters: 0.999999 -0.000536865 0.00135155 0.000535541 0.999999 0.00120802 -0.00135257 -0.00120792 0.999999 -0.00436011 -0.0119938 0.0626914
FixedParameters: 0 0 0

#Transform 17
Transform: AffineTransform_float_3_3
Parameters: 0.999999 -0.000193312 0.000863395 0.000193195 1 0.000629017 -0.000863445 -0.000629052 1 0.00410361 -0.0656766 0.012931
FixedParameters: 0 0 0

#Transform 18
Transform: AffineTransform_float_3_3
Parameters: 0.999999 -0.00020839 0.000901091 0.000207419 1 0.00115865 -0.000901355 -0.00115832 0.999999 -0.000146129 -0.0368228 0.031959
FixedParameters: 0 0 0

#Transform 19
Transform: AffineTransform_float_3_3
Parameters: 1 -9.63239e-05 0.000253768 9.69012e-05 1 0.00106338 -0.000253755 -0.00106337 1 0.00834003 -0.079426 0.025113
FixedParameters: 0 0 0

#Transform 20
Transform: AffineTransform_float_3_3
Parameters: 1 -6.38112e-05 0.000103552 6.36825e-05 1 0.000620684 -0.000103631 -0.000620671 1 0.00461702 0.000438772 -0.00519928
FixedParameters: 0 0 0

#Transform 21
Transform: AffineTransform_float_3_3
Parameters: 1 -0.000119315 9.49366e-05 0.000119195 1 0.000630798 -9.5087e-05 -0.000630775 1 -0.00679571 -0.0733439 0.0387178
FixedParameters: 0 0 0

#Transform 22
Transform: AffineTransform_float_3_3
Parameters: 1 3.66279e-05 -0.000429541 -3.66444e-05 1 -1.94497e-05 0.00042954 1.94811e-05 1 0.00466067 -0.0114926 -0.011098
FixedParameters: 0 0 0

#Transform 23
Transform: AffineTransform_float_3_3
Parameters: 1 5.99378e-05 -0.000612288 -5.93318e-05 1 0.000494719 0.000612348 -0.000494646 0.999999 0.00799725 -0.073032 -0.0168083
FixedParameters: 0 0 0

#Transform 24
Transform: AffineTransform_float_3_3
Parameters: 0.999999 0.00015035 -0.00107581 -0.000150037 1 -0.000305175 0.00107591 0.00030513 1 0.00524941 -0.0443115 -0.0760633
FixedParameters: 0 0 0

#Transform 25
Transform: AffineTransform_float_3_3
Parameters: 1 0.000458456 -0.00106195 -0.000458524 1 3.76878e-05 0.00106196 -3.70399e-05 1 -0.00843173 -0.0619287 -0.0583579
FixedParameters: 0 0 0

#Transform 26
Transform: AffineTransform_float_3_3
Parameters: 1 0.00043839 -0.00107571 -0.00043875 1 -9.82708e-05 0.00107552 9.79466e-05 1 -0.0151315 -0.0394954 -0.0518913
FixedParameters: 0 0 0

#Transform 27
Transform: AffineTransform_float_3_3
Parameters: 1 0.000553094 -0.00104589 -0.00055316 1 3.92522e-05 0.00104591 -3.8421e-05 1 -0.0168426 -0.0614022 -0.0200219
FixedParameters: 0 0 0

#Transform 28
Transform: AffineTransform_float_3_3
Parameters: 1 0.000386006 -0.00109554 -0.000385712 1 -0.000242801 0.00109542 0.00024234 1 -0.00655314 0.00619366 -0.0108718
FixedParameters: 0 0 0

#Transform 29
Transform: AffineTransform_float_3_3
Parameters: 1 0.000339173 -0.00108219 -0.000339243 1 3.57117e-05 0.00108219 -3.53035e-05 1 0.00404942 -0.0436361 0.0187566
FixedParameters: 0 0 0

#Transform 30
Transform: AffineTransform_float_3_3
Parameters: 0.999999 0.000744852 -0.00104325 -0.000745727 1 -0.000347557 0.00104263 0.000347844 1 -0.0181592 -0.0583132 -0.0391668
FixedParameters: 0 0 0

#Transform 31
Transform: AffineTransform_float_3_3
Parameters: 0.999999 0.000735527 -0.000351878 -0.000735087 0.999999 0.000386744 0.000351464 -0.000386162 1 -0.0164328 -0.0689327 -0.0258473
FixedParameters: 0 0 0

#Transform 32
Transform: AffineTransform_float_3_3
Parameters: 0.999999 0.000797916 -0.000450785 -0.000798054 1 -0.000150952 0.000450468 0.00015073 1 -0.0181084 0.00334666 0.079003
FixedParameters: 0 0 0

#Transform 33
Transform: AffineTransform_float_3_3
Parameters: 1 0.00041663 -0.000346784 -0.000414395 0.999989 0.00469521 0.000348762 -0.00469566 0.999989 -0.00717578 -0.0853518 0.373442
FixedParameters: 0 0 0

#Transform 34
Transform: AffineTransform_float_3_3
Parameters: 0.999999 0.00119115 -0.000383677 -0.00119087 0.999998 0.00141592 0.000385828 -0.00141585 0.999999 -0.0497053 -0.104539 0.0288788
FixedParameters: 0 0 0

#Transform 35
Transform: AffineTransform_float_3_3
Parameters: 0.999996 0.00205031 -0.00146798 -0.0020483 0.999997 0.00156899 0.00147172 -0.00156554 0.999998 -0.0715821 -0.0972155 0.0548621
FixedParameters: 0 0 0

#Transform 36
Transform: AffineTransform_float_3_3
Parameters: 0.999953 0.00205399 -0.0094808 -0.00209048 0.99999 -0.00379153 0.00947302 0.00381091 0.999948 -0.0352943 0.0403884 0.127717
FixedParameters: 0 0 0

#Transform 37
Transform: AffineTransform_float_3_3
Parameters: 0.999977 0.00207148 -0.00652762 -0.00210134 0.999988 -0.00459881 0.00651854 0.00461315 0.999969 -0.0635928 0.00462446 0.152378
FixedParameters: 0 0 0

#Transform 38
Transform: AffineTransform_float_3_3
Parameters: 0.999982 0.00211294 -0.00566849 -0.00214074 0.999985 -0.00503674 0.00565698 0.00504903 0.999971 -0.0629849 0.0277624 0.147905
FixedParameters: 0 0 0

#Transform 39
Transform: AffineTransform_float_3_3
Parameters: 0.999979 0.00216857 -0.00597436 -0.00220123 0.999982 -0.00560252 0.00596175 0.00561588 0.999966 -0.0559045 0.0655824 0.12701
FixedParameters: 0 0 0

#Transform 40
Transform: AffineTransform_float_3_3
Parameters: 0.999984 0.00228889 -0.00523829 -0.00231858 0.999981 -0.00565208 0.00522524 0.00566388 0.99997 -0.0680305 0.00223515 0.12994
FixedParameters: 0 0 0

#Transform 41
Transform: AffineTransform_float_3_3
Parameters: 0.999984 0.00243442 -0.00519829 -0.00246366 0.999981 -0.00565015 0.00518461 0.00566354 0.99997 -0.0654352 -0.00361922 0.088565
FixedParameters: 0 0 0

#Transform 42
Transform: AffineTransform_float_3_3
Parameters: 0.999988 0.00222434 -0.00421856 -0.00222288 0.999997 0.000352851 0.0042193 -0.000343609 0.999991 -0.0502707 0.00726396 0.571426
FixedParameters: 0 0 0

#Transform 43
Transform: AffineTransform_float_3_3
Parameters: 0.999989 0.00241112 -0.00400365 -0.00240573 0.999996 0.00153368 0.00400724 -0.00152448 0.999991 -0.0779175 -0.0137246 0.454758
FixedParameters: 0 0 0

#Transform 44
Transform: AffineTransform_float_3_3
Parameters: 0.999989 0.00315405 -0.00355551 -0.00315981 0.999993 -0.00179591 0.00354965 0.00180756 0.999992 -0.087358 -0.0691716 0.0528607
FixedParameters: 0 0 0

#Transform 45
Transform: AffineTransform_float_3_3
Parameters: 0.99999 0.00303616 -0.00341482 -0.003043 0.999994 -0.00204661 0.00340892 0.00205683 0.999992 -0.0866675 0.019167 0.258517
FixedParameters: 0 0 0

#Transform 46
Transform: AffineTransform_float_3_3
Parameters: 0.99998 0.00433693 -0.00462606 -0.00436349 0.999976 -0.00552931 0.00460228 0.00554898 0.999974 -0.0866377 0.0421162 -0.179603
FixedParameters: 0 0 0

#Transform 47
Transform: AffineTransform_float_3_3
Parameters: 0.999987 0.00359694 -0.00372643 -0.00361449 0.999982 -0.0047505 0.00370862 0.00476297 0.999982 -0.0695976 0.0492722 -0.119711
FixedParameters: 0 0 0

#Transform 48
Transform: AffineTransform_float_3_3
Parameters: 0.999989 0.00322005 -0.00325508 -0.00323466 0.999985 -0.00446208 0.00324034 0.00447248 0.999985 -0.0732642 0.0243665 -0.0705757
FixedParameters: 0 0 0

#Transform 49
Transform: AffineTransform_float_3_3
Parameters: 0.99999 0.00352703 -0.00273697 -0.00354255 0.999978 -0.00551244 0.00271737 0.0055224 0.999981 -0.107089 0.0283114 -0.0501344
FixedParameters: 0 0 0

#Transform 50
Transform: AffineTransform_float_3_3
Parameters: 0.99999 0.00320255 -0.00308851 -0.00321927 0.999981 -0.00526755 0.00307123 0.00527752 0.999982 -0.0914878 0.0374072 -0.025981
FixedParameters: 0 0 0

#Transform 51
Transform: AffineTransform_float_3_3
Parameters: 0.999984 0.00395554 -0.00390308 -0.00397919 0.999974 -0.0060892 0.00387841 0.00610447 0.999974 -0.0920241 0.00810177 -0.0826878
FixedParameters: 0 0 0

#Transform 52
Transform: AffineTransform_float_3_3
Parameters: 0.999972 0.00430653 -0.00618949 -0.00443764 0.999763 -0.0213293 0.00609663 0.0213564 0.999754 -0.0850867 0.105618 -0.198014
FixedParameters: 0 0 0

#Transform 53
Transform: AffineTransform_float_3_3
Parameters: 0.999974 0.00399566 -0.00608633 -0.00411337 0.999802 -0.0194392 0.00600784 0.0194635 0.999792 -0.0539102 0.196055 -0.165814
FixedParameters: 0 0 0

#Transform 54
Transform: AffineTransform_float_3_3
Parameters: 0.999972 0.00419113 -0.00610394 -0.00429823 0.999833 -0.0177273 0.00602885 0.0177522 0.999825 -0.0598403 0.116015 -0.229518
FixedParameters: 0 0 0

#Transform 55
Transform: AffineTransform_float_3_3
Parameters: 0.999976 0.00394326 -0.00567092 -0.0040512 0.999807 -0.0192032 0.00559396 0.0192255 0.9998 -0.0644274 0.162221 -0.186266
FixedParameters: 0 0 0

#Transform 56
Transform: AffineTransform_float_3_3
Parameters: 0.999967 0.004532 -0.00672992 -0.00465707 0.999811 -0.0188487 0.00664277 0.0188788 0.9998 -0.0609571 0.12561 -0.256778
FixedParameters: 0 0 0

#Transform 57
Transform: AffineTransform_float_3_3
Parameters: 0.99997 0.00445964 -0.00627057 -0.00457445 0.999819 -0.0184953 0.00618748 0.0185226 0.999809 -0.0587038 0.119317 -0.225704
FixedParameters: 0 0 0

#Transform 58
Transform: AffineTransform_float_3_3
Parameters: 0.999967 0.00495545 -0.00649389 -0.00508005 0.999802 -0.0192344 0.00639748 0.0192673 0.999794 -0.0705293 0.10564 -0.245256
FixedParameters: 0 0 0

#Transform 59
Transform: AffineTransform_float_3_3
Parameters: 0.999974 0.0043942 -0.00581468 -0.00450247 0.999814 -0.0187884 0.00573165 0.0188139 0.999806 -0.0637738 0.153505 -0.176211
FixedParameters: 0 0 0

#Transform 60
Transform: AffineTransform_float_3_3
Parameters: 0.999979 0.00485767 -0.00444652 -0.00493434 0.999838 -0.0173379 0.0043617 0.0173601 0.99984 -0.0598747 0.097087 -0.188857
FixedParameters: 0 0 0

#Transform 61
Transform: AffineTransform_float_3_3
Parameters: 0.999985 0.00377781 -0.00393773 -0.00384474 0.999848 -0.0169834 0.00387361 0.0169984 0.999848 -0.0607507 0.151966 -0.148343
FixedParameters: 0 0 0

#Transform 62
Transform: AffineTransform_float_3_3
Parameters: 0.999977 0.0040351 -0.00559026 -0.00413287 0.999837 -0.0175789 0.00551832 0.0176015 0.999829 -0.0429021 0.131805 -0.254878
FixedParameters: 0 0 0

#Transform 63
Transform: AffineTransform_float_3_3
Parameters: 0.999978 0.00361179 -0.00554525 -0.00371476 0.99982 -0.0186283 0.00547597 0.0186477 0.999811 -0.0466743 0.0912421 -0.27598
FixedParameters: 0 0 0

#Transform 64
Transform: AffineTransform_float_3_3
Parameters: 0.999982 0.00348134 -0.00495813 -0.00357082 0.999828 -0.0181996 0.00489478 0.0182167 0.999822 -0.0425268 0.129942 -0.237743
FixedParameters: 0 0 0

#Transform 65
Transform: AffineTransform_float_3_3
Parameters: 0.999979 0.00350464 -0.00553903 -0.00360291 0.999835 -0.0177876 0.00547558 0.0178071 0.999826 -0.0211756 0.10186 -0.288684
FixedParameters: 0 0 0

#Transform 66
Transform: AffineTransform_float_3_3
Parameters: 0.999981 0.00315238 -0.00520573 -0.00324504 0.999835 -0.0178318 0.00514885 0.0178477 0.999828 -0.0263502 0.113499 -0.341865
FixedParameters: 0 0 0

#Transform 67
Transform: AffineTransform_float_3_3
Parameters: 0.999982 0.00300586 -0.00508012 -0.00309502 0.999839 -0.017643 0.00502613 0.0176582 0.999831 -0.022297 0.10219 -0.299854
FixedParameters: 0 0 0

#Transform 68
Transform: AffineTransform_float_3_3
Parameters: 0.999981 0.00300509 -0.00542164 -0.00310067 0.999839 -0.017664 0.00536736 0.0176796 0.999829 -0.021938 0.119848 -0.389233
FixedParameters: 0 0 0

#Transform 69
Transform: AffineTransform_float_3_3
Parameters: 0.999978 0.00297127 -0.00593522 -0.00307671 0.999835 -0.01793 0.00588148 0.0179486 0.999821 0.000113719 0.0826771 -0.427891
FixedParameters: 0 0 0

#Transform 70
Transform: AffineTransform_float_3_3
Parameters: 0.999974 0.0037747 -0.00619472 -0.00387834 0.999852 -0.0167961 0.00613034 0.0168194 0.999839 -0.0349886 0.0597986 -0.448538
FixedParameters: 0 0 0

#Transform 71
Transform: AffineTransform_float_3_3
Parameters: 0.999974 0.00357013 -0.00626145 -0.00368682 0.999818 -0.0186818 0.0061934 0.0187043 0.999806 -0.0099945 0.0786381 -0.516303
FixedParameters: 0 0 0

#Transform 72
Transform: AffineTransform_float_3_3
Parameters: 0.999973 0.00359778 -0.00646278 -0.00371641 0.999824 -0.0184172 0.00639584 0.0184411 0.99981 -0.00988015 0.0477337 -0.557845
FixedParameters: 0 0 0

#Transform 73
Transform: AffineTransform_float_3_3
Parameters: 0.999976 0.00336806 -0.00606221 -0.00348749 0.9998 -0.0197204 0.00599466 0.0197403 0.999787 -0.0196273 0.101477 -0.556535
FixedParameters: 0 0 0

#Transform 74
Transform: AffineTransform_float_3_3
Parameters: 0.99997 0.00344345 -0.00694818 -0.00357689 0.999807 -0.0193011 0.00688051 0.0193255 0.999789 -0.00656947 0.0594291 -0.560905
FixedParameters: 0 0 0

#Transform 75
Transform: AffineTransform_float_3_3
Parameters: 0.99997 0.00384307 -0.00672171 -0.0039748 0.999798 -0.0196768 0.00664452 0.0197028 0.999784 -0.0226791 0.124892 -0.567399
FixedParameters: 0 0 0

#Transform 76
Transform: AffineTransform_float_3_3
Parameters: 0.999967 0.00400855 -0.00711412 -0.00414266 0.999813 -0.0189027 0.00703738 0.0189314 0.999796 -0.0167719 0.0562156 -0.553913
FixedParameters: 0 0 0

#Transform 77
Transform: AffineTransform_float_3_3
Parameters: 0.999965 0.00412987 -0.00721724 -0.00426214 0.999823 -0.0183151 0.00714 0.0183452 0.999806 -0.0136921 0.11991 -0.528244
FixedParameters: 0 0 0

#Transform 78
Transform: AffineTransform_float_3_3
Parameters: 0.999963 0.00416935 -0.00751055 -0.00430281 0.999833 -0.0177863 0.00743421 0.0178179 0.999814 0.0052074 0.0837624 -0.526201
FixedParameters: 0 0 0

#Transform 79
Transform: AffineTransform_float_3_3
Parameters: 0.999964 0.00476914 -0.00703751 -0.00489112 0.999835 -0.0175183 0.00695271 0.0175525 0.999821 -0.0299821 0.140043 -0.485777
FixedParameters: 0 0 0

#Transform 80
Transform: AffineTransform_float_3_3
Parameters: 0.999957 0.00465611 -0.00798637 -0.0047975 0.999831 -0.0177079 0.00790228 0.0177456 0.999811 -0.00420293 0.0496019 -0.518661
FixedParameters: 0 0 0

#Transform 81
Transform: AffineTransform_float_3_3
Parameters: 0.99996 0.00448505 -0.00773518 -0.00463043 0.999812 -0.018815 0.0076495 0.0188501 0.999793 -0.0249752 0.0774617 -0.553972
FixedParameters: 0 0 0

#Transform 82
Transform: AffineTransform_float_3_3
Parameters: 0.999958 0.00432939 -0.00797218 -0.0044723 0.999826 -0.0180794 0.00789247 0.0181149 0.999805 -0.00883786 0.0548952 -0.505297
FixedParameters: 0 0 0

#Transform 83
Transform: AffineTransform_float_3_3
Parameters: 0.999954 0.00471045 -0.00830608 -0.00486383 0.999817 -0.0184805 0.00821788 0.0185199 0.999795 -0.00510859 0.0634206 -0.551964
FixedParameters: 0 0 0

#Transform 84
Transform: AffineTransform_float_3_3
Parameters: 0.999954 0.00470643 -0.00825421 -0.00486228 0.999808 -0.0189459 0.00816349 0.018985 0.999786 -0.014733 0.102325 -0.592283
FixedParameters: 0 0 0

#Transform 85
Transform: AffineTransform_float_3_3
Parameters: 0.999956 0.00468737 -0.00814113 -0.00483916 0.999814 -0.0186852 0.00805183 0.0187243 0.999792 -0.0223087 0.0780484 -0.561259
FixedParameters: 0 0 0

#Transform 86
Transform: AffineTransform_float_3_3
Parameters: 0.999956 0.00468749 -0.00811586 -0.00484295 0.999805 -0.0191616 0.00802472 0.0191993 0.999783 -0.0179887 0.0836897 -0.583357
FixedParameters: 0 0 0

#Transform 87
Transform: AffineTransform_float_3_3
Parameters: 0.999959 0.0046447 -0.00785517 -0.00479171 0.999813 -0.0187081 0.0077665 0.0187457 0.999794 -0.028741 0.0860504 -0.52567
FixedParameters: 0 0 0

#Transform 88
Transform: AffineTransform_float_3_3
Parameters: 0.999945 0.00516652 -0.00910517 -0.00533566 0.999811 -0.018682 0.00900635 0.01873 0.999784 -0.0321209 0.0552266 -0.579779
FixedParameters: 0 0 0

#Transform 89
Transform: AffineTransform_float_3_3
Parameters: 0.999944 0.00513617 -0.00917402 -0.00531644 0.99979 -0.0197874 0.00907031 0.019836 0.999762 -0.0498273 0.118974 -0.592867
FixedParameters: 0 0 0

#Transform 90
Transform: AffineTransform_float_3_3
Parameters: 0.99994 0.005141 -0.00967323 -0.00532673 0.9998 -0.0192503 0.00957203 0.0193003 0.999768 -0.0439745 0.0564891 -0.577667
FixedParameters: 0 0 0

#Transform 91
Transform: AffineTransform_float_3_3
Parameters: 0.999944 0.00525108 -0.00920575 -0.00543476 0.999783 -0.0200808 0.00909785 0.0201296 0.999756 -0.0520394 0.0973513 -0.604405
FixedParameters: 0 0 0

#Transform 92
Transform: AffineTransform_float_3_3
Parameters: 0.999941 0.00539067 -0.00946638 -0.00558222 0.999778 -0.0203521 0.00935508 0.0204032 0.999748 -0.0471394 0.0987866 -0.564489
FixedParameters: 0 0 0

#Transform 93
Transform: AffineTransform_float_3_3
Parameters: 0.999934 0.00561406 -0.00999457 -0.00581974 0.999771 -0.0206099 0.00987597 0.0206665 0.999738 -0.0404704 0.0856514 -0.617604
FixedParameters: 0 0 0

#Transform 94
Transform: AffineTransform_float_3_3
Parameters: 0.999939 0.00540506 -0.00966217 -0.0056011 0.999776 -0.020431 0.00955021 0.020484 0.999744 -0.0500503 0.0997438 -0.56785
FixedParameters: 0 0 0

#Transform 95
Transform: AffineTransform_float_3_3
Parameters: 0.999932 0.00594135 -0.0100132 -0.00614373 0.999775 -0.0203006 0.00989005 0.0203606 0.999743 -0.0585699 0.0589458 -0.60506
FixedParameters: 0 0 0

#Transform 96
Transform: AffineTransform_float_3_3
Parameters: 0.999933 0.00607302 -0.00977982 -0.00627258 0.99977 -0.0205153 0.00965246 0.0205746 0.999742 -0.0716121 0.114582 -0.583642
FixedParameters: 0 0 0

#Transform 97
Transform: AffineTransform_float_3_3
Parameters: 0.999929 0.00623551 -0.0100661 -0.00643256 0.999787 -0.0196537 0.0099418 0.0197173 0.999756 -0.0644919 0.0746321 -0.580346
FixedParameters: 0 0 0

#Transform 98
Transform: AffineTransform_float_3_3
Parameters: 0.999934 0.00633353 -0.00954024 -0.00652511 0.999775 -0.0201669 0.00941008 0.0202281 0.999751 -0.0672423 0.123683 -0.577053
FixedParameters: 0 0 0

#Transform 99
Transform: AffineTransform_float_3_3
Parameters: 0.99993 0.00655872 -0.00980442 -0.00674712 0.999789 -0.0193639 0.00967484 0.0194294 0.999765 -0.0687562 0.0854241 -0.544647
FixedParameters: 0 0 0

#Transform 100
Transform: AffineTransform_float_3_3
Parameters: 0.999929 0.00690327 -0.00969518 -0.00709267 0.999782 -0.0196575 0.00955814 0.0197256 0.99976 -0.0830422 0.0646008 -0.572711
FixedParameters: 0 0 0

#Transform 101
Transform: AffineTransform_float_3_3
Parameters: 0.999937 0.00656955 -0.00916102 -0.00673849 0.999805 -0.018562 0.00903725 0.0186228 0.999786 -0.0781762 0.111808 -0.526545
FixedParameters: 0 0 0

#Transform 102
Transform: AffineTransform_float_3_3
Parameters: 0.99993 0.00699895 -0.00956574 -0.0071763 0.999801 -0.0186607 0.00943253 0.0187288 0.99978 -0.0747318 0.0593902 -0.556763
FixedParameters: 0 0 0

#Transform 103
Transform: AffineTransform_float_3_3
Parameters: 0.999927 0.00711946 -0.00970646 -0.0073052 0.999789 -0.0192023 0.00956822 0.0192718 0.999769 -0.0888842 0.0830575 -0.556122
FixedParameters: 0 0 0

#Transform 104
Transform: AffineTransform_float_3_3
Parameters: 0.999925 0.00710377 -0.00994548 -0.00729267 0.999791 -0.0190821 0.00980695 0.019153 0.999768 -0.0748762 0.041263 -0.520043
FixedParameters: 0 0 0

#Transform 105
Transform: AffineTransform_float_3_3
Parameters: 0.99993 0.00664251 -0.00981795 -0.0068296 0.999793 -0.0191822 0.00968804 0.0192476 0.999768 -0.0720712 0.0839765 -0.526763
FixedParameters: 0 0 0

#Transform 106
Transform: AffineTransform_float_3_3
Parameters: 0.999923 0.00672006 -0.010424 -0.00691567 0.999798 -0.018867 0.0102953 0.0189381 0.999768 -0.0605093 0.0744978 -0.491089
FixedParameters: 0 0 0

#Transform 107
Transform: AffineTransform_float_3_3
Parameters: 0.999924 0.00718301 -0.0099878 -0.00737117 0.999794 -0.0189234 0.00985029 0.0189954 0.999771 -0.0743715 0.0382745 -0.518065
FixedParameters: 0 0 0

#Transform 108
Transform: AffineTransform_float_3_3
Parameters: 0.999936 0.00654121 -0.00926302 -0.0067074 0.999814 -0.0180896 0.00914389 0.0181502 0.999793 -0.0911994 0.155093 -0.476808
FixedParameters: 0 0 0

#Transform 109
Transform: AffineTransform_float_3_3
Parameters: 0.999933 0.00657423 -0.00950136 -0.00674071 0.999822 -0.0176479 0.00938359 0.0177105 0.999799 -0.0849441 0.100144 -0.44456
FixedParameters: 0 0 0

#Transform 110
Transform: AffineTransform_float_3_3
Parameters: 0.999935 0.00680534 -0.00917297 -0.00697719 0.999797 -0.0189167 0.00904223 0.0189798 0.999779 -0.10042 0.10086 -0.477867
FixedParameters: 0 0 0

#Transform 111
Transform: AffineTransform_float_3_3
Parameters: 0.999936 0.00672404 -0.00908953 -0.00688565 0.999817 -0.0178746 0.00896771 0.0179369 0.999799 -0.0987205 0.0760642 -0.456062
FixedParameters: 0 0 0

#Transform 112
Transform: AffineTransform_float_3_3
Parameters: 0.999931 0.00711163 -0.00939523 -0.00728944 0.999794 -0.0189275 0.00925874 0.0189948 0.999776 -0.110232 0.0641948 -0.502888
FixedParameters: 0 0 0

#Transform 113
Transform: AffineTransform_float_3_3
Parameters: 0.999928 0.00740304 -0.00940196 -0.00758729 0.999777 -0.0197262 0.00925411 0.0197954 0.999761 -0.111863 0.138907 -0.524502
FixedParameters: 0 0 0

#Transform 114
Transform: AffineTransform_float_3_3
Parameters: 0.999929 0.00710943 -0.009561 -0.00728947 0.999793 -0.0189791 0.00942362 0.019047 0.999774 -0.0994292 0.0713204 -0.488966
FixedParameters: 0 0 0

#Transform 115
Transform: AffineTransform_float_3_3
Parameters: 0.999918 0.00773511 -0.0102319 -0.00793337 0.999779 -0.0194598 0.0100783 0.0195387 0.999758 -0.100356 0.0832059 -0.567351
FixedParameters: 0 0 0

#Transform 116
Transform: AffineTransform_float_3_3
Parameters: 0.999922 0.00767848 -0.00982364 -0.00787601 0.999766 -0.0201329 0.00966722 0.0202091 0.999749 -0.104317 0.0807664 -0.573259
FixedParameters: 0 0 0

#Transform 117
Transform: AffineTransform_float_3_3
Parameters: 0.999921 0.00769558 -0.00994061 -0.00789481 0.999768 -0.0200808 0.00978342 0.0201573 0.999749 -0.100062 0.0672137 -0.538115
FixedParameters: 0 0 0

#Transform 118
Transform: AffineTransform_float_3_3
Parameters: 0.999913 0.00806003 -0.010436 -0.00826779 0.999765 -0.0200599 0.0102718 0.0201447 0.999744 -0.100773 0.115694 -0.567805
FixedParameters: 0 0 0

#Transform 119
Transform: AffineTransform_float_3_3
Parameters: 0.999912 0.00791508 -0.0106147 -0.00813162 0.999757 -0.0205199 0.0104504 0.0206047 0.999733 -0.111934 0.0713887 -0.598126
FixedParameters: 0 0 0

#Transform 120
Transform: AffineTransform_float_3_3
Parameters: 0.999915 0.00776566 -0.0104433 -0.00796619 0.999782 -0.0192847 0.0102904 0.0193659 0.999759 -0.0924795 0.0646819 -0.560151
FixedParameters: 0 0 0

#Transform 121
Transform: AffineTransform_float_3_3
Parameters: 0.999932 0.00692016 -0.00938039 -0.00707992 0.99983 -0.0170315 0.00926101 0.0170967 0.999811 -0.0659357 0.0962622 -0.26516
FixedParameters: 0 0 0

#Transform 122
Transform: AffineTransform_float_3_3
Parameters: 0.999934 0.00652668 -0.00943472 -0.0066235 0.999925 -0.0102999 0.00936682 0.010361 0.999902 -0.0325401 0.0736734 0.0317105
FixedParameters: 0 0 0

#Transform 123
Transform: AffineTransform_float_3_3
Parameters: 0.99994 0.00657511 -0.00877088 -0.00669988 0.999876 -0.0142987 0.00867537 0.0143566 0.999859 -0.0792041 0.0538274 -0.264406
FixedParameters: 0 0 0

#Transform 124
Transform: AffineTransform_float_3_3
Parameters: 0.999937 0.00652932 -0.00921287 -0.00665396 0.999886 -0.0135773 0.00912267 0.013638 0.999865 -0.0380028 0.0885194 -0.258211
FixedParameters: 0 0 0

#Transform 125
Transform: AffineTransform_float_3_3
Parameters: 0.999927 0.0073342 -0.00963553 -0.00748256 0.999853 -0.0153974 0.00952116 0.015468 0.999835 -0.0556448 0.0595189 -0.399327
FixedParameters: 0 0 0

#Transform 126
Transform: AffineTransform_float_3_3
Parameters: 0.999934 0.00637192 -0.00948728 -0.0065226 0.999853 -0.0159136 0.00938447 0.0159742 0.999828 -0.0394101 0.0595717 -0.339371
FixedParameters: 0 0 0

#Transform 127
Transform: AffineTransform_float_3_3
Parameters: 0.999937 0.00647084 -0.00915092 -0.00660899 0.999864 -0.0150871 0.00905134 0.0151473 0.999844 -0.0451637 0.0480068 -0.295012
FixedParameters: 0 0 0

#Transform 128
Transform: AffineTransform_float_3_3
Parameters: 0.999929 0.00679403 -0.00982163 -0.00694972 0.99985 -0.0158935 0.00971207 0.0159616 0.999825 -0.034571 0.0629639 -0.330387
FixedParameters: 0 0 0

#Transform 129
Transform: AffineTransform_float_3_3
Parameters: 0.999935 0.00628726 -0.00952084 -0.0064371 0.999854 -0.015806 0.00942012 0.0158659 0.99983 -0.0287841 0.0532822 -0.282786
FixedParameters: 0 0 0

#Transform 130
Transform: AffineTransform_float_3_3
Parameters: 0.999941 0.00629831 -0.00886948 -0.0064396 0.999852 -0.0159787 0.00876814 0.0160356 0.999833 -0.0239249 0.0647811 -0.337993
FixedParameters: 0 0 0

#Transform 131
Transform: AffineTransform_float_3_3
Parameters: 0.999951 0.00544637 -0.00827762 -0.00557997 0.999852 -0.0162669 0.00818819 0.0163117 0.999834 -0.0119827 0.0975473 -0.315479
FixedParameters: 0 0 0

#Transform 132
Transform: AffineTransform_float_3_3
Parameters: 0.999958 0.00494077 -0.00771293 -0.00505951 0.999868 -0.0154384 0.00763471 0.0154762 0.999851 0.0109293 0.0530624 -0.319116
FixedParameters: 0 0 0

#Transform 133
Transform: AffineTransform_float_3_3
Parameters: 0.999956 0.00496068 -0.00802967 -0.00508943 0.999858 -0.0160409 0.00794952 0.016081 0.999839 0.0136604 0.110624 -0.338462
FixedParameters: 0 0 0

#Transform 134
Transform: AffineTransform_float_3_3
Parameters: 0.999958 0.00459466 -0.00796718 -0.00471738 0.999869 -0.0154865 0.00789517 0.0155238 0.999848 0.0239612 0.0470587 -0.343394
FixedParameters: 0 0 0

#Transform 135
Transform: AffineTransform_float_3_3
Parameters: 0.999966 0.0042134 -0.00709635 -0.00430317 0.999909 -0.0127521 0.00704243 0.0127819 0.999894 0.0560711 0.033947 0.0112594
FixedParameters: 0 0 0

#Transform 136
Transform: AffineTransform_float_3_3
Parameters: 0.999979 0.000458043 -0.0064474 -0.000468827 0.999998 -0.00156338 0.00644586 0.00156626 0.999978 0.126276 -0.0889842 0.494728
FixedParameters: 0 0 0

#Transform 137
Transform: AffineTransform_float_3_3
Parameters: 0.99999 0.00101116 -0.004484 -0.0010341 0.999987 -0.0050067 0.00447879 0.00501101 0.999977 0.0747996 -0.092881 0.165078
FixedParameters: 0 0 0

#Transform 138
Transform: AffineTransform_float_3_3
Parameters: 0.999993 0.000789489 -0.00372078 -0.000811671 0.999982 -0.005999 0.00371552 0.00600244 0.999975 0.0693566 0.0482219 0.120699
FixedParameters: 0 0 0

#Transform 139
Transform: AffineTransform_float_3_3
Parameters: 0.99999 0.0016238 -0.00429641 -0.00166112 0.999962 -0.00859939 0.00428232 0.00860644 0.999954 0.0741521 0.00427999 0.0355715
FixedParameters: 0 0 0

#Transform 140
Transform: AffineTransform_float_3_3
Parameters: 0.99999 0.00145588 -0.00439345 -0.00149888 0.99995 -0.00980942 0.00437916 0.00981578 0.999943 0.0881869 0.0483439 0.0548566
FixedParameters: 0 0 0

#Transform 141
Transform: AffineTransform_float_3_3
Parameters: 0.999991 0.00157178 -0.00390306 -0.00160921 0.999953 -0.00951925 0.00388827 0.00952487 0.999947 0.0924872 0.0433061 -0.0744196
FixedParameters: 0 0 0

#Transform 142
Transform: AffineTransform_float_3_3
Parameters: 0.999993 0.0011556 -0.00370897 -0.0011956 0.99994 -0.0108751 0.00369608 0.0108794 0.999934 0.0674861 0.0942327 -0.0336371
FixedParameters: 0 0 0

#Transform 143
Transform: AffineTransform_float_3_3
Parameters: 0.999992 0.00152425 -0.00350189 -0.00156181 0.999941 -0.0108225 0.00348465 0.0108272 0.999936 0.0625421 0.0244497 -0.022531
FixedParameters: 0 0 0

#Transform 144
Transform: AffineTransform_float_3_3
Parameters: 0.999992 0.00129883 -0.00399912 -0.00134372 0.999936 -0.0112198 0.0039839 0.0112245 0.999929 0.0672656 0.0499423 -0.0897994
FixedParameters: 0 0 0

#Transform 145
Transform: AffineTransform_float_3_3
Parameters: 0.999992 0.00118673 -0.00384385 -0.00123247 0.999929 -0.0118282 0.003829 0.0118329 0.999923 0.0646503 0.0662038 -0.112418
FixedParameters: 0 0 0

#Transform 146
Transform: AffineTransform_float_3_3
Parameters: 0.999991 0.00121585 -0.00394529 -0.00126168 0.999932 -0.0115814 0.00393138 0.0115861 0.999926 0.0724001 0.0629928 -0.110619
FixedParameters: 0 0 0

#Transform 147
Transform: AffineTransform_float_3_3
Parameters: 0.999993 0.00155809 -0.00362157 -0.00160125 0.999927 -0.0120144 0.00360218 0.0120203 0.999922 0.0715615 0.0832828 -0.0905609
FixedParameters: 0 0 0

#Transform 148
Transform: AffineTransform_float_3_3
Parameters: 0.999994 0.00105942 -0.00337762 -0.00109791 0.999932 -0.0116429 0.00336542 0.0116475 0.999927 0.0674024 0.0948978 -0.119968
FixedParameters: 0 0 0

#Transform 149
Transform: AffineTransform_float_3_3
Parameters: 0.999994 0.0010437 -0.00336503 -0.00108198 0.999934 -0.0114459 0.00335324 0.011449 0.999929 0.0582904 0.0785952 -0.0883554
FixedParameters: 0 0 0

#Transform 150
Transform: AffineTransform_float_3_3
Parameters: 0.999994 0.00106877 -0.00342734 -0.00111089 0.999924 -0.012314 0.00341394 0.0123177 0.999918 0.0806521 0.0965644 -0.142392
FixedParameters: 0 0 0

#Transform 151
Transform: AffineTransform_float_3_3
Parameters: 0.999994 0.000925189 -0.00322004 -0.000962671 0.999929 -0.011871 0.00320835 0.0118736 0.999924 0.0915533 0.0808017 -0.1425
FixedParameters: 0 0 0

#Transform 152
Transform: AffineTransform_float_3_3
Parameters: 0.999994 0.00133865 -0.00330786 -0.00137528 0.999935 -0.0113015 0.00329259 0.0113067 0.999931 0.0749206 0.0558402 -0.159545
FixedParameters: 0 0 0

#Transform 153
Transform: AffineTransform_float_3_3
Parameters: 0.999995 0.000968469 -0.00299407 -0.00100591 0.99992 -0.0126172 0.00298206 0.0126195 0.999916 0.070422 0.0760037 -0.157632
FixedParameters: 0 0 0

#Transform 154
Transform: AffineTransform_float_3_3
Parameters: 0.999996 0.00082832 -0.00280089 -0.000863947 0.999918 -0.0127264 0.00278983 0.0127281 0.999915 0.0859911 0.0704285 -0.122181
FixedParameters: 0 0 0

#Transform 155
Transform: AffineTransform_float_3_3
Parameters: 0.999994 0.000923399 -0.00324114 -0.000963941 0.99992 -0.0126378 0.0032288 0.0126413 0.999915 0.0949836 0.100655 -0.171007
FixedParameters: 0 0 0

#Transform 156
Transform: AffineTransform_float_3_3
Parameters: 0.999994 0.000765275 -0.00334187 -0.00080983 0.999913 -0.0131999 0.00333117 0.0132026 0.999907 0.0982528 0.11997 -0.174838
FixedParameters: 0 0 0

#Transform 157
Transform: AffineTransform_float_3_3
Parameters: 0.999994 0.00105459 -0.00304644 -0.00109475 0.999913 -0.0131465 0.0030327 0.0131502 0.999909 0.0890133 0.08139 -0.154249
FixedParameters: 0 0 0

#Transform 158
Transform: AffineTransform_float_3_3
Parameters: 0.999991 0.00122091 -0.00404213 -0.0012773 0.999901 -0.0140444 0.00402476 0.0140494 0.999894 0.0836155 0.0572894 -0.160461
FixedParameters: 0 0 0

#Transform 159
Transform: AffineTransform_float_3_3
Parameters: 0.999988 0.00162039 -0.00452761 -0.00167963 0.999911 -0.0132226 0.00450586 0.0132304 0.999903 0.103128 0.0459997 -0.12953
FixedParameters: 0 0 0

#Transform 160
Transform: AffineTransform_float_3_3
Parameters: 0.999992 0.000880675 -0.00402652 -0.000935541 0.999906 -0.0136578 0.00401394 0.0136614 0.999899 0.106788 0.153664 -0.0879893
FixedParameters: 0 0 0

#Transform 161
Transform: AffineTransform_float_3_3
Parameters: 0.999992 0.00102152 -0.00383362 -0.00106963 0.999922 -0.0125018 0.00382095 0.0125056 0.999914 0.107749 0.0792502 -0.183139
FixedParameters: 0 0 0

#Transform 162
Transform: AffineTransform_float_3_3
Parameters: 0.999992 0.000746146 -0.00380567 -0.000797329 0.999909 -0.0134161 0.00379546 0.0134195 0.999903 0.0936342 0.126409 -0.158442
FixedParameters: 0 0 0

#Transform 163
Transform: AffineTransform_float_3_3
Parameters: 0.999992 0.00116211 -0.00373709 -0.0012107 0.999913 -0.0131324 0.00372197 0.0131368 0.999907 0.0878524 0.0759711 -0.126639
FixedParameters: 0 0 0

#Transform 164
Transform: AffineTransform_float_3_3
Parameters: 0.999992 0.000796242 -0.00393366 -0.000850082 0.999904 -0.0138004 0.00392222 0.0138045 0.999897 0.0740351 0.157018 -0.0991024
FixedParameters: 0 0 0

#Transform 165
Transform: AffineTransform_float_3_3
Parameters: 0.999989 0.00125783 -0.00436049 -0.00131419 0.999915 -0.0130112 0.00434321 0.0130161 0.999906 0.078851 0.0545336 -0.117545
FixedParameters: 0 0 0

#Transform 166
Transform: AffineTransform_float_3_3
Parameters: 0.99999 0.00125355 -0.00431215 -0.00131077 0.99991 -0.0132867 0.00429548 0.0132923 0.999902 0.0758001 0.15169 -0.12261
FixedParameters: 0 0 0

#Transform 167
Transform: AffineTransform_float_3_3
Parameters: 0.999988 0.00107148 -0.00468977 -0.00113214 0.999917 -0.0128519 0.0046761 0.0128566 0.999906 0.086978 0.107758 -0.121328
FixedParameters: 0 0 0

#Transform 168
Transform: AffineTransform_float_3_3
Parameters: 0.999986 0.00138243 -0.00519135 -0.00144755 0.99992 -0.0125682 0.00517417 0.0125752 0.999907 0.0855223 0.0602247 -0.178055
FixedParameters: 0 0 0

#Transform 169
Transform: AffineTransform_float_3_3
Parameters: 0.999987 0.000890887 -0.005074 -0.00095597 0.999917 -0.0127991 0.00506293 0.012804 0.999905 0.0907491 0.0891553 -0.141221
FixedParameters: 0 0 0

#Transform 170
Transform: AffineTransform_float_3_3
Parameters: 0.999984 0.00142857 -0.00549936 -0.00149666 0.999923 -0.0123761 0.00548094 0.0123838 0.999909 0.095625 0.0804223 -0.162248
FixedParameters: 0 0 0

#Transform 171
Transform: AffineTransform_float_3_3
Parameters: 0.999984 0.00134604 -0.00539383 -0.00141663 0.999912 -0.0131939 0.00537519 0.0132013 0.999899 0.0855853 0.0796263 -0.185961
FixedParameters: 0 0 0

#Transform 172
Transform: AffineTransform_float_3_3
Parameters: 0.999984 0.0013414 -0.00546318 -0.00141788 0.9999 -0.0140945 0.00544344 0.0141022 0.999886 0.087508 0.0547273 -0.1731
FixedParameters: 0 0 0

#Transform 173
Transform: AffineTransform_float_3_3
Parameters: 0.999981 0.00126244 -0.0060276 -0.00134774 0.999897 -0.0142591 0.0060092 0.0142672 0.999881 0.101679 0.0602268 -0.200439
FixedParameters: 0 0 0

#Transform 174
Transform: AffineTransform_float_3_3
Parameters: 0.999988 0.000930733 -0.00492438 -0.000999755 0.999901 -0.014065 0.0049111 0.0140706 0.999889 0.0822623 0.0584277 -0.207781
FixedParameters: 0 0 0

#Transform 175
Transform: AffineTransform_float_3_3
Parameters: 0.999987 0.000855265 -0.00509637 -0.000922651 0.999912 -0.0132758 0.00508496 0.0132798 0.999898 0.0846582 0.0120299 -0.164717
FixedParameters: 0 0 0

#Transform 176
Transform: AffineTransform_float_3_3
Parameters: 0.999987 0.000949094 -0.00485523 -0.00101788 0.999897 -0.0143013 0.00484115 0.0143056 0.999886 0.0917163 0.108244 -0.193259
FixedParameters: 0 0 0

#Transform 177
Transform: AffineTransform_float_3_3
Parameters: 0.999986 0.00104872 -0.00517701 -0.00112464 0.999893 -0.0145979 0.00516132 0.0146034 0.99988 0.087018 0.0791441 -0.222585
FixedParameters: 0 0 0

#Transform 178
Transform: AffineTransform_float_3_3
Parameters: 0.999983 0.00136471 -0.00569497 -0.0014413 0.999907 -0.0135876 0.00567586 0.0135958 0.999891 0.091472 0.00764868 -0.222633
FixedParameters: 0 0 0

#Transform 179
Transform: AffineTransform_float_3_3
Parameters: 0.999985 0.00110589 -0.00524206 -0.00117823 0.999904 -0.0138331 0.00522574 0.0138394 0.999891 0.0841383 0.10565 -0.159227
FixedParameters: 0 0 0

#Transform 180
Transform: AffineTransform_float_3_3
Parameters: 0.999988 0.000997834 -0.00485954 -0.00106541 0.999904 -0.013828 0.00484527 0.0138329 0.999893 0.0811019 0.0548086 -0.19359
FixedParameters: 0 0 0

#Transform 181
Transform: AffineTransform_float_3_3
Parameters: 0.999988 0.000711016 -0.00479256 -0.0007784 0.9999 -0.0141567 0.00478219 0.0141602 0.999888 0.0832678 0.0903631 -0.192996
FixedParameters: 0 0 0

#Transform 182
Transform: AffineTransform_float_3_3
Parameters: 0.999992 0.000960456 -0.00379977 -0.00101334 0.999901 -0.0140267 0.00378624 0.0140307 0.999894 0.0638595 0.104295 -0.11843
FixedParameters: 0 0 0

#Transform 183
Transform: AffineTransform_float_3_3
Parameters: 0.999986 -8.31619e-05 -0.00530889 5.34511e-05 0.999985 -0.00554076 0.00530936 0.0055404 0.999971 0.101745 0.0439703 0.535208
FixedParameters: 0 0 0

#Transform 184
Transform: AffineTransform_float_3_3
Parameters: 0.999986 0.000116878 -0.00522766 -0.000151111 0.999979 -0.00652788 0.00522651 0.00652757 0.999965 0.0527748 0.0383571 0.36094
FixedParameters: 0 0 0

#Transform 185
Transform: AffineTransform_float_3_3
Parameters: 0.99999 0.000750311 -0.00443998 -0.000776963 0.999982 -0.00595481 0.00443488 0.005958 0.999973 0.0472887 -0.0615472 0.105855
FixedParameters: 0 0 0

#Transform 186
Transform: AffineTransform_float_3_3
Parameters: 0.999991 0.000398255 -0.00407252 -0.000428294 0.999972 -0.00738132 0.0040695 0.00738332 0.999965 0.0714719 0.0652619 0.106067
FixedParameters: 0 0 0

#Transform 187
Transform: AffineTransform_float_3_3
Parameters: 0.999992 0.000339721 -0.00404836 -0.000369206 0.999974 -0.00721919 0.004046 0.00722012 0.999965 0.0846706 0.0319478 -0.00741257
FixedParameters: 0 0 0

#Transform 188
Transform: AffineTransform_float_3_3
Parameters: 0.999992 0.000445905 -0.00414429 -0.000488906 0.999946 -0.0103793 0.00413967 0.0103818 0.999938 0.0667528 0.0731698 -0.0574201
FixedParameters: 0 0 0

#Transform 189
Transform: AffineTransform_float_3_3
