#Insight Transform File V1.0
#Transform 0
Transform: AffineTransform_float_3_3
Parameters: 1 -0.000654901 -0.000206092 0.00065473 0.999999 -0.00118542 0.000206547 0.00118534 0.999999 0.050159 0.0314022 -0.0443792
FixedParameters: 0 0 0

#Transform 1
Transform: AffineTransform_float_3_3
Parameters: 0.999999 -0.0006758 1.42107e-05 0.000675219 0.999998 -0.00154183 -1.32417e-05 0.00154197 0.999999 0.0374361 0.0429808 -0.0734805
FixedParameters: 0 0 0

#Transform 2
Transform: AffineTransform_float_3_3
Parameters: 0.999999 -0.000663758 0.000485549 0.000664477 0.999999 -0.00138298 -0.000484826 0.00138375 0.999999 0.0380095 0.0343989 -0.0683992
FixedParameters: 0 0 0

#Transform 3
Transform: AffineTransform_float_3_3
Parameters: 1 -0.000666458 -0.000110374 0.00066647 0.999999 -0.00137987 0.000111116 0.00137991 0.999999 0.0557385 0.0117146 -0.0641058
FixedParameters: 0 0 0

#Transform 4
Transform: AffineTransform_float_3_3
Parameters: 0.999999 -0.000227026 0.000522988 0.000228742 0.999997 -0.00249319 -0.000522245 0.00249337 0.999996 0.0227942 0.139877 -0.0657508
FixedParameters: 0 0 0

#Transform 5
Transform: AffineTransform_float_3_3
Parameters: 1 -0.000267054 0.000191468 0.000266888 1 -0.00100302 -0.000191113 0.00100209 0.999999 0.00843829 0.0230868 -0.0618195
FixedParameters: 0 0 0

#Transform 6
Transform: AffineTransform_float_3_3
Parameters: 1 -0.000374177 0.000348048 0.000375443 0.999997 -0.00224162 -0.000347724 0.00224204 0.999998 0.0192274 0.0914112 -0.114989
FixedParameters: 0 0 0

#Transform 7
Transform: AffineTransform_float_3_3
Parameters: 1 -0.000419891 -0.000303402 0.000419685 1 -0.000340879 0.000303688 0.000340625 1 0.0442554 0.0123124 -0.0750495
FixedParameters: 0 0 0

#Transform 8
Transform: AffineTransform_float_3_3
Parameters: 1 -0.000594037 0.000238147 0.00059438 0.999999 -0.000746571 -0.000238237 0.000747022 0.999999 0.0252686 -0.0133253 -0.0894107
FixedParameters: 0 0 0

#Transform 9
Transform: AffineTransform_float_3_3
Parameters: 1 -0.000449267 -0.000136325 0.00044926 0.999999 -0.00123551 0.000137316 0.00123541 0.999999 0.0474803 0.0629178 -0.121059
FixedParameters: 0 0 0

#Transform 10
Transform: AffineTransform_float_3_3
Parameters: 1 -0.000305206 -0.000495463 0.000305438 1 -0.00104999 0.000496003 0.00104976 1 0.0520918 0.0399957 -0.0815109
FixedParameters: 0 0 0

#Transform 11
Transform: AffineTransform_float_3_3
Parameters: 1 -0.000306505 -0.00028056 0.000307168 1 -0.00108658 0.000281125 0.00108649 1 0.0420642 0.0222557 -0.0833833
FixedParameters: 0 0 0

#Transform 12
Transform: AffineTransform_float_3_3
Parameters: 1 -0.000260054 -0.000170788 0.000259824 0.999998 -0.00164084 0.000171523 0.00164078 0.999998 0.0462186 0.0818418 -0.106291
FixedParameters: 0 0 0

#Transform 13
Transform: AffineTransform_float_3_3
Parameters: 1 -0.000335696 -7.08774e-05 0.000335803 0.999998 -0.00157593 7.18169e-05 0.00157591 0.999999 0.0255566 -0.0125541 -0.0647533
FixedParameters: 0 0 0

#Transform 14
Transform: AffineTransform_float_3_3
Parameters: 1 -0.000318177 -6.70864e-05 0.000318334 0.999999 -0.00129207 6.77898e-05 0.00129205 0.999999 0.014584 0.0310039 -0.0487514
FixedParameters: 0 0 0

#Transform 15
Transform: AffineTransform_float_3_3
Parameters: 1 3.66623e-05 0.000315726 -3.64268e-05 0.999999 -0.00131973 -0.000314981 0.0013195 0.999999 0.00978864 0.054829 -0.0842391
FixedParameters: 0 0 0

#Transform 16
Transform: AffineTransform_float_3_3
Parameters: 1 -0.00031399 -3.57022e-06 0.000314312 0.999999 -0.00122898 4.22329e-06 0.00122899 0.999999 0.0258174 0.0344584 -0.0575381
FixedParameters: 0 0 0

#Transform 17
Transform: AffineTransform_float_3_3
Parameters: 1 8.1761e-05 0.000406736 -8.24384e-05 1 -0.000324776 -0.000406806 0.000324649 1 0.00404784 0.0232261 -0.0453237
FixedParameters: 0 0 0

#Transform 18
Transform: AffineTransform_float_3_3
Parameters: 1 0.000128709 -0.000246386 -0.000128922 1 -0.000432386 0.000246276 0.00043245 1 0.0301667 0.06907 -0.0672776
FixedParameters: 0 0 0

#Transform 19
Transform: AffineTransform_float_3_3
Parameters: 1 -0.000276278 0.00021029 0.00027648 1 -0.000481172 -0.000210023 0.000481288 1 0.0154788 0.00821492 -0.0390832
FixedParameters: 0 0 0

#Transform 20
Transform: AffineTransform_float_3_3
Parameters: 1 0.000164598 0.000525519 -0.00016471 1 0.000106136 -0.000525484 -0.000106309 1 -0.0153004 -0.00212964 -0.00346634
FixedParameters: 0 0 0

#Transform 21
Transform: AffineTransform_float_3_3
Parameters: 1 0.000163682 0.000200348 -0.000163726 1 0.000109007 -0.000200313 -0.000109073 1 0.0149107 0.0138701 -0.0310557
FixedParameters: 0 0 0

#Transform 22
Transform: AffineTransform_float_3_3
Parameters: 1 0.00017277 -0.000125472 -0.000172701 1 0.000274002 0.000125566 -0.000273959 1 0.0321654 -0.011709 -0.0538548
FixedParameters: 0 0 0

#Transform 23
Transform: AffineTransform_float_3_3
Parameters: 1 -4.7494e-05 5.51214e-05 4.73946e-05 0.999999 0.000902199 -5.52079e-05 -0.000902194 0.999999 0.0157477 -0.077188 0.0420713
FixedParameters: 0 0 0

#Transform 24
Transform: AffineTransform_float_3_3
Parameters: 1 -0.00025069 0.000239118 0.000250495 1 0.000407724 -0.000239323 -0.000407604 1 0.0437245 -0.0407871 -0.0256316
FixedParameters: 0 0 0

#Transform 25
Transform: AffineTransform_float_3_3
Parameters: 1 -4.43382e-05 0.000590743 4.44603e-05 1 -0.000103327 -0.000590734 0.000103378 1 0.037286 0.00627059 -0.0641792
FixedParameters: 0 0 0

#Transform 26
Transform: AffineTransform_float_3_3
Parameters: 0.999999 -0.000114383 0.000892288 0.000114655 1 -0.000152494 -0.000892254 0.000152697 0.999999 0.00776798 -0.0375201 -0.0375657
FixedParameters: 0 0 0

#Transform 27
Transform: AffineTransform_float_3_3
Parameters: 1 2.94778e-05 0.000118914 -2.93732e-05 1 -0.000439922 -0.00011894 0.000439915 1 0.048365 0.0331673 -0.0637416
FixedParameters: 0 0 0

#Transform 28
Transform: AffineTransform_float_3_3
Parameters: 1 -0.000102252 9.68772e-05 0.000102329 1 -0.000397449 -9.67956e-05 0.000397468 1 0.0576122 0.0496983 -0.0349252
FixedParameters: 0 0 0

#Transform 29
Transform: AffineTransform_float_3_3
Parameters: 0.999999 -0.000263096 -0.000847484 0.000263101 1 3.80858e-05 0.000847632 -3.7547e-05 0.999999 0.0599947 -0.0464047 0.0269181
FixedParameters: 0 0 0

#Transform 30
Transform: AffineTransform_float_3_3
Parameters: 1 -0.00034886 -0.0004463 0.000349727 0.999999 0.00104004 0.000445617 -0.00103936 1 0.0780187 0.0157198 0.0142832
FixedParameters: 0 0 0

#Transform 31
Transform: AffineTransform_float_3_3
Parameters: 1 -0.000799141 -0.000667266 0.000800592 0.999999 0.00112165 0.000666616 -0.0011219 0.999999 0.0896929 -0.0399592 0.0831993
FixedParameters: 0 0 0

#Transform 32
Transform: AffineTransform_float_3_3
Parameters: 1 -0.000620975 -0.000793353 0.000620246 1 0.000370891 0.000794141 -0.000371139 0.999999 0.0892053 -0.043975 0.041412
FixedParameters: 0 0 0

#Transform 33
Transform: AffineTransform_float_3_3
Parameters: 1 -0.000104747 -0.000163571 0.000105087 0.999999 0.00103868 0.000163229 -0.00103871 1 0.0535057 -0.02975 0.0818939
FixedParameters: 0 0 0

#Transform 34
Transform: AffineTransform_float_3_3
Parameters: 1 -0.000351407 5.73081e-05 0.000351607 1 0.0011382 -5.82298e-05 -0.00113814 1 0.0686587 -0.0441186 0.0376046
FixedParameters: 0 0 0

#Transform 35
Transform: AffineTransform_float_3_3
Parameters: 1 -0.000122621 2.19804e-05 0.000121639 0.999999 0.000919583 -2.22231e-05 -0.000919636 0.999999 0.0686504 -0.0223481 0.0503402
FixedParameters: 0 0 0

#Transform 36
Transform: AffineTransform_float_3_3
Parameters: 0.999999 -0.000302278 0.000878448 0.000302315 0.999999 0.000548809 -0.000879053 -0.000549196 1 0.0474891 -0.00981063 -0.0166767
FixedParameters: 0 0 0

#Transform 37
Transform: AffineTransform_float_3_3
Parameters: 0.999999 -0.000541354 -0.000161573 0.00054069 0.999999 0.000814246 0.000161652 -0.000814647 0.999999 0.0899861 -0.0112962 0.0774168
FixedParameters: 0 0 0

#Transform 38
Transform: AffineTransform_float_3_3
Parameters: 0.999999 -0.000585316 0.000475093 0.000585265 1 6.82314e-05 -0.000474194 -6.7844e-05 1 0.0535456 -0.0167544 0.0815194
FixedParameters: 0 0 0

#Transform 39
Transform: AffineTransform_float_3_3
Parameters: 1 -0.000601957 -6.39459e-05 0.000601935 1 -0.000172222 6.41534e-05 0.000172145 1 0.0754603 -0.0364947 -0.0691939
FixedParameters: 0 0 0

#Transform 40
Transform: AffineTransform_float_3_3
Parameters: 1 -0.000571581 -1.8105e-06 0.000571583 1 0.000317365 1.44736e-06 -0.000317366 1 0.0674088 -0.0388032 0.0638517
FixedParameters: 0 0 0

#Transform 41
Transform: AffineTransform_float_3_3
Parameters: 1 -0.000566831 0.000174159 0.000566711 1 0.000385657 -0.000173619 -0.000385627 1 0.0617897 -0.0385514 0.0718209
FixedParameters: 0 0 0

#Transform 42
Transform: AffineTransform_float_3_3
Parameters: 1 -0.000550049 0.000262703 0.000549705 0.999999 0.000655099 -0.000263424 -0.00065481 1 0.0588328 -0.0010751 0.0738223
FixedParameters: 0 0 0

#Transform 43
Transform: AffineTransform_float_3_3
Parameters: 1 -0.00028886 0.000430939 0.000288985 1 -0.000144035 -0.000430856 0.000144283 1 0.0335705 0.00579135 0.074126
FixedParameters: 0 0 0

#Transform 44
Transform: AffineTransform_float_3_3
Parameters: 1 -0.000240002 0.00025103 0.000240936 0.999999 -0.00120184 -0.000250571 0.00120198 0.999999 0.0393176 0.00589897 -0.0526267
FixedParameters: 0 0 0

#Transform 45
Transform: AffineTransform_float_3_3
Parameters: 1 -0.000268565 0.000783804 0.000270032 0.999999 -0.00154514 -0.000784088 0.00154567 0.999999 0.0249774 0.00536084 -0.0222447
FixedParameters: 0 0 0

#Transform 46
Transform: AffineTransform_float_3_3
Parameters: 0.999999 -0.000234587 0.000839014 0.000235612 1 -4.93638e-05 -0.000838974 4.98166e-05 0.999999 0.0119317 -0.0720669 0.0306373
FixedParameters: 0 0 0

#Transform 47
Transform: AffineTransform_float_3_3
Parameters: 1 -0.000203559 0.00042091 0.000204159 0.999999 -0.00143849 -0.00042046 0.00143862 0.999999 0.0447903 0.0648549 -0.00685226
FixedParameters: 0 0 0

#Transform 48
Transform: AffineTransform_float_3_3
Parameters: 0.999999 -0.00034667 0.000799522 0.000346427 1 0.000152395 -0.000799628 -0.000151842 0.999999 0.0175337 -0.01611 0.101882
FixedParameters: 0 0 0

#Transform 49
Transform: AffineTransform_float_3_3
Parameters: 1 -0.000552558 0.000315947 0.000552761 1 -0.00032033 -0.000315592 0.000320678 1 0.0551784 0.00535583 -0.00226368
FixedParameters: 0 0 0

#Transform 50
Transform: AffineTransform_float_3_3
Parameters: 0.999999 -0.000324837 0.00057645 0.000324771 0.999999 -0.000759205 -0.000576096 0.000759527 1 0.0609663 0.0536882 -0.0350589
FixedParameters: 0 0 0

#Transform 51
Transform: AffineTransform_float_3_3
Parameters: 1 -0.000130647 0.000656173 0.000130985 1 -0.000257477 -0.000656106 0.000257648 1 0.0335508 -0.0165185 0.0584886
FixedParameters: 0 0 0

#Transform 52
Transform: AffineTransform_float_3_3
Parameters: 1 -7.96679e-05 0.000478812 7.94495e-05 1 -0.000692876 -0.000478886 0.000691909 0.999999 0.0329525 0.0338972 0.0796175
FixedParameters: 0 0 0

#Transform 53
Transform: AffineTransform_float_3_3
Parameters: 1 -0.00030923 0.000482797 0.000309868 0.999999 -0.000660796 -0.000482387 0.000661094 0.999999 0.0275561 -0.0104255 0.0567363
FixedParameters: 0 0 0

#Transform 54
Transform: AffineTransform_float_3_3
Parameters: 0.999999 -0.00045018 0.000633381 0.000451918 1 -0.00106381 -0.000632709 0.00106342 0.999999 0.040146 0.101207 0.0638166
FixedParameters: 0 0 0

#Transform 55
Transform: AffineTransform_float_3_3
Parameters: 1 -0.00055158 0.000183447 0.00055163 1 -0.000133165 -0.0001833 0.000133367 1 0.0434226 -0.0562321 0.0743089
FixedParameters: 0 0 0

#Transform 56
Transform: AffineTransform_float_3_3
Parameters: 0.999999 -8.9442e-05 0.00079832 9.08111e-05 1 -0.00123979 -0.000798233 0.00123989 0.999999 0.0364899 0.0833574 0.0412902
FixedParameters: 0 0 0

#Transform 57
Transform: AffineTransform_float_3_3
Parameters: 0.999999 -0.000406116 0.000754188 0.000407234 1 -0.00110656 -0.000753593 0.00110615 0.999999 0.0294175 0.00937358 0.0716354
FixedParameters: 0 0 0

#Transform 58
Transform: AffineTransform_float_3_3
Parameters: 0.999999 -0.000671631 0.00131857 0.000674285 0.999999 -0.00134545 -0.00131805 0.00134635 0.999998 0.0218082 0.0123598 0.034645
FixedParameters: 0 0 0

#Transform 59
Transform: AffineTransform_float_3_3
Parameters: 0.999999 -0.00062748 0.00044412 0.000627972 0.999999 -0.000553948 -0.000443424 0.000554504 0.999999 0.065506 0.0550294 0.0420205
FixedParameters: 0 0 0

#Transform 60
Transform: AffineTransform_float_3_3
Parameters: 1 -0.000667881 0.000190289 0.000668667 0.999999 -0.00119824 -0.000188807 0.00119851 1 0.0682434 0.0338608 0.0139354
FixedParameters: 0 0 0

#Transform 61
Transform: AffineTransform_float_3_3
Parameters: 1 -0.000664131 0.000375886 0.000665314 0.999999 -0.00115081 -0.000375453 0.00115149 0.999999 0.0702251 0.0853247 0.0305212
FixedParameters: 0 0 0

#Transform 62
Transform: AffineTransform_float_3_3
Parameters: 0.999999 -0.000644115 0.000407892 0.00064512 1 -0.000826195 -0.000406823 0.000826734 0.999999 0.0539557 -0.000923358 0.0680578
FixedParameters: 0 0 0

#Transform 63
Transform: AffineTransform_float_3_3
Parameters: 1 -8.97251e-05 0.00054503 9.08076e-05 0.999999 -0.00155324 -0.000544885 0.0015533 0.999998 0.0563647 0.090464 0.0280375
FixedParameters: 0 0 0

#Transform 64
Transform: AffineTransform_float_3_3
Parameters: 0.999999 -0.000246221 0.000720295 0.000247788 0.999998 -0.00193618 -0.000719612 0.00193646 0.999998 0.0412986 0.0424223 0.0416234
FixedParameters: 0 0 0

#Transform 65
Transform: AffineTransform_float_3_3
Parameters: 0.999999 -5.50217e-05 0.00112951 5.7622e-05 0.999997 -0.00225506 -0.00112954 0.00225503 0.999997 0.027456 0.107995 0.0377035
FixedParameters: 0 0 0

#Transform 66
Transform: AffineTransform_float_3_3
Parameters: 1 6.45767e-05 0.000673113 -6.31365e-05 0.999997 -0.00222221 -0.000673673 0.00222203 0.999998 0.0417508 0.0893378 0.00743845
FixedParameters: 0 0 0

#Transform 67
Transform: AffineTransform_float_3_3
Parameters: 1 -8.67826e-05 0.000502405 8.8248e-05 0.999998 -0.00234404 -0.000502388 0.00234407 0.999997 0.0581661 0.101957 0.0143629
FixedParameters: 0 0 0

#Transform 68
Transform: AffineTransform_float_3_3
Parameters: 1 -0.000451085 0.000701718 0.000452284 0.999998 -0.0023551 -0.000700048 0.00235461 0.999997 0.0442897 0.0647537 0.0188634
FixedParameters: 0 0 0

#Transform 69
Transform: AffineTransform_float_3_3
Parameters: 0.999999 -0.00043811 0.0010991 0.000440887 0.999998 -0.00197542 -0.00109862 0.00197646 0.999998 0.0405666 0.106248 -0.000619418
FixedParameters: 0 0 0

#Transform 70
Transform: AffineTransform_float_3_3
Parameters: 1 -0.000512025 0.000739639 0.000513839 0.999997 -0.0022855 -0.000738547 0.00228634 0.999997 0.046711 0.0607168 0.0131553
FixedParameters: 0 0 0

#Transform 71
Transform: AffineTransform_float_3_3
Parameters: 0.999999 -0.000510736 0.000371592 0.000511674 0.999997 -0.002481 -0.000370426 0.00248149 0.999997 0.0759143 0.102301 0.0217405
FixedParameters: 0 0 0

#Transform 72
Transform: AffineTransform_float_3_3
Parameters: 1 -0.000900177 0.000567616 0.000901541 0.999996 -0.00279167 -0.00056512 0.00279193 0.999996 0.0717343 0.0643936 0.0163324
FixedParameters: 0 0 0

#Transform 73
Transform: AffineTransform_float_3_3
Parameters: 0.999999 -0.000537239 0.000522008 0.000538887 0.999997 -0.00238909 -0.000520976 0.00238878 0.999997 0.0617812 0.0941078 0.0214471
FixedParameters: 0 0 0

#Transform 74
Transform: AffineTransform_float_3_3
Parameters: 1 -0.000574102 0.000785231 0.000575782 0.999997 -0.00245706 -0.000783673 0.002458 0.999996 0.0606734 0.128247 0.0194404
FixedParameters: 0 0 0

#Transform 75
Transform: AffineTransform_float_3_3
Parameters: 0.999999 -0.000373576 0.000378613 0.000374699 0.999996 -0.00266362 -0.000377135 0.00266385 0.999997 0.0506424 0.0729879 0.0347323
FixedParameters: 0 0 0

#Transform 76
Transform: AffineTransform_float_3_3
Parameters: 1 -0.000839128 0.000379125 0.000839354 0.999996 -0.00275638 -0.000376864 0.00275724 0.999996 0.0602408 0.0364907 0.0382442
FixedParameters: 0 0 0

#Transform 77
Transform: AffineTransform_float_3_3
Parameters: 0.999999 -0.000546985 0.000483643 0.000548 0.999997 -0.0023281 -0.000482467 0.00232872 0.999997 0.0740575 0.0840723 0.0505887
FixedParameters: 0 0 0

#Transform 78
Transform: AffineTransform_float_3_3
Parameters: 0.999999 -0.000762816 9.98352e-05 0.000763447 0.999998 -0.00157834 -9.8523e-05 0.00157868 0.999998 0.081245 0.00959504 0.0447587
FixedParameters: 0 0 0

#Transform 79
Transform: AffineTransform_float_3_3
Parameters: 0.999999 -0.000657807 0.000219503 0.000658405 0.999998 -0.00203522 -0.000218058 0.00203566 0.999998 0.0805951 0.0645417 0.0438372
FixedParameters: 0 0 0

#Transform 80
Transform: AffineTransform_float_3_3
Parameters: 1 -0.000351143 0.000277586 0.000351537 0.999998 -0.00172696 -0.000277776 0.0017263 0.999999 0.0597889 -0.0220806 0.0351242
FixedParameters: 0 0 0

#Transform 81
Transform: AffineTransform_float_3_3
Parameters: 1 -0.000355404 6.76295e-05 0.000355352 0.999999 -0.00178031 -6.75984e-05 0.00178051 0.999999 0.0782317 0.00643021 0.0021296
FixedParameters: 0 0 0

#Transform 82
Transform: AffineTransform_float_3_3
Parameters: 0.999999 0.000102732 0.000585738 -0.000102172 0.999998 -0.0018021 -0.000586383 0.00180189 0.999998 0.0424021 0.00647997 0.0360711
FixedParameters: 0 0 0

#Transform 83
Transform: AffineTransform_float_3_3
Parameters: 0.999999 -8.91125e-05 0.000663366 9.07146e-05 0.999998 -0.00166802 -0.000663325 0.00166811 0.999999 0.0276325 -0.0209723 0.0705217
FixedParameters: 0 0 0

#Transform 84
Transform: AffineTransform_float_3_3
Parameters: 0.999999 -0.000499962 0.000359707 0.000499614 0.999998 -0.00169305 -0.000359145 0.00169348 0.999998 0.0739887 0.0435225 0.0595339
FixedParameters: 0 0 0

#Transform 85
Transform: AffineTransform_float_3_3
Parameters: 1 -0.00069197 -0.000171007 0.000692027 1 -0.00079882 0.000172115 0.000798596 0.999999 0.0954937 0.0407462 0.105046
FixedParameters: 0 0 0

#Transform 86
Transform: AffineTransform_float_3_3
Parameters: 0.999999 -0.00123126 -0.000356967 0.00123059 0.999999 -0.000835392 0.000358336 0.000835656 0.999999 0.106957 0.0365463 0.105526
FixedParameters: 0 0 0

#Transform 87
Transform: AffineTransform_float_3_3
Parameters: 0.999999 -0.00123152 3.07091e-05 0.00123171 0.999997 0.00183244 -3.32204e-05 -0.00183169 0.999999 0.120797 -0.127899 0.112497
FixedParameters: 0 0 0

#Transform 88
Transform: AffineTransform_float_3_3
Parameters: 0.999999 -0.00103664 -0.000600073 0.00103649 1 0.00071517 0.000598863 -0.000715494 0.999999 0.129241 0.0416772 0.210308
FixedParameters: 0 0 0

#Transform 89
Transform: AffineTransform_float_3_3
Parameters: 0.999999 -0.000613723 0.000627435 0.000614445 0.999999 -0.00053827 -0.000627919 0.000538224 0.999999 0.065513 0.0363603 0.139356
FixedParameters: 0 0 0

#Transform 90
Transform: AffineTransform_float_3_3
Parameters: 1 -0.00066641 0.000531597 0.00066781 0.999998 -0.0019059 -0.000530167 0.00190674 0.999998 0.0453116 0.0411653 0.0977988
FixedParameters: 0 0 0

#Transform 91
Transform: AffineTransform_float_3_3
Parameters: 1 -0.000597493 0.000203061 0.000598374 0.999999 -0.00135828 -0.000201556 0.00135854 0.999999 0.0472785 0.018465 0.111126
FixedParameters: 0 0 0

#Transform 92
Transform: AffineTransform_float_3_3
Parameters: 0.999999 -0.000547893 0.000476735 0.000549499 0.999998 -0.00198125 -0.000474816 0.00198176 0.999998 0.0389706 0.0493256 0.119974
FixedParameters: 0 0 0

#Transform 93
Transform: AffineTransform_float_3_3
Parameters: 1 -0.000614256 -0.000248969 0.000613779 0.999998 -0.00159429 0.00024983 0.00159417 0.999998 0.0456676 -0.00867746 0.134152
FixedParameters: 0 0 0

#Transform 94
Transform: AffineTransform_float_3_3
Parameters: 1 -0.000609523 -0.000540112 0.000609108 0.999998 -0.00149311 0.000541019 0.00149369 0.999998 0.0529263 -0.0173622 0.104369
FixedParameters: 0 0 0

#Transform 95
Transform: AffineTransform_float_3_3
Parameters: 1 -0.000642313 -0.000516225 0.000641749 0.999997 -0.00202567 0.000517795 0.00202626 0.999998 0.0754262 0.0248332 0.0851289
FixedParameters: 0 0 0

#Transform 96
Transform: AffineTransform_float_3_3
Parameters: 0.999999 -0.000903978 7.23098e-05 0.000904852 0.999998 -0.00165831 -7.13825e-05 0.00165881 0.999998 0.060325 0.0672995 0.101453
FixedParameters: 0 0 0

#Transform 97
Transform: AffineTransform_float_3_3
Parameters: 0.999999 -0.000622791 0.000237129 0.000622192 0.999999 -0.000596277 -0.000236571 0.000595528 1 0.044765 -0.0461184 0.13797
FixedParameters: 0 0 0

#Transform 98
Transform: AffineTransform_float_3_3
Parameters: 1 -0.000468437 -0.000289372 0.000468055 0.999997 -0.00234856 0.000290234 0.00234852 0.999997 0.0731334 0.0846556 0.10459
FixedParameters: 0 0 0

#Transform 99
Transform: AffineTransform_float_3_3
Parameters: 0.999999 -0.000489413 -0.000599369 0.000488554 1 -0.000992481 0.00060022 0.000991915 1 0.060457 -0.0521733 0.0964422
FixedParameters: 0 0 0

#Transform 100
Transform: AffineTransform_float_3_3
Parameters: 0.999999 -0.000456508 -0.000554762 0.000455994 1 -0.000463447 0.000555185 0.000462941 0.999999 0.0596262 0.0203711 0.140136
FixedParameters: 0 0 0

#Transform 101
Transform: AffineTransform_float_3_3
Parameters: 0.999999 -0.00048295 -0.000605921 0.000482205 1 -0.000888093 0.000606658 0.000887529 1 0.0647786 0.0141451 0.149912
FixedParameters: 0 0 0

#Transform 102
Transform: AffineTransform_float_3_3
Parameters: 1 3.71946e-05 -0.000291031 -3.758e-05 0.999999 -0.00123121 0.00029082 0.00123125 0.999999 0.0271555 -0.0292054 0.140039
FixedParameters: 0 0 0

#Transform 103
Transform: AffineTransform_float_3_3
Parameters: 1 -8.3367e-05 -0.000219407 8.32151e-05 0.999996 -0.00260912 0.000219483 0.00260915 0.999996 0.0475422 0.0765497 0.101637
FixedParameters: 0 0 0

#Transform 104
Transform: AffineTransform_float_3_3
Parameters: 1 -7.63649e-05 0.0002847 7.78051e-05 0.999997 -0.00254427 -0.000284516 0.0025453 0.999996 0.0144065 0.0563906 0.159448
FixedParameters: 0 0 0

#Transform 105
Transform: AffineTransform_float_3_3
Parameters: 1 -0.000529542 -5.18679e-05 0.000528665 0.999996 -0.0028945 5.344e-05 0.00289458 0.999996 0.0269551 0.124109 0.139193
FixedParameters: 0 0 0

#Transform 106
Transform: AffineTransform_float_3_3
Parameters: 1 -0.000632341 -1.04352e-05 0.000632325 0.999997 -0.00243366 1.21592e-05 0.00243382 0.999997 0.0380688 0.0586878 0.123586
FixedParameters: 0 0 0

#Transform 107
Transform: AffineTransform_float_3_3
Parameters: 1 -0.000933531 0.00048408 0.000935105 0.999995 -0.00315137 -0.000480845 0.00315152 0.999995 0.0206194 0.0791066 0.110031
FixedParameters: 0 0 0

#Transform 108
Transform: AffineTransform_float_3_3
Parameters: 0.999999 -0.000964733 -0.000322261 0.000963816 0.999994 -0.00347877 0.000325302 0.00347872 0.999994 0.0544848 0.0961857 0.0816875
FixedParameters: 0 0 0

#Transform 109
Transform: AffineTransform_float_3_3
Parameters: 1 -0.000685373 -0.000339966 0.000684008 0.999993 -0.00349321 0.000342057 0.00349314 0.999994 0.0486417 0.0784363 0.0814411
FixedParameters: 0 0 0

#Transform 110
Transform: AffineTransform_float_3_3
Parameters: 1 -0.00102317 5.08494e-05 0.00102236 0.999993 -0.0035386 -4.73632e-05 0.00353814 0.999993 0.0557482 0.119929 0.096205
FixedParameters: 0 0 0

#Transform 111
Transform: AffineTransform_float_3_3
Parameters: 0.999999 -0.00106047 0.000319154 0.00106162 0.999987 -0.00498023 -0.00031421 0.00498047 0.999988 0.0304078 0.116279 0.0654967
FixedParameters: 0 0 0

#Transform 112
Transform: AffineTransform_float_3_3
Parameters: 0.999999 -0.00103273 -0.000211964 0.00103163 0.99999 -0.00450653 0.000215938 0.00450581 0.999989 0.0418826 0.054486 0.0983037
FixedParameters: 0 0 0

#Transform 113
Transform: AffineTransform_float_3_3
Parameters: 1 -0.000837393 0.000356418 0.000838791 0.999988 -0.00485943 -0.000352628 0.0048604 0.999988 0.0214421 0.095923 0.106574
FixedParameters: 0 0 0

#Transform 114
Transform: AffineTransform_float_3_3
Parameters: 1 -0.000630554 0.000200258 0.000630683 0.999989 -0.0045817 -0.00019789 0.0045812 0.99999 0.0412873 0.163906 0.0851302
FixedParameters: 0 0 0

#Transform 115
Transform: AffineTransform_float_3_3
Parameters: 1 -0.000834119 0.000454254 0.00083605 0.99999 -0.00438538 -0.000451199 0.00438553 0.99999 0.0292879 0.145426 0.103126
FixedParameters: 0 0 0

#Transform 116
Transform: AffineTransform_float_3_3
Parameters: 0.999999 -0.000866972 0.000747605 0.000869721 0.999992 -0.00405516 -0.00074375 0.0040556 0.999992 0.00455181 0.0806201 0.131135
FixedParameters: 0 0 0

#Transform 117
Transform: AffineTransform_float_3_3
Parameters: 0.999999 -0.000887368 0.00105272 0.000888576 0.999998 -0.00144611 -0.00105146 0.00144705 0.999999 0.0254803 0.0479679 0.171771
FixedParameters: 0 0 0

#Transform 118
Transform: AffineTransform_float_3_3
Parameters: 0.999999 -0.000946666 0.00112631 0.00094833 0.999998 -0.00155444 -0.00112466 0.00155564 0.999998 0.0273974 0.0654576 0.150431
FixedParameters: 0 0 0

#Transform 119
Transform: AffineTransform_float_3_3
Parameters: 0.999998 -0.000871347 0.00140275 0.000871042 0.999999 -0.00032274 -0.00140238 0.000324126 0.999999 0.032437 0.0231218 0.196488
FixedParameters: 0 0 0

#Transform 120
Transform: AffineTransform_float_3_3
Parameters: 0.999997 -0.000574376 0.00232815 0.000574133 1 5.45924e-05 -0.00232837 -5.28866e-05 0.999998 -0.006825 -0.0310195 0.181557
FixedParameters: 0 0 0

#Transform 121
Transform: AffineTransform_float_3_3
Parameters: 0.999997 -0.000887234 0.00215219 0.000891305 0.999998 -0.00151214 -0.00215097 0.00151402 0.999997 -0.0178119 -0.0891906 0.194957
FixedParameters: 0 0 0

#Transform 122
Transform: AffineTransform_float_3_3
Parameters: 0.999997 -0.000438081 0.00242028 0.000441911 0.999998 -0.0017648 -0.00241995 0.00176584 0.999995 -0.0273115 0.053085 0.200859
FixedParameters: 0 0 0

#Transform 123
Transform: AffineTransform_float_3_3
Parameters: 0.999999 -0.000649631 0.00104842 0.000651149 0.999998 -0.0018914 -0.00104728 0.00189179 0.999997 0.0391092 0.0728946 0.206641
FixedParameters: 0 0 0

#Transform 124
Transform: AffineTransform_float_3_3
Parameters: 0.999998 -0.000687199 0.00203291 0.000692188 0.999997 -0.00260854 -0.00203191 0.00261036 0.999995 -0.00983384 0.0479041 0.190513
FixedParameters: 0 0 0

#Transform 125
Transform: AffineTransform_float_3_3
Parameters: 0.999997 -0.000888711 0.00189927 0.000892184 0.999998 -0.00148427 -0.00189793 0.00148671 0.999997 -0.00292077 0.0355922 0.22306
FixedParameters: 0 0 0

#Transform 126
Transform: AffineTransform_float_3_3
Parameters: 0.999998 -0.000699274 0.00199793 0.000703936 0.999996 -0.00280815 -0.0019966 0.00280991 0.999994 -0.00126448 0.117053 0.192405
FixedParameters: 0 0 0

#Transform 127
Transform: AffineTransform_float_3_3
Parameters: 0.999998 -0.000943196 0.00186315 0.000949378 0.999995 -0.00324299 -0.00185974 0.0032455 0.999993 -0.0177555 0.0534989 0.195107
FixedParameters: 0 0 0

#Transform 128
Transform: AffineTransform_float_3_3
Parameters: 0.999998 -0.000896385 0.00184991 0.000903361 0.999993 -0.00346528 -0.00184669 0.00346662 0.999992 -0.00255194 0.10394 0.140998
FixedParameters: 0 0 0

#Transform 129
Transform: AffineTransform_float_3_3
Parameters: 0.999998 -0.000763211 0.00149896 0.000768514 0.999992 -0.00383193 -0.0014962 0.0038332 0.999992 0.00572247 0.0905738 0.138084
FixedParameters: 0 0 0

#Transform 130
Transform: AffineTransform_float_3_3
Parameters: 0.999997 -0.00100651 0.00225859 0.00101428 0.999993 -0.00349313 -0.00225573 0.00349475 0.999991 -0.0258769 0.0852479 0.182953
FixedParameters: 0 0 0

#Transform 131
Transform: AffineTransform_float_3_3
Parameters: 0.999997 -0.00073563 0.00220974 0.000742757 0.999994 -0.00344655 -0.00220655 0.00344852 0.999992 -0.00733677 0.106667 0.163129
FixedParameters: 0 0 0

#Transform 132
Transform: AffineTransform_float_3_3
Parameters: 0.999997 -0.000879961 0.00214318 0.00088517 0.999997 -0.00250914 -0.00214054 0.00251078 0.999995 -0.0187487 0.0144034 0.171026
FixedParameters: 0 0 0

#Transform 133
Transform: AffineTransform_float_3_3
Parameters: 0.999996 -0.000719647 0.00242147 0.000726692 0.999995 -0.00319807 -0.00241961 0.00320041 0.999992 -0.0358827 0.0791513 0.163447
FixedParameters: 0 0 0

#Transform 134
Transform: AffineTransform_float_3_3
Parameters: 0.999998 -0.000938355 0.00208941 0.000943401 0.999995 -0.00284279 -0.00208672 0.00284467 0.999993 0.00376448 0.115303 0.146864
FixedParameters: 0 0 0

#Transform 135
Transform: AffineTransform_float_3_3
Parameters: 0.999997 -0.00092169 0.00213014 0.00092722 0.999996 -0.00260279 -0.00212808 0.00260475 0.999995 -0.00451901 0.020109 0.188758
FixedParameters: 0 0 0

#Transform 136
Transform: AffineTransform_float_3_3
Parameters: 0.999996 -0.000619062 0.0029092 0.000626896 0.999996 -0.00268903 -0.00290754 0.0026904 0.999992 -0.0339012 0.0867691 0.194758
FixedParameters: 0 0 0

#Transform 137
Transform: AffineTransform_float_3_3
Parameters: 0.999996 -0.00067991 0.00285498 0.000688651 0.999995 -0.00300611 -0.00285268 0.00300772 0.999992 -0.0254452 0.163952 0.177712
FixedParameters: 0 0 0

#Transform 138
Transform: AffineTransform_float_3_3
Parameters: 0.999996 -0.000737913 0.00262616 0.000746441 0.999995 -0.00310359 -0.00262435 0.00310539 0.999991 -0.0324 0.0843238 0.185628
FixedParameters: 0 0 0

#Transform 139
Transform: AffineTransform_float_3_3
Parameters: 0.999997 -0.0006805 0.00231051 0.000687867 0.999996 -0.0029987 -0.00230821 0.00299967 0.999993 -0.0247468 0.117771 0.197528
FixedParameters: 0 0 0

#Transform 140
Transform: AffineTransform_float_3_3
Parameters: 0.999997 -0.000694478 0.00207463 0.000699828 0.999995 -0.00287029 -0.00207324 0.00287213 0.999993 -0.00791976 0.0977153 0.162268
FixedParameters: 0 0 0

#Transform 141
Transform: AffineTransform_float_3_3
Parameters: 0.999997 -0.00104608 0.00220003 0.00105366 0.999994 -0.00334135 -0.00219593 0.0033439 0.999992 -0.00891554 0.0599694 0.159596
FixedParameters: 0 0 0

#Transform 142
Transform: AffineTransform_float_3_3
Parameters: 0.999996 -0.000701304 0.00263995 0.0007092 0.999995 -0.00304129 -0.00263829 0.00304388 0.999992 -0.0283078 0.0721017 0.189271
FixedParameters: 0 0 0

#Transform 143
Transform: AffineTransform_float_3_3
Parameters: 0.999996 -0.00051563 0.00264589 0.000522563 0.999996 -0.00285018 -0.00264458 0.00285163 0.999993 -0.0370879 0.100261 0.158865
FixedParameters: 0 0 0

#Transform 144
Transform: AffineTransform_float_3_3
Parameters: 0.999998 -0.00038096 0.00228781 0.000386455 0.999996 -0.00256815 -0.00228635 0.00256855 0.999994 -0.0267107 0.0834675 0.170398
FixedParameters: 0 0 0

#Transform 145
Transform: AffineTransform_float_3_3
Parameters: 0.999997 -0.000378989 0.00215211 0.00038341 0.999997 -0.00240592 -0.00215177 0.00240638 0.999995 -0.0188339 0.127674 0.167814
FixedParameters: 0 0 0

#Transform 146
Transform: AffineTransform_float_3_3
Parameters: 0.999997 -0.000524534 0.00241088 0.000532276 0.999994 -0.00335429 -0.00240925 0.00335552 0.999992 -0.0251311 0.137389 0.182569
FixedParameters: 0 0 0

#Transform 147
Transform: AffineTransform_float_3_3
Parameters: 0.999997 -0.000575512 0.00239646 0.000583889 0.999994 -0.00343792 -0.00239438 0.00343939 0.999991 -0.0370722 0.0915364 0.199319
FixedParameters: 0 0 0

#Transform 148
Transform: AffineTransform_float_3_3
Parameters: 0.999997 -0.000397559 0.00224493 0.000402224 0.999997 -0.00201496 -0.00224478 0.00201569 0.999996 -0.0173031 0.126122 0.219922
FixedParameters: 0 0 0

#Transform 149
Transform: AffineTransform_float_3_3
Parameters: 0.999998 -0.000401005 0.00182974 0.000404764 0.999998 -0.00204047 -0.00182857 0.00204074 0.999996 0.00412717 0.106314 0.211363
FixedParameters: 0 0 0

#Transform 150
Transform: AffineTransform_float_3_3
Parameters: 0.999997 -0.000385541 0.00243918 0.000393478 0.999995 -0.00303677 -0.00243857 0.00303745 0.999993 -0.0160563 0.133713 0.170858
FixedParameters: 0 0 0

#Transform 151
Transform: AffineTransform_float_3_3
Parameters: 0.999998 -0.00070455 0.00186009 0.000708578 0.999996 -0.00242554 -0.00185814 0.00242706 0.999996 -0.0074873 0.0509599 0.198775
FixedParameters: 0 0 0

#Transform 152
Transform: AffineTransform_float_3_3
Parameters: 0.999998 -0.00089094 0.0019293 0.000895655 0.999998 -0.00201261 -0.00192719 0.00201407 0.999996 -0.00675512 0.0692697 0.202854
FixedParameters: 0 0 0

#Transform 153
Transform: AffineTransform_float_3_3
Parameters: 0.999998 -0.000918391 0.00185181 0.000923857 0.999997 -0.00246819 -0.00184986 0.00246975 0.999995 0.00886341 0.102889 0.199952
FixedParameters: 0 0 0

#Transform 154
Transform: AffineTransform_float_3_3
Parameters: 0.999996 -0.00139057 0.00241587 0.00139759 0.999994 -0.00305279 -0.0024113 0.0030566 0.999993 0.00860679 0.132796 0.19003
FixedParameters: 0 0 0

#Transform 155
Transform: AffineTransform_float_3_3
Parameters: 0.999996 -0.000536432 0.00278663 0.000543259 0.999997 -0.00239813 -0.00278571 0.00239895 0.999993 -0.0471014 0.0622885 0.197554
FixedParameters: 0 0 0

#Transform 156
Transform: AffineTransform_float_3_3
Parameters: 0.999994 -0.00125603 0.0031759 0.00126608 0.999995 -0.00304212 -0.00317236 0.00304614 0.99999 0.0423305 0.0602586 0.180006
FixedParameters: 0 0 0

#Transform 157
Transform: AffineTransform_float_3_3
Parameters: 0.999997 -0.000851529 0.00251967 0.000860481 0.999994 -0.00344088 -0.00251671 0.00344305 0.999991 -0.0302428 0.130043 0.190817
FixedParameters: 0 0 0

#Transform 158
Transform: AffineTransform_float_3_3
Parameters: 0.999994 -0.00150516 0.00289042 0.00151224 0.999996 -0.00233714 -0.00288622 0.00234187 0.999993 0.00495838 0.0639717 0.24065
FixedParameters: 0 0 0

#Transform 159
Transform: AffineTransform_float_3_3
Parameters: 0.999993 -0.00119816 0.00342511 0.00120489 0.999998 -0.00201616 -0.00342312 0.00202036 0.999992 -0.0325736 0.0880318 0.230658
FixedParameters: 0 0 0

#Transform 160
Transform: AffineTransform_float_3_3
Parameters: 0.999986 -0.00079921 0.00529068 0.000820987 0.999991 -0.0041354 -0.00528757 0.0041391 0.999978 -0.111254 0.173714 0.176673
FixedParameters: 0 0 0

#Transform 161
Transform: AffineTransform_float_3_3
Parameters: 0.999989 -0.000723729 0.00465421 0.000746039 0.999988 -0.00485543 -0.00465091 0.00485831 0.999978 -0.114783 0.105865 0.184575
FixedParameters: 0 0 0

#Transform 162
Transform: AffineTransform_float_3_3
Parameters: 0.999988 -0.00103535 0.00481769 0.00106055 0.999987 -0.00514766 -0.00481203 0.00515287 0.999975 -0.0967688 0.217016 0.141705
FixedParameters: 0 0 0

#Transform 163
Transform: AffineTransform_float_3_3
Parameters: 0.99999 -0.0010888 0.00438259 0.00111753 0.999977 -0.00662203 -0.00437518 0.00662667 0.999969 -0.08932 0.21441 0.100212
FixedParameters: 0 0 0

#Transform 164
Transform: AffineTransform_float_3_3
Parameters: 0.999987 -0.000587688 0.00511975 0.000614726 0.999986 -0.00528136 -0.00511726 0.00528429 0.999973 -0.140105 0.088506 0.240737
FixedParameters: 0 0 0

#Transform 165
Transform: AffineTransform_float_3_3
Parameters: 0.999987 -0.00104628 0.00493482 0.00107723 0.999979 -0.00636304 -0.00492846 0.00636737 0.999968 -0.117201 0.239888 0.186323
FixedParameters: 0 0 0

#Transform 166
Transform: AffineTransform_float_3_3
Parameters: 0.999989 -0.00131054 0.00449754 0.00133581 0.999983 -0.00568549 -0.00449015 0.00569175 0.999974 -0.0758574 0.167246 0.141243
FixedParameters: 0 0 0

#Transform 167
Transform: AffineTransform_float_3_3
Parameters: 0.99999 -0.00129051 0.00433187 0.0013131 0.999985 -0.00530508 -0.00432542 0.00531087 0.999977 -0.0791236 0.174262 0.183896
FixedParameters: 0 0 0

#Transform 168
Transform: AffineTransform_float_3_3
Parameters: 0.999987 -0.00118603 0.00494227 0.00121036 0.999987 -0.00499095 -0.00493548 0.00499689 0.999975 -0.109853 0.164899 0.198182
FixedParameters: 0 0 0

#Transform 169
Transform: AffineTransform_float_3_3
Parameters: 0.999991 -0.000949715 0.00417195 0.000971083 0.999985 -0.00526022 -0.0041669 0.00526444 0.999978 -0.101118 0.182045 0.18642
FixedParameters: 0 0 0

#Transform 170
Transform: AffineTransform_float_3_3
Parameters: 0.999993 -0.000682977 0.00391823 0.000704948 0.999984 -0.00555708 -0.00391454 0.00555959 0.999977 -0.0982487 0.216772 0.190767
FixedParameters: 0 0 0

#Transform 171
Transform: AffineTransform_float_3_3
Parameters: 0.999989 -0.000675407 0.00459693 0.000701384 0.999984 -0.00552069 -0.0045934 0.00552392 0.999974 -0.122322 0.18304 0.201321
FixedParameters: 0 0 0

#Transform 172
Transform: AffineTransform_float_3_3
Parameters: 0.999989 -0.000977868 0.00456404 0.0010037 0.999983 -0.00571013 -0.0045581 0.00571516 0.999973 -0.11031 0.249088 0.180731
FixedParameters: 0 0 0

#Transform 173
Transform: AffineTransform_float_3_3
Parameters: 0.999989 -0.000902592 0.00455582 0.00092878 0.999983 -0.00575955 -0.00455064 0.00576388 0.999973 -0.121648 0.177502 0.180657
FixedParameters: 0 0 0

#Transform 174
Transform: AffineTransform_float_3_3
Parameters: 0.999989 -0.000680857 0.00458053 0.000706925 0.999984 -0.00561715 -0.00457682 0.00562036 0.999973 -0.122047 0.190124 0.174809
FixedParameters: 0 0 0

#Transform 175
Transform: AffineTransform_float_3_3
Parameters: 0.99999 -0.000652936 0.00446728 0.000676251 0.999986 -0.00510274 -0.0044633 0.00510556 0.999977 -0.129961 0.173022 0.207335
FixedParameters: 0 0 0

#Transform 176
Transform: AffineTransform_float_3_3
Parameters: 0.999989 -0.000676789 0.00459291 0.000702938 0.999984 -0.0055443 -0.00458934 0.00554753 0.999974 -0.127519 0.221049 0.188395
FixedParameters: 0 0 0

#Transform 177
Transform: AffineTransform_float_3_3
Parameters: 0.999989 -0.000648253 0.0046772 0.000671933 0.999987 -0.00504941 -0.00467433 0.00505256 0.999976 -0.140965 0.171761 0.192535
FixedParameters: 0 0 0

#Transform 178
Transform: AffineTransform_float_3_3
Parameters: 0.999992 -0.000682669 0.00404257 0.000706137 0.999984 -0.00557112 -0.00403899 0.00557382 0.999976 -0.134853 0.135738 0.178238
FixedParameters: 0 0 0

#Transform 179
Transform: AffineTransform_float_3_3
Parameters: 0.999989 -0.00109206 0.00443289 0.0011211 0.999978 -0.00658258 -0.00442552 0.00658736 0.999969 -0.13266 0.221014 0.163677
FixedParameters: 0 0 0

#Transform 180
Transform: AffineTransform_float_3_3
Parameters: 0.999991 -0.000982948 0.00415618 0.00100869 0.99998 -0.00628989 -0.00415039 0.00629429 0.999972 -0.119703 0.230279 0.147009
FixedParameters: 0 0 0

#Transform 181
Transform: AffineTransform_float_3_3
Parameters: 0.99999 -0.000756391 0.00426381 0.000786915 0.999976 -0.00691083 -0.0042583 0.00691408 0.999967 -0.136319 0.24639 0.138474
FixedParameters: 0 0 0

#Transform 182
Transform: AffineTransform_float_3_3
Parameters: 0.999989 -0.00111929 0.00446184 0.00114781 0.999979 -0.00641187 -0.00445437 0.00641699 0.99997 -0.140541 0.215506 0.144232
FixedParameters: 0 0 0

#Transform 183
Transform: AffineTransform_float_3_3
Parameters: 0.999993 -0.000966235 0.0035672 0.000988887 0.999979 -0.00635957 -0.00356059 0.00636272 0.999974 -0.120324 0.192433 0.126848
FixedParameters: 0 0 0

#Transform 184
Transform: AffineTransform_float_3_3
Parameters: 0.999993 -0.000731016 0.00381163 0.000755664 0.999979 -0.00638537 -0.00380683 0.00638796 0.999972 -0.140101 0.190537 0.145415
FixedParameters: 0 0 0

#Transform 185
Transform: AffineTransform_float_3_3
Parameters: 0.999992 -0.00071479 0.00387647 0.000738761 0.999981 -0.00611191 -0.00387203 0.0061145 0.999973 -0.139389 0.19766 0.142961
FixedParameters: 0 0 0

#Transform 186
Transform: AffineTransform_float_3_3
Parameters: 0.999991 -0.000755988 0.00415572 0.000784798 0.999976 -0.00688439 -0.00415027 0.00688746 0.999968 -0.148829 0.218569 0.139641
FixedParameters: 0 0 0

#Transform 187
Transform: AffineTransform_float_3_3
Parameters: 0.99999 -0.000741596 0.00427996 0.000770388 0.999977 -0.00664935 -0.0042748 0.00665251 0.999968 -0.152673 0.209836 0.131965
FixedParameters: 0 0 0

#Transform 188
Transform: AffineTransform_float_3_3
Parameters: 0.99999 -0.000765699 0.00438734 0.000797678 0.999974 -0.00709691 -0.00438155 0.00710032 0.999965 -0.126256 0.233326 0.114145
FixedParameters: 0 0 0

#Transform 189
Transform: AffineTransform_float_3_3
Parameters: 0.999992 -0.000738887 0.00399388 0.000765326 0.999978 -0.0065541 -0.00398887 0.00655692 0.999971 -0.118553 0.198993 0.143497
