#Insight Transform File V1.0
#Transform 0
Transform: AffineTransform_float_3_3
Parameters: 0.999996 -0.00254467 0.00085826 0.00254273 0.999995 0.00219792 -0.000863493 -0.00219556 0.999997 0.0809058 -0.102279 -0.145746
FixedParameters: 0 0 0

#Transform 1
Transform: AffineTransform_float_3_3
Parameters: 0.999998 -0.00186852 0.000841243 0.00186713 0.999996 0.00186344 -0.00084513 -0.00186148 0.999998 0.0731162 -0.165418 -0.132781
FixedParameters: 0 0 0

#Transform 2
Transform: AffineTransform_float_3_3
Parameters: 0.999998 -0.00163123 0.000659982 0.0016317 0.999998 0.000361661 -0.000661251 -0.000360278 0.999999 0.0892604 -0.0439922 -0.1771
FixedParameters: 0 0 0

#Transform 3
Transform: AffineTransform_float_3_3
Parameters: 0.999999 -0.00154137 0.000489276 0.00154109 0.999998 0.00125382 -0.000491032 -0.00125236 0.999999 0.0781325 -0.102225 -0.130624
FixedParameters: 0 0 0

#Transform 4
Transform: AffineTransform_float_3_3
Parameters: 1 -0.000456538 0.000447039 0.00045616 1 0.000422977 -0.000447425 -0.000422569 1 0.0769842 -0.0589258 -0.0143368
FixedParameters: 0 0 0

#Transform 5
Transform: AffineTransform_float_3_3
Parameters: 1 -0.000498504 -0.000147714 0.000498388 1 5.28729e-05 0.000148642 -5.3135e-05 1 0.0613954 -0.0534089 -0.0786733
FixedParameters: 0 0 0

#Transform 6
Transform: AffineTransform_float_3_3
Parameters: 1 -0.000107805 1.2817e-05 0.000106835 1 0.000405353 -1.30185e-05 -0.000405283 1 0.0826709 -0.0502563 -0.0692414
FixedParameters: 0 0 0

#Transform 7
Transform: AffineTransform_float_3_3
Parameters: 1 -0.000478444 -3.53333e-05 0.000478471 1 0.000391258 3.4959e-05 -0.000391292 1 0.0993629 -0.0807017 -0.085504
FixedParameters: 0 0 0

#Transform 8
Transform: AffineTransform_float_3_3
Parameters: 1 -0.000547711 -8.52216e-05 0.000547724 1 7.28065e-05 8.51418e-05 -7.28999e-05 1 0.075634 -0.100195 -0.119671
FixedParameters: 0 0 0

#Transform 9
Transform: AffineTransform_float_3_3
Parameters: 1 -0.00047679 -3.91072e-05 0.000476818 1 0.000360533 3.87635e-05 -0.00036057 1 0.0762382 -0.0864258 -0.125327
FixedParameters: 0 0 0

#Transform 10
Transform: AffineTransform_float_3_3
Parameters: 0.999999 -0.000715869 -0.000146043 0.0007158 0.999999 -0.000235511 0.00014638 0.000235301 1 0.0856828 -0.0404259 -0.0989197
FixedParameters: 0 0 0

#Transform 11
Transform: AffineTransform_float_3_3
Parameters: 1 -0.000487921 0.000155218 0.000487904 1 -1.09988e-05 -0.000155339 1.01908e-05 1 0.0717271 -0.0653768 -0.0903751
FixedParameters: 0 0 0

#Transform 12
Transform: AffineTransform_float_3_3
Parameters: 1 -0.000524548 0.000448149 0.000524588 1 -4.39096e-05 -0.000448103 4.43798e-05 1 0.068178 -0.0827879 -0.067192
FixedParameters: 0 0 0

#Transform 13
Transform: AffineTransform_float_3_3
Parameters: 1 -0.000516469 0.000429765 0.000516615 1 -0.000193558 -0.000429696 0.000193043 1 0.0729175 -0.0474773 -0.0597596
FixedParameters: 0 0 0

#Transform 14
Transform: AffineTransform_float_3_3
Parameters: 1 -0.000507355 0.000409195 0.00050765 1 -0.000361079 -0.000408829 0.000361494 1 0.0650432 -0.0504452 -0.0746736
FixedParameters: 0 0 0

#Transform 15
Transform: AffineTransform_float_3_3
Parameters: 1 -0.000446903 -9.8279e-05 0.000446858 1 -0.000226877 9.84816e-05 0.000226789 1 0.0457872 -0.0542971 -0.0363113
FixedParameters: 0 0 0

#Transform 16
Transform: AffineTransform_float_3_3
Parameters: 1 0.00037495 -0.000586631 -0.000375826 1 -0.00095362 0.00058602 0.000954047 1 0.0232131 -0.0387428 0.0203019
FixedParameters: 0 0 0

#Transform 17
Transform: AffineTransform_float_3_3
Parameters: 1 3.03726e-05 0.000178371 -3.03916e-05 1 5.32884e-05 -0.000178368 -5.32992e-05 1 0.0241469 -0.0790558 0.0384861
FixedParameters: 0 0 0

#Transform 18
Transform: AffineTransform_float_3_3
Parameters: 1 0.000368465 -0.000356705 -0.000369104 0.999999 -0.000710981 0.000357161 0.00071113 0.999999 0.0179405 -0.0432421 0.0164927
FixedParameters: 0 0 0

#Transform 19
Transform: AffineTransform_float_3_3
Parameters: 1 6.81293e-05 0.000155028 -6.82412e-05 1 0.000360903 -0.000154979 -0.000360924 1 0.00412937 -0.0846924 -0.0146779
FixedParameters: 0 0 0

#Transform 20
Transform: AffineTransform_float_3_3
Parameters: 1 -9.28641e-05 -0.000184974 9.29113e-05 1 0.000127779 0.00018495 -0.000127813 1 0.00842957 -0.00457367 0.0179239
FixedParameters: 0 0 0

#Transform 21
Transform: AffineTransform_float_3_3
Parameters: 1 8.48503e-05 0.000225473 -8.48261e-05 1 0.000238071 -0.000226412 -0.000237995 1 -0.00571338 -0.0888089 0.00686344
FixedParameters: 0 0 0

#Transform 22
Transform: AffineTransform_float_3_3
Parameters: 1 0.000165735 0.000141041 -0.000165597 1 -0.000487795 -0.000141203 0.000487748 1 0.00550958 -0.0260939 -0.0552293
FixedParameters: 0 0 0

#Transform 23
Transform: AffineTransform_float_3_3
Parameters: 1 0.000453843 2.53808e-05 -0.000453863 1 0.000399682 -2.50178e-05 -0.000399705 1 -0.027434 -0.116005 -0.0102404
FixedParameters: 0 0 0

#Transform 24
Transform: AffineTransform_float_3_3
Parameters: 1 0.000403518 -0.000161746 -0.00040364 1 -0.000379046 0.00016144 0.000379177 1 -0.0140058 -0.0454221 0.0291236
FixedParameters: 0 0 0

#Transform 25
Transform: AffineTransform_float_3_3
Parameters: 1 0.000185674 0.000131327 -0.000185521 1 -0.000581385 -0.000131543 0.000581336 1 -0.0193375 -0.0392443 0.0231789
FixedParameters: 0 0 0

#Transform 26
Transform: AffineTransform_float_3_3
Parameters: 1 0.00030141 0.000108322 -0.000301222 0.999999 -0.000867988 -0.000108845 0.000867923 0.999999 -0.0280407 -0.0859628 -0.0142292
FixedParameters: 0 0 0

#Transform 27
Transform: AffineTransform_float_3_3
Parameters: 1 0.00016813 7.10496e-05 -0.000168701 1 -0.00102789 -7.14051e-05 0.00102792 1 -0.0212137 -0.0144873 0.0258022
FixedParameters: 0 0 0

#Transform 28
Transform: AffineTransform_float_3_3
Parameters: 1 0.000312416 7.61196e-05 -0.000312002 1 -0.00112578 -7.67172e-05 0.00112572 1 -0.0275451 -0.0348728 0.00827253
FixedParameters: 0 0 0

#Transform 29
Transform: AffineTransform_float_3_3
Parameters: 1 8.69751e-05 7.91895e-05 -8.68343e-05 0.999999 -0.000887992 -7.93442e-05 0.000887979 0.999999 -0.0225708 -0.0587813 -0.0109929
FixedParameters: 0 0 0

#Transform 30
Transform: AffineTransform_float_3_3
Parameters: 1 0.000372956 -0.000211633 -0.000373251 0.999999 -0.00127056 0.00021079 0.00127071 0.999999 -0.0124941 -0.00944286 -0.00947002
FixedParameters: 0 0 0

#Transform 31
Transform: AffineTransform_float_3_3
Parameters: 1 0.000517462 -0.000129647 -0.000517657 0.999999 -0.000755279 0.000128864 0.000755413 0.999999 -0.0146392 -0.016471 -0.00583245
FixedParameters: 0 0 0

#Transform 32
Transform: AffineTransform_float_3_3
Parameters: 1 0.000553633 -0.000415684 -0.000553307 0.999999 -0.000739107 0.000414849 0.00073854 0.999999 -0.0131012 -0.0499618 -0.0160855
FixedParameters: 0 0 0

#Transform 33
Transform: AffineTransform_float_3_3
Parameters: 1 0.000527534 -0.000283615 -0.000526876 0.999999 -0.000496547 0.000283075 0.000495818 1 -0.0245714 -0.0303564 -0.0250004
FixedParameters: 0 0 0

#Transform 34
Transform: AffineTransform_float_3_3
Parameters: 1 0.000537458 -0.000181927 -0.00053775 0.999999 -0.00110494 0.000181824 0.001105 1 -0.032566 -0.0891265 -0.0413242
FixedParameters: 0 0 0

#Transform 35
Transform: AffineTransform_float_3_3
Parameters: 1 0.000531268 -0.000323112 -0.000530625 1 -0.00046017 0.000322607 0.000459486 1 -0.0125828 -0.0791933 -0.0316401
FixedParameters: 0 0 0

#Transform 36
Transform: AffineTransform_float_3_3
Parameters: 0.999999 0.00078209 -0.000363014 -0.000782491 0.999999 -0.000552616 0.000362148 0.000553183 1 -0.00250279 -0.0684943 -0.0326519
FixedParameters: 0 0 0

#Transform 37
Transform: AffineTransform_float_3_3
Parameters: 1 0.000377193 -0.000348476 -0.000376347 0.999998 0.00189183 0.000349998 -0.00189153 0.999998 0.00364777 -0.0941711 0.13707
FixedParameters: 0 0 0

#Transform 38
Transform: AffineTransform_float_3_3
Parameters: 1 0.000159047 -0.000997882 -0.000158818 1 0.000721974 0.000997966 -0.000721831 0.999999 0.00644249 -0.119589 -0.0185036
FixedParameters: 0 0 0

#Transform 39
Transform: AffineTransform_float_3_3
Parameters: 1 0.000143279 -0.00100633 -0.00014333 1 0.000109668 0.0010062 -0.000110581 1 0.0076019 0.0109116 0.0292545
FixedParameters: 0 0 0

#Transform 40
Transform: AffineTransform_float_3_3
Parameters: 1 0.000547837 -0.00106825 -0.000548497 1 -0.000190447 0.00106801 0.000191376 1 0.0107634 -0.0452807 -0.0163929
FixedParameters: 0 0 0

#Transform 41
Transform: AffineTransform_float_3_3
Parameters: 1 0.000326782 -0.00104524 -0.000326623 1 0.00019717 0.00104533 -0.000196729 1 -0.00481442 -0.0702633 -0.0141567
FixedParameters: 0 0 0

#Transform 42
Transform: AffineTransform_float_3_3
Parameters: 0.999999 0.000389661 -0.000872321 -0.000390195 1 -0.00030599 0.000872082 0.00030667 0.999999 -0.0156307 -0.0980052 -0.0489572
FixedParameters: 0 0 0

#Transform 43
Transform: AffineTransform_float_3_3
Parameters: 0.999999 0.000453994 -0.000946377 -0.00045452 0.999999 -0.000779828 0.000945857 0.000780365 0.999999 0.00019348 -0.0266257 0.0334029
FixedParameters: 0 0 0

#Transform 44
Transform: AffineTransform_float_3_3
Parameters: 0.999999 0.000312219 -0.000673657 -0.000313398 1 -0.00105523 0.000673102 0.00105564 0.999999 0.00792409 -0.0239671 0.00610691
FixedParameters: 0 0 0

#Transform 45
Transform: AffineTransform_float_3_3
Parameters: 0.999999 0.000528933 -0.000654765 -0.000529191 0.999999 -0.00111547 0.000653805 0.00111608 0.999999 0.00330385 -0.0213848 -0.0112397
FixedParameters: 0 0 0

#Transform 46
Transform: AffineTransform_float_3_3
Parameters: 0.999999 0.000528933 -0.000654765 -0.000529191 0.999999 -0.00111547 0.000653805 0.00111608 0.999999 0.021621 -0.00284979 -0.0273554
FixedParameters: 0 0 0

#Transform 47
Transform: AffineTransform_float_3_3
Parameters: 1 9.46891e-05 -0.00076151 -9.58087e-05 0.999999 -0.00152443 0.00076144 0.00152449 0.999998 0.0265703 -0.00590663 -0.0313566
FixedParameters: 0 0 0

#Transform 48
Transform: AffineTransform_float_3_3
Parameters: 1 -0.000196679 -0.000673905 0.000195368 1 -0.00115248 0.000674462 0.0011522 0.999999 0.0199621 -0.0655948 -0.0351858
FixedParameters: 0 0 0

#Transform 49
Transform: AffineTransform_float_3_3
Parameters: 1 0.000113847 -0.000805894 -0.00011542 0.999998 -0.00188419 0.000805919 0.00188524 0.999998 0.0241195 -0.015095 -0.0577166
FixedParameters: 0 0 0

#Transform 50
Transform: AffineTransform_float_3_3
Parameters: 1 5.17908e-05 -0.000661836 -5.17799e-05 0.999999 -0.000716739 0.000661876 0.00071674 0.999999 0.00423216 -0.0689566 0.00238596
FixedParameters: 0 0 0

#Transform 51
Transform: AffineTransform_float_3_3
Parameters: 1 -0.000369351 -0.000429221 0.000369818 1 -0.000856038 0.000430074 0.000855639 1 0.0136756 -0.0824928 -0.0319722
FixedParameters: 0 0 0

#Transform 52
Transform: AffineTransform_float_3_3
Parameters: 1 -0.000347393 -0.000544274 0.000347292 0.999999 -0.00131793 0.000544429 0.00131758 0.999999 0.00215398 -0.0629102 -0.0184783
FixedParameters: 0 0 0

#Transform 53
Transform: AffineTransform_float_3_3
Parameters: 1 -0.000407391 3.97071e-05 0.0004079 0.999998 -0.00170876 -3.9189e-05 0.00170889 0.999998 0.0051331 -0.0419276 -0.0575803
FixedParameters: 0 0 0

#Transform 54
Transform: AffineTransform_float_3_3
Parameters: 1 -0.000336197 -0.000332081 0.000335504 0.999997 -0.00233318 0.000332984 0.00233303 0.999997 0.0239875 0.0378875 -0.00940354
FixedParameters: 0 0 0

#Transform 55
Transform: AffineTransform_float_3_3
Parameters: 1 -0.000327667 -0.000401987 0.000327615 0.999997 -0.00232417 0.00040296 0.00232391 0.999997 0.022059 -0.0657156 -0.0230949
FixedParameters: 0 0 0

#Transform 56
Transform: AffineTransform_float_3_3
Parameters: 1 -0.000162265 -0.000527927 0.000161521 0.999998 -0.00229971 0.000529103 0.00229943 0.999997 0.00716047 -0.0345691 -0.0373842
FixedParameters: 0 0 0

#Transform 57
Transform: AffineTransform_float_3_3
Parameters: 1 -6.78807e-05 -0.000129849 6.76992e-05 0.999998 -0.0016303 0.000130176 0.00163027 0.999998 0.00873618 -0.0319914 -0.0085026
FixedParameters: 0 0 0

#Transform 58
Transform: AffineTransform_float_3_3
Parameters: 1 -8.84535e-05 -0.000594858 8.65979e-05 0.999998 -0.00207855 0.000594453 0.00207854 0.999997 0.0129584 -0.0505284 -0.0328202
FixedParameters: 0 0 0

#Transform 59
Transform: AffineTransform_float_3_3
Parameters: 1 -0.000187118 -0.000434489 0.000186277 0.999999 -0.00171208 0.000434416 0.00171322 0.999998 0.0145443 -0.0363998 3.31742e-05
FixedParameters: 0 0 0

#Transform 60
Transform: AffineTransform_float_3_3
Parameters: 0.999999 -0.000111181 -0.000871354 0.000108937 0.999998 -0.00225459 0.000872281 0.00225429 0.999997 0.0101602 0.00224793 -0.00621195
FixedParameters: 0 0 0

#Transform 61
Transform: AffineTransform_float_3_3
Parameters: 1 4.59921e-05 -0.000470472 -4.73446e-05 0.999998 -0.00220974 0.000470582 0.00220974 0.999998 0.013664 -0.0577214 -0.0339481
FixedParameters: 0 0 0

#Transform 62
Transform: AffineTransform_float_3_3
Parameters: 1 -0.00019988 -0.000405321 0.000199059 0.999999 -0.00147532 0.000405035 0.00147526 0.999999 0.00831854 -0.0775297 -0.0186908
FixedParameters: 0 0 0

#Transform 63
Transform: AffineTransform_float_3_3
Parameters: 1 -0.000164578 -0.000486863 0.000163113 0.999997 -0.00213736 0.000486794 0.00213729 0.999997 0.021364 0.0457352 -0.0582968
FixedParameters: 0 0 0

#Transform 64
Transform: AffineTransform_float_3_3
Parameters: 1 0.000133646 -0.00034687 -0.000133375 0.999999 -0.00134147 0.000346732 0.00134148 0.999999 0.00577644 -0.0539645 -0.0639582
FixedParameters: 0 0 0

#Transform 65
Transform: AffineTransform_float_3_3
Parameters: 1 2.81522e-05 -0.000434185 -2.93293e-05 0.999998 -0.00191348 0.000434286 0.00191348 0.999998 0.0108518 -0.0225574 -0.0650939
FixedParameters: 0 0 0

#Transform 66
Transform: AffineTransform_float_3_3
Parameters: 1 0.000142453 -0.00040824 -0.000142496 0.999999 -0.00182178 0.000408047 0.0018218 0.999999 0.0165898 0.0161899 -0.0269155
FixedParameters: 0 0 0

#Transform 67
Transform: AffineTransform_float_3_3
Parameters: 1 0.00010985 -0.000465837 -0.000110244 0.999998 -0.00223415 0.000465776 0.00223415 0.999998 0.0126391 -0.0182643 -0.0301298
FixedParameters: 0 0 0

#Transform 68
Transform: AffineTransform_float_3_3
Parameters: 1 0.000158798 -0.000322492 -0.000159506 0.999999 -0.0018496 0.000322114 0.00184968 0.999998 0.00218448 -0.042551 -0.0204835
FixedParameters: 0 0 0

#Transform 69
Transform: AffineTransform_float_3_3
Parameters: 1 0.00037252 1.24686e-05 -0.000372826 0.999998 -0.00227909 -1.29854e-05 0.00227899 0.999998 -0.00107652 0.00507376 -0.0240024
FixedParameters: 0 0 0

#Transform 70
Transform: AffineTransform_float_3_3
Parameters: 1 0.000365575 -0.000157571 -0.000365946 0.999999 -0.00152688 0.00015754 0.00152687 0.999999 -0.000763915 -0.0433267 -0.013012
FixedParameters: 0 0 0

#Transform 71
Transform: AffineTransform_float_3_3
Parameters: 0.999999 0.000690875 -0.000647819 -0.000692276 0.999998 -0.00218017 0.000647195 0.00218073 0.999998 0.00244596 -0.0084874 -0.0159964
FixedParameters: 0 0 0

#Transform 72
Transform: AffineTransform_float_3_3
Parameters: 0.999999 0.00100382 -0.000662954 -0.00100526 0.999997 -0.00216133 0.000661003 0.00216232 0.999998 -0.0278976 -0.000437246 -0.00978433
FixedParameters: 0 0 0

#Transform 73
Transform: AffineTransform_float_3_3
Parameters: 0.999999 0.0009456 -0.000332526 -0.000946529 0.999998 -0.00173226 0.000331419 0.00173263 0.999999 -0.0235378 -0.0402382 -0.0123054
FixedParameters: 0 0 0

#Transform 74
Transform: AffineTransform_float_3_3
Parameters: 0.999999 0.000970452 -0.000390295 -0.000971699 0.999997 -0.00219701 0.000388304 0.0021975 0.999998 -0.0137933 0.00765322 -0.0171125
FixedParameters: 0 0 0

#Transform 75
Transform: AffineTransform_float_3_3
Parameters: 0.999999 0.000996243 -0.00074063 -0.000997434 0.999998 -0.00169192 0.000738561 0.00169319 0.999999 -0.023615 -0.0544933 -0.0176177
FixedParameters: 0 0 0

#Transform 76
Transform: AffineTransform_float_3_3
Parameters: 1 0.00104059 -0.000854776 -0.00104247 0.999996 -0.00249676 0.00085208 0.00249814 0.999997 -0.0318216 0.0399025 -0.01199
FixedParameters: 0 0 0

#Transform 77
Transform: AffineTransform_float_3_3
Parameters: 0.999999 0.00149272 -0.000702347 -0.00149319 0.999997 -0.00185632 0.000698998 0.00185732 0.999998 -0.0480549 -0.050686 -0.0178596
FixedParameters: 0 0 0

#Transform 78
Transform: AffineTransform_float_3_3
Parameters: 1 0.00099956 -0.000749564 -0.00100114 0.999998 -0.00175519 0.00074712 0.00175553 0.999998 -0.0309509 -0.00636095 0.00705182
FixedParameters: 0 0 0

#Transform 79
Transform: AffineTransform_float_3_3
Parameters: 0.999999 0.00105773 -0.00109501 -0.00106029 0.999997 -0.00213591 0.00109276 0.00213688 0.999997 -0.0259662 0.0355031 -0.00848291
FixedParameters: 0 0 0

#Transform 80
Transform: AffineTransform_float_3_3
Parameters: 0.999999 0.00102337 -0.000951083 -0.00102569 0.999998 -0.00170257 0.000949642 0.00170325 0.999998 -0.0360602 -0.0275021 -0.0143777
FixedParameters: 0 0 0

#Transform 81
Transform: AffineTransform_float_3_3
Parameters: 0.999999 0.00117481 -0.00100752 -0.00117778 0.999996 -0.00270944 0.00100453 0.00271057 0.999995 -0.035005 0.000702502 -0.019464
FixedParameters: 0 0 0

#Transform 82
Transform: AffineTransform_float_3_3
Parameters: 0.999998 0.00147335 -0.0010045 -0.00147619 0.999997 -0.00192666 0.00100195 0.00192822 0.999998 -0.0303892 0.0224464 0.0146927
FixedParameters: 0 0 0

#Transform 83
Transform: AffineTransform_float_3_3
Parameters: 0.999999 0.00109427 -0.00108394 -0.00109562 0.999998 -0.00155003 0.00108173 0.00155117 0.999998 -0.0346511 -0.0386271 -0.0151652
FixedParameters: 0 0 0

#Transform 84
Transform: AffineTransform_float_3_3
Parameters: 0.999999 0.000381729 -0.00113436 -0.000374825 0.999982 0.00598416 0.0011372 -0.00598374 0.999981 -0.0291024 -0.107043 0.471857
FixedParameters: 0 0 0

#Transform 85
Transform: AffineTransform_float_3_3
Parameters: 0.999996 0.00116601 -0.00276733 -0.00113223 0.999926 0.0121018 0.00278063 -0.0120981 0.999923 -0.0823645 -0.223097 0.377755
FixedParameters: 0 0 0

#Transform 86
Transform: AffineTransform_float_3_3
Parameters: 0.999995 0.00131248 -0.00318632 -0.00129552 0.999985 0.00532525 0.00319344 -0.00532073 0.99998 -0.0673686 -0.155992 0.201222
FixedParameters: 0 0 0

#Transform 87
Transform: AffineTransform_float_3_3
Parameters: 0.999994 0.00130952 -0.00318668 -0.00129353 0.999985 0.00532506 0.00319373 -0.00532075 0.999981 -0.0828606 -0.147837 0.149513
FixedParameters: 0 0 0

#Transform 88
Transform: AffineTransform_float_3_3
Parameters: 0.999994 0.001398 -0.0032771 -0.0013792 0.999983 0.00554823 0.00328482 -0.00554301 0.999979 -0.0768498 -0.117299 0.141496
FixedParameters: 0 0 0

#Transform 89
Transform: AffineTransform_float_3_3
Parameters: 0.999995 0.00149175 -0.00289912 -0.00147507 0.999982 0.00577827 0.00290861 -0.00577403 0.999979 -0.0917381 -0.121265 0.144558
FixedParameters: 0 0 0

#Transform 90
Transform: AffineTransform_float_3_3
Parameters: 0.999995 0.00112413 -0.00304973 -0.00111144 0.99999 0.0042408 0.00305466 -0.00423831 0.999986 -0.0997723 -0.0577096 0.197556
FixedParameters: 0 0 0

#Transform 91
Transform: AffineTransform_float_3_3
Parameters: 0.999996 0.00151059 -0.00252804 -0.00150121 0.999992 0.00378647 0.00253315 -0.0037824 0.99999 -0.14356 -0.0731896 0.171012
FixedParameters: 0 0 0

#Transform 92
Transform: AffineTransform_float_3_3
Parameters: 0.999997 0.00144271 -0.00230862 -0.00143683 0.999996 0.00238076 0.00231256 -0.00237716 0.999995 -0.130088 -0.0679705 0.160304
FixedParameters: 0 0 0

#Transform 93
Transform: AffineTransform_float_3_3
Parameters: 0.999996 0.00150625 -0.00213521 -0.00150159 0.999996 0.00242431 0.00213859 -0.00242077 0.999995 -0.135404 -0.0655688 0.133102
FixedParameters: 0 0 0

#Transform 94
Transform: AffineTransform_float_3_3
Parameters: 0.999995 0.00157261 -0.00254564 -0.00156746 0.999996 0.00206843 0.00254905 -0.00206468 0.999995 -0.122427 -0.0458828 0.183829
FixedParameters: 0 0 0

#Transform 95
Transform: AffineTransform_float_3_3
Parameters: 0.999997 0.00151245 -0.00195832 -0.00150939 0.999998 0.00159139 0.00196029 -0.00158814 0.999996 -0.139102 -0.0741998 0.200557
FixedParameters: 0 0 0

#Transform 96
Transform: AffineTransform_float_3_3
Parameters: 0.999997 0.00148497 -0.00153633 -0.00148372 0.999999 0.000821652 0.00153823 -0.000820141 0.999999 -0.13145 -0.0523628 0.176132
FixedParameters: 0 0 0

#Transform 97
Transform: AffineTransform_float_3_3
Parameters: 0.999998 0.00149285 -0.00159543 -0.00149177 0.999999 0.000813325 0.00159721 -0.0008116 0.999998 -0.137384 -0.0750183 0.163082
FixedParameters: 0 0 0

#Transform 98
Transform: AffineTransform_float_3_3
Parameters: 1 0.000211513 -0.000991706 -0.000210757 1 0.000508116 0.000991889 -0.000507938 1 -0.0719877 -0.0904677 0.12241
FixedParameters: 0 0 0

#Transform 99
Transform: AffineTransform_float_3_3
Parameters: 0.999999 0.000705839 -0.00128925 -0.000706338 1 -8.77515e-05 0.00128896 8.83706e-05 0.999999 -0.0805395 -0.0524269 0.114327
FixedParameters: 0 0 0

#Transform 100
Transform: AffineTransform_float_3_3
Parameters: 1 0.000640492 -0.000942917 -0.000640684 1 0.000471163 0.000942393 -0.000470015 1 -0.0959136 -0.0505635 0.12776
FixedParameters: 0 0 0

#Transform 101
Transform: AffineTransform_float_3_3
Parameters: 1 0.000655883 -0.000932441 -0.000656097 1 1.57055e-05 0.000932355 -1.44695e-05 0.999999 -0.0960699 -0.0107731 0.139231
FixedParameters: 0 0 0

#Transform 102
Transform: AffineTransform_float_3_3
Parameters: 0.999999 0.000669925 -0.00108791 -0.000669804 1 0.000180949 0.00108799 -0.000180693 1 -0.116106 -0.106207 0.1371
FixedParameters: 0 0 0

#Transform 103
Transform: AffineTransform_float_3_3
Parameters: 0.999998 0.000850025 -0.00204159 -0.000849414 0.999999 0.000573565 0.00204215 -0.000571457 0.999997 -0.107543 -0.0671576 0.18839
FixedParameters: 0 0 0

#Transform 104
Transform: AffineTransform_float_3_3
Parameters: 0.999996 0.00133719 -0.00230944 -0.00133421 0.999998 0.00162414 0.00231184 -0.00162118 0.999996 -0.112568 -0.0757476 0.201542
FixedParameters: 0 0 0

#Transform 105
Transform: AffineTransform_float_3_3
Parameters: 0.999996 0.00133614 -0.00210392 -0.00133472 0.999999 0.000898195 0.00210465 -0.000895688 0.999997 -0.126824 -0.0246288 0.185436
FixedParameters: 0 0 0

#Transform 106
Transform: AffineTransform_float_3_3
Parameters: 0.999997 0.00132557 -0.00220926 -0.0013233 0.999999 0.00109739 0.00221052 -0.00109368 0.999997 -0.141953 -0.0705438 0.186192
FixedParameters: 0 0 0

#Transform 107
Transform: AffineTransform_float_3_3
Parameters: 0.999997 0.00149501 -0.00217244 -0.00149345 0.999999 0.000735984 0.00217298 -0.000732658 0.999997 -0.138822 -0.121158 0.159688
FixedParameters: 0 0 0

#Transform 108
Transform: AffineTransform_float_3_3
Parameters: 0.999996 0.00153144 -0.00227095 -0.00152979 0.999999 0.000725097 0.00227151 -0.000721312 0.999997 -0.0971788 0.00196272 0.195641
FixedParameters: 0 0 0

#Transform 109
Transform: AffineTransform_float_3_3
Parameters: 0.999996 0.00144927 -0.00208873 -0.00144787 0.999999 0.000441383 0.00208856 -0.00043858 0.999998 -0.129854 -0.0808621 0.135336
FixedParameters: 0 0 0

#Transform 110
Transform: AffineTransform_float_3_3
Parameters: 0.999996 0.00171845 -0.00211897 -0.00171692 0.999998 0.000783227 0.00212085 -0.000780186 0.999997 -0.124773 -0.00934074 0.18009
FixedParameters: 0 0 0

#Transform 111
Transform: AffineTransform_float_3_3
Parameters: 0.999996 0.00192207 -0.00199742 -0.00191924 0.999997 0.00151214 0.00200032 -0.00150835 0.999997 -0.134576 -0.127061 0.146219
FixedParameters: 0 0 0

#Transform 112
Transform: AffineTransform_float_3_3
Parameters: 0.999996 0.00198693 -0.00230114 -0.00198507 0.999998 0.000797015 0.00230328 -0.000792817 0.999996 -0.107493 0.0206263 0.166274
FixedParameters: 0 0 0

#Transform 113
Transform: AffineTransform_float_3_3
Parameters: 0.999996 0.00173474 -0.00233087 -0.00173119 0.999997 0.00170686 0.00233367 -0.00170259 0.999995 -0.115376 -0.0725353 0.152747
FixedParameters: 0 0 0

#Transform 114
Transform: AffineTransform_float_3_3
Parameters: 0.999995 0.00200103 -0.00237397 -0.00199995 0.999997 0.00066239 0.00237564 -0.000658331 0.999997 -0.127087 -0.0318902 0.152725
FixedParameters: 0 0 0

#Transform 115
Transform: AffineTransform_float_3_3
Parameters: 0.999996 0.00193024 -0.00213672 -0.00192671 0.999997 0.00179763 0.00214056 -0.00179295 0.999996 -0.122982 -0.0496958 0.134522
FixedParameters: 0 0 0

#Transform 116
Transform: AffineTransform_float_3_3
Parameters: 0.999996 0.00180122 -0.00232187 -0.00179262 0.99999 0.00392656 0.00232871 -0.00392165 0.99999 -0.120507 -0.0322535 0.310925
FixedParameters: 0 0 0

#Transform 117
Transform: AffineTransform_float_3_3
Parameters: 0.999992 0.00203113 -0.00349085 -0.00201707 0.99999 0.00406057 0.00349906 -0.00405319 0.999986 -0.108019 -0.148162 0.191113
FixedParameters: 0 0 0

#Transform 118
Transform: AffineTransform_float_3_3
Parameters: 0.999993 0.00175696 -0.00324546 -0.00174576 0.999992 0.00341046 0.00325163 -0.00340538 0.999989 -0.101573 -0.0426922 0.227141
FixedParameters: 0 0 0

#Transform 119
Transform: AffineTransform_float_3_3
Parameters: 0.999993 0.00203637 -0.00328433 -0.0020263 0.999994 0.00309243 0.00329091 -0.00308613 0.99999 -0.105494 -0.0178684 0.227449
FixedParameters: 0 0 0

#Transform 120
Transform: AffineTransform_float_3_3
Parameters: 0.999992 0.00248306 -0.00316424 -0.00247516 0.999994 0.00243292 0.00316937 -0.00242506 0.999992 -0.12931 -0.0996944 0.212334
FixedParameters: 0 0 0

#Transform 121
Transform: AffineTransform_float_3_3
Parameters: 0.999991 0.00244784 -0.00352393 -0.00243791 0.999994 0.00278389 0.00353021 -0.00277557 0.99999 -0.120512 -0.0273286 0.222931
FixedParameters: 0 0 0

#Transform 122
Transform: AffineTransform_float_3_3
Parameters: 0.99999 0.0025436 -0.00358862 -0.00253518 0.999994 0.00244129 0.00359468 -0.00243212 0.99999 -0.122097 -0.108801 0.235808
FixedParameters: 0 0 0

#Transform 123
Transform: AffineTransform_float_3_3
Parameters: 0.99999 0.00261277 -0.00340716 -0.00260468 0.999994 0.00234771 0.00341329 -0.00233908 0.999992 -0.139138 -0.0589125 0.216285
FixedParameters: 0 0 0

#Transform 124
Transform: AffineTransform_float_3_3
Parameters: 0.99999 0.00296467 -0.00347865 -0.00295776 0.999993 0.00206423 0.00348444 -0.00205351 0.999992 -0.128555 -0.0799 0.155329
FixedParameters: 0 0 0

#Transform 125
Transform: AffineTransform_float_3_3
Parameters: 0.99999 0.0029458 -0.00342898 -0.00293938 0.999994 0.00186608 0.00343474 -0.00185598 0.999993 -0.124588 -0.0383245 0.159111
FixedParameters: 0 0 0

#Transform 126
Transform: AffineTransform_float_3_3
Parameters: 0.99999 0.00294016 -0.00327073 -0.00293535 0.999995 0.00124841 0.00327425 -0.00123814 0.999994 -0.122405 -0.138699 0.141437
FixedParameters: 0 0 0

#Transform 127
Transform: AffineTransform_float_3_3
Parameters: 0.999991 0.00297527 -0.00320984 -0.00297408 0.999995 0.000486755 0.00321101 -0.000476964 0.999994 -0.132497 -0.0693824 0.127447
FixedParameters: 0 0 0

#Transform 128
Transform: AffineTransform_float_3_3
Parameters: 0.999991 0.00290643 -0.00294361 -0.00290329 0.999995 0.00110226 0.00294621 -0.00109411 0.999995 -0.123893 -0.0318706 0.130503
FixedParameters: 0 0 0

#Transform 129
Transform: AffineTransform_float_3_3
Parameters: 0.99999 0.00308942 -0.00300938 -0.00308907 0.999996 0.00031969 0.00301074 -0.000310287 0.999996 -0.139982 -0.0240067 0.0943953
FixedParameters: 0 0 0

#Transform 130
Transform: AffineTransform_float_3_3
Parameters: 0.99999 0.0029265 -0.00328388 -0.00292376 0.999995 0.000985783 0.00328678 -0.000975877 0.999994 -0.123298 0.0121374 0.0831022
FixedParameters: 0 0 0

#Transform 131
Transform: AffineTransform_float_3_3
Parameters: 0.999992 0.002872 -0.00280363 -0.00287097 0.999996 0.000289358 0.00280494 -0.000281556 0.999996 -0.150294 -0.0928466 0.0336207
FixedParameters: 0 0 0

#Transform 132
Transform: AffineTransform_float_3_3
Parameters: 0.999992 0.00293945 -0.00275071 -0.00294017 0.999996 -0.000248348 0.00274917 0.000257348 0.999996 -0.13425 -0.0268683 0.100401
FixedParameters: 0 0 0

#Transform 133
Transform: AffineTransform_float_3_3
Parameters: 0.99999 0.00336932 -0.00298457 -0.00336907 0.999994 0.000328445 0.00298495 -0.000318359 0.999996 -0.122481 -0.0216295 0.0696486
FixedParameters: 0 0 0

#Transform 134
Transform: AffineTransform_float_3_3
Parameters: 0.999991 0.00330915 -0.00245609 -0.00330915 0.999994 9.37292e-05 0.00245728 -8.53913e-05 0.999997 -0.15044 -0.0554933 0.0914601
FixedParameters: 0 0 0

#Transform 135
Transform: AffineTransform_float_3_3
Parameters: 0.999991 0.00331068 -0.00245986 -0.00331082 0.999994 6.40136e-05 0.00246085 -5.56435e-05 0.999997 -0.135819 -0.0232712 0.0495747
FixedParameters: 0 0 0

#Transform 136
Transform: AffineTransform_float_3_3
Parameters: 0.999987 0.00340043 -0.00384181 -0.00339095 0.99999 0.00271172 0.00385081 -0.00269908 0.999988 -0.172604 -0.0807991 0.346471
FixedParameters: 0 0 0

#Transform 137
Transform: AffineTransform_float_3_3
Parameters: 0.999985 0.0034753 -0.00431102 -0.00346557 0.999992 0.002316 0.00431967 -0.00230134 0.999988 -0.148973 0.0299716 0.2768
FixedParameters: 0 0 0

#Transform 138
Transform: AffineTransform_float_3_3
Parameters: 0.999986 0.00346978 -0.00399834 -0.0034652 0.999994 0.00124875 0.00400225 -0.0012342 0.999991 -0.158705 -0.0349008 0.205106
FixedParameters: 0 0 0

#Transform 139
Transform: AffineTransform_float_3_3
Parameters: 0.999986 0.00363672 -0.00366905 -0.00363492 0.999993 0.000442569 0.00367099 -0.000429198 0.999993 -0.165194 0.00370481 0.188741
FixedParameters: 0 0 0

#Transform 140
Transform: AffineTransform_float_3_3
Parameters: 0.999989 0.00341261 -0.00338999 -0.00341082 0.999994 0.000595171 0.00339181 -0.000584208 0.999994 -0.176493 -0.0327835 0.143747
FixedParameters: 0 0 0

#Transform 141
Transform: AffineTransform_float_3_3
Parameters: 0.999987 0.00348233 -0.00376239 -0.00348325 0.999994 -3.80706e-05 0.00376201 5.05242e-05 0.999993 -0.169486 0.00361324 0.225817
FixedParameters: 0 0 0

#Transform 142
Transform: AffineTransform_float_3_3
Parameters: 0.999987 0.00360633 -0.00363778 -0.00360647 0.999993 -6.48521e-05 0.00363724 7.75234e-05 0.999993 -0.176059 0.003686 0.234807
FixedParameters: 0 0 0

#Transform 143
Transform: AffineTransform_float_3_3
Parameters: 0.999988 0.0034673 -0.00355578 -0.00346953 0.999994 -0.000380983 0.00355429 0.000392911 0.999994 -0.166322 0.0113591 0.213761
FixedParameters: 0 0 0

#Transform 144
Transform: AffineTransform_float_3_3
Parameters: 0.999987 0.00369898 -0.00340703 -0.00370041 0.999993 -0.000456186 0.00340494 0.000468829 0.999995 -0.169986 0.0220291 0.214991
FixedParameters: 0 0 0

#Transform 145
Transform: AffineTransform_float_3_3
Parameters: 0.999989 0.00354482 -0.00336987 -0.00354607 0.999993 -0.00040007 0.00336823 0.000411413 0.999994 -0.17198 0.00949068 0.198981
FixedParameters: 0 0 0

#Transform 146
Transform: AffineTransform_float_3_3
Parameters: 0.999989 0.00341105 -0.0031924 -0.00341176 0.999995 -0.000103034 0.00319197 0.000114677 0.999994 -0.191787 0.024142 0.217791
FixedParameters: 0 0 0

#Transform 147
Transform: AffineTransform_float_3_3
Parameters: 0.999989 0.0035913 -0.00296507 -0.00359239 0.999993 -0.000357851 0.00296398 0.000368816 0.999996 -0.198383 0.0195825 0.200354
FixedParameters: 0 0 0

#Transform 148
Transform: AffineTransform_float_3_3
Parameters: 0.999984 0.00431413 -0.00344707 -0.0043188 0.99999 -0.00115557 0.00344221 0.00117073 0.999994 -0.190717 0.0108187 0.168602
FixedParameters: 0 0 0

#Transform 149
Transform: AffineTransform_float_3_3
Parameters: 0.999986 0.00402267 -0.00348664 -0.00402516 0.999992 -0.000658545 0.00348425 0.000672088 0.999993 -0.173485 0.00859874 0.189644
FixedParameters: 0 0 0

#Transform 150
Transform: AffineTransform_float_3_3
Parameters: 0.999987 0.00401034 -0.00329979 -0.00401167 0.999992 -0.000435628 0.00329828 0.000448969 0.999994 -0.19155 0.0137511 0.175772
FixedParameters: 0 0 0

#Transform 151
Transform: AffineTransform_float_3_3
Parameters: 0.999987 0.00392265 -0.00327378 -0.00392544 0.999992 -0.000829575 0.00327059 0.000842896 0.999994 -0.181437 -0.000473892 0.149175
FixedParameters: 0 0 0

#Transform 152
Transform: AffineTransform_float_3_3
Parameters: 0.999985 0.00409596 -0.00359329 -0.00409852 0.999991 -0.000779206 0.00359 0.000793809 0.999993 -0.182607 0.00630434 0.206126
FixedParameters: 0 0 0

#Transform 153
Transform: AffineTransform_float_3_3
Parameters: 0.999984 0.00419026 -0.00375351 -0.00419125 0.999991 -0.000391945 0.00375198 0.000407805 0.999993 -0.18353 0.00545767 0.20254
FixedParameters: 0 0 0

#Transform 154
Transform: AffineTransform_float_3_3
Parameters: 0.999985 0.00419295 -0.00371274 -0.004197 0.999991 -0.00104709 0.00370899 0.00106214 0.999993 -0.169636 0.0273504 0.158409
FixedParameters: 0 0 0

#Transform 155
Transform: AffineTransform_float_3_3
Parameters: 0.999984 0.00450845 -0.003461 -0.00451238 0.999989 -0.00100538 0.0034568 0.00102106 0.999994 -0.188905 0.0452399 0.14806
FixedParameters: 0 0 0

#Transform 156
Transform: AffineTransform_float_3_3
Parameters: 0.999983 0.00450372 -0.00363762 -0.00450513 0.99999 -0.000195694 0.00363717 0.000212299 0.999994 -0.187004 -0.0252427 0.170472
FixedParameters: 0 0 0

#Transform 157
Transform: AffineTransform_float_3_3
Parameters: 0.999984 0.00422094 -0.0037165 -0.00422522 0.999991 -0.000964213 0.00371229 0.000979683 0.999993 -0.170012 0.0343059 0.131457
FixedParameters: 0 0 0

#Transform 158
Transform: AffineTransform_float_3_3
Parameters: 0.999985 0.00445555 -0.00316059 -0.00445757 0.99999 -0.000581182 0.00315819 0.00059564 0.999995 -0.190973 -0.0182771 0.106532
FixedParameters: 0 0 0

#Transform 159
Transform: AffineTransform_float_3_3
Parameters: 0.999986 0.00435717 -0.00298442 -0.00435972 0.99999 -0.00104951 0.0029795 0.0010625 0.999995 -0.204436 0.0655172 0.106457
FixedParameters: 0 0 0

#Transform 160
Transform: AffineTransform_float_3_3
Parameters: 0.999984 0.00449468 -0.00340239 -0.00449806 0.99999 -0.000820706 0.00339871 0.000836201 0.999994 -0.185216 -0.0195207 0.132141
FixedParameters: 0 0 0

#Transform 161
Transform: AffineTransform_float_3_3
Parameters: 0.999984 0.00450076 -0.00351843 -0.00450265 0.99999 -0.00056236 0.00351593 0.000577855 0.999994 -0.175618 0.0332136 0.124069
FixedParameters: 0 0 0

#Transform 162
Transform: AffineTransform_float_3_3
Parameters: 0.999985 0.0043157 -0.00338152 -0.0043166 0.99999 -0.000500662 0.00337915 0.000515691 0.999994 -0.180006 0.0453873 0.136193
FixedParameters: 0 0 0

#Transform 163
Transform: AffineTransform_float_3_3
Parameters: 0.999986 0.00419551 -0.00316249 -0.0041913 0.99999 0.00124639 0.00316812 -0.00123282 0.999994 -0.186263 -0.00772457 0.0493711
FixedParameters: 0 0 0

#Transform 164
Transform: AffineTransform_float_3_3
Parameters: 0.999985 0.00420989 -0.00325379 -0.00420833 0.999991 0.0005512 0.0032558 -0.000537144 0.999994 -0.175739 0.0123498 0.0924183
FixedParameters: 0 0 0

#Transform 165
Transform: AffineTransform_float_3_3
Parameters: 0.999984 0.00446749 -0.00333359 -0.00446907 0.99999 -0.000282983 0.00333255 0.000297806 0.999995 -0.180414 0.0501626 0.0510662
FixedParameters: 0 0 0

#Transform 166
Transform: AffineTransform_float_3_3
Parameters: 0.999986 0.00454718 -0.00266971 -0.00454214 0.999988 0.00197519 0.00267844 -0.00196343 0.999995 -0.196209 -0.0167584 0.098174
FixedParameters: 0 0 0

#Transform 167
Transform: AffineTransform_float_3_3
Parameters: 0.999983 0.00449757 -0.00342018 -0.00447918 0.999976 0.00540554 0.00344414 -0.00539067 0.99998 -0.16688 -0.035148 0.211642
FixedParameters: 0 0 0

#Transform 168
Transform: AffineTransform_float_3_3
Parameters: 0.999986 0.00433734 -0.00309365 -0.00432948 0.999987 0.00262785 0.003105 -0.00261385 0.999992 -0.206506 -0.0831387 0.127549
FixedParameters: 0 0 0

#Transform 169
Transform: AffineTransform_float_3_3
Parameters: 0.999985 0.0046161 -0.00314718 -0.00460876 0.999986 0.00226209 0.00315738 -0.00224777 0.999992 -0.178513 0.020847 0.133162
FixedParameters: 0 0 0

#Transform 170
Transform: AffineTransform_float_3_3
Parameters: 0.999983 0.0048362 -0.00330599 -0.00483151 0.999987 0.00156313 0.00331336 -0.00154732 0.999994 -0.193305 -0.0168857 0.132038
FixedParameters: 0 0 0

#Transform 171
Transform: AffineTransform_float_3_3
Parameters: 0.999984 0.00464985 -0.00333914 -0.0046458 0.999988 0.00120328 0.00334491 -0.00118781 0.999993 -0.202259 -0.0396118 0.0977936
FixedParameters: 0 0 0

#Transform 172
Transform: AffineTransform_float_3_3
Parameters: 0.999987 0.00429544 -0.00278705 -0.00428854 0.999987 0.00267123 0.00279774 -0.00265881 0.999993 -0.213825 -0.0444774 0.116036
FixedParameters: 0 0 0

#Transform 173
Transform: AffineTransform_float_3_3
Parameters: 0.999987 0.00430637 -0.00290488 -0.00429807 0.999986 0.002806 0.00291666 -0.00279346 0.999991 -0.21484 -0.0750741 0.15426
FixedParameters: 0 0 0

#Transform 174
Transform: AffineTransform_float_3_3
Parameters: 0.999986 0.00434865 -0.00299341 -0.00434314 0.999989 0.00190911 0.00300179 -0.00189621 0.999994 -0.204683 0.0158148 0.159723
FixedParameters: 0 0 0

#Transform 175
Transform: AffineTransform_float_3_3
Parameters: 0.999987 0.00431678 -0.00279054 -0.00431076 0.999988 0.0020642 0.00279933 -0.00205193 0.999994 -0.221347 -0.00119685 0.115463
FixedParameters: 0 0 0

#Transform 176
Transform: AffineTransform_float_3_3
Parameters: 0.999983 0.00444216 -0.00362296 -0.00443664 0.999989 0.00157762 0.00362948 -0.0015614 0.999993 -0.20117 -0.0117559 0.115036
FixedParameters: 0 0 0

#Transform 177
Transform: AffineTransform_float_3_3
Parameters: 0.999985 0.00449945 -0.00319051 -0.00449325 0.999988 0.0019428 0.0031996 -0.00192843 0.999993 -0.204635 -0.0253974 0.104318
FixedParameters: 0 0 0

#Transform 178
Transform: AffineTransform_float_3_3
Parameters: 0.999985 0.00457568 -0.00307907 -0.00457084 0.999988 0.00179275 0.00308689 -0.00177961 0.999994 -0.216446 -0.0676385 0.0984623
FixedParameters: 0 0 0

#Transform 179
Transform: AffineTransform_float_3_3
Parameters: 0.999983 0.00466984 -0.00334231 -0.00466484 0.999988 0.00155418 0.00334932 -0.00153819 0.999994 -0.212794 0.0148915 0.0978167
FixedParameters: 0 0 0

#Transform 180
Transform: AffineTransform_float_3_3
Parameters: 0.999984 0.00437271 -0.00344622 -0.00436254 0.999987 0.00296052 0.00345925 -0.00294515 0.99999 -0.211305 -0.100158 0.149085
FixedParameters: 0 0 0

#Transform 181
Transform: AffineTransform_float_3_3
Parameters: 0.999981 0.00462289 -0.0042547 -0.00459619 0.99997 0.00624404 0.0042835 -0.00622362 0.999971 -0.198839 -0.0548461 0.304678
FixedParameters: 0 0 0

#Transform 182
Transform: AffineTransform_float_3_3
Parameters: 0.999981 0.00446148 -0.00438462 -0.00444367 0.999982 0.00403088 0.00440244 -0.00401092 0.999983 -0.211637 -0.102394 0.174731
FixedParameters: 0 0 0

#Transform 183
Transform: AffineTransform_float_3_3
Parameters: 0.999984 0.00438121 -0.00371226 -0.00436703 0.999984 0.00375902 0.0037288 -0.00374307 0.999986 -0.212371 -0.0400192 0.161534
FixedParameters: 0 0 0

#Transform 184
Transform: AffineTransform_float_3_3
Parameters: 0.999985 0.00435859 -0.00327062 -0.00435037 0.999987 0.00269108 0.00328238 -0.0026763 0.999991 -0.23588 -0.00852129 0.107564
FixedParameters: 0 0 0

#Transform 185
Transform: AffineTransform_float_3_3
Parameters: 0.999981 0.00481084 -0.00388647 -0.00479976 0.999985 0.00285032 0.00390025 -0.00283175 0.999989 -0.227345 -0.0445143 0.0794073
FixedParameters: 0 0 0

#Transform 186
Transform: AffineTransform_float_3_3
Parameters: 0.999981 0.00488625 -0.00400204 -0.00488114 0.999988 0.0011199 0.00400709 -0.00109979 0.999991 -0.214213 0.0434775 0.173622
FixedParameters: 0 0 0

#Transform 187
Transform: AffineTransform_float_3_3
Parameters: 0.999981 0.00454132 -0.00418298 -0.00453787 0.999989 0.00078965 0.00418663 -0.000770508 0.999991 -0.197229 0.00667387 0.12262
FixedParameters: 0 0 0

#Transform 188
Transform: AffineTransform_float_3_3
Parameters: 0.999983 0.00464895 -0.00362719 -0.00464628 0.999989 0.000725092 0.00363066 -0.000707556 0.999993 -0.211657 -0.0031378 0.0755865
FixedParameters: 0 0 0

#Transform 189
Transform: AffineTransform_float_3_3
