# transform file /out/sourcedata/freesurfer/sub-v1s5x0050737_ses-1/mri/transforms/cc_up.lta
# created by oesteban on Tue Mar 10 05:26:41 2026

type      = 0 # LINEAR_VOX_TO_VOX
nxforms   = 1
mean      = 127.0000 101.0000 119.0000
sigma     = 10000.0000
1 4 4
9.933589696884155e-01 1.007501408457756e-01 -5.556478723883629e-02 -1.528599739074707e+00 
-1.005928888916969e-01 9.949118494987488e-01 5.626790225505829e-03 5.960124206542969e+01 
5.584896355867386e-02 -4.656612873077393e-10 9.984393119812012e-01 1.506693840026855e+01 
0.000000000000000e+00 0.000000000000000e+00 0.000000000000000e+00 1.000000000000000e+00 
src volume info
valid = 1  # volume info valid
filename = /out/sourcedata/freesurfer/sub-v1s5x0050737_ses-1/mri/norm.mgz
volume = 256 256 256
voxelsize = 1.000000000000000e+00 1.000000000000000e+00 1.000000000000000e+00
xras   = -1.000000000000000e+00 4.365574568510056e-09 0.000000000000000e+00
yras   = 0.000000000000000e+00 0.000000000000000e+00 -1.000000119209290e+00
zras   = -4.365574568510056e-09 1.000000000000000e+00 3.725290298461914e-09
cras   = -1.792144775390625e+00 7.141517639160156e+00 -1.576356506347656e+01
dst volume info
valid = 1  # volume info valid
filename = /out/sourcedata/freesurfer/sub-v1s5x0050737_ses-1/mri/norm.mgz
volume = 256 256 256
voxelsize = 1.000000000000000e+00 1.000000000000000e+00 1.000000000000000e+00
xras   = -1.000000000000000e+00 4.365574568510056e-09 0.000000000000000e+00
yras   = 0.000000000000000e+00 0.000000000000000e+00 -1.000000119209290e+00
zras   = -4.365574568510056e-09 1.000000000000000e+00 3.725290298461914e-09
cras   = -1.792144775390625e+00 7.141517639160156e+00 -1.576356506347656e+01
