# transform file transforms/talairach.lta
# created by oesteban on Tue Mar 10 04:29:19 2026

type      = 0 # LINEAR_VOX_TO_VOX
nxforms   = 1
mean      = 126.0000 101.0000 119.0000
sigma     = 10000.0000
1 4 4
1.062100648880005e+00 8.340331166982651e-02 -5.959363281726837e-02 -1.031821918487549e+01 
-6.527484953403473e-02 1.103036284446716e+00 1.716572344303131e-01 1.995828866958618e+00 
1.007076054811478e-01 -1.531076431274414e-01 9.591897726058960e-01 2.682124376296997e-01 
0.000000000000000e+00 0.000000000000000e+00 0.000000000000000e+00 1.000000000000000e+00 
src volume info
valid = 1  # volume info valid
filename = nu.mgz
volume = 256 256 256
voxelsize = 1.000000000000000e+00 1.000000000000000e+00 1.000000000000000e+00
xras   = -1.000000000000000e+00 4.365574568510056e-09 0.000000000000000e+00
yras   = 0.000000000000000e+00 0.000000000000000e+00 -1.000000119209290e+00
zras   = -4.365574568510056e-09 1.000000000000000e+00 3.725290298461914e-09
cras   = -1.792144775390625e+00 7.141517639160156e+00 -1.576356506347656e+01
dst volume info
valid = 1  # volume info valid
filename = /opt/freesurfer/average/RB_all_2020-01-02.gca
volume = 256 256 256
voxelsize = 1.000000000000000e+00 1.000000000000000e+00 1.000000000000000e+00
xras   = -1.000000000000000e+00 0.000000000000000e+00 0.000000000000000e+00
yras   = 0.000000000000000e+00 0.000000000000000e+00 -1.000000000000000e+00
zras   = 0.000000000000000e+00 1.000000000000000e+00 0.000000000000000e+00
cras   = 0.000000000000000e+00 0.000000000000000e+00 0.000000000000000e+00
