# transform file /out/sourcedata/freesurfer/sub-v1s5x0050757_ses-1/mri/transforms/cc_up.lta
# created by oesteban on Tue Mar 10 07:03:32 2026

type      = 0 # LINEAR_VOX_TO_VOX
nxforms   = 1
mean      = 130.0000 103.0000 119.0000
sigma     = 10000.0000
1 4 4
9.953171014785767e-01 4.934995993971825e-02 8.311696350574493e-02 -1.537414169311523e+01 
-4.917878285050392e-02 9.987815618515015e-01 -4.106822889298201e-03 4.797800445556641e+01 
-8.321835845708847e-02 0.000000000000000e+00 9.965313673019409e-01 2.422824096679688e+01 
0.000000000000000e+00 0.000000000000000e+00 0.000000000000000e+00 1.000000000000000e+00 
src volume info
valid = 1  # volume info valid
filename = /out/sourcedata/freesurfer/sub-v1s5x0050757_ses-1/mri/norm.mgz
volume = 256 256 256
voxelsize = 1.000000000000000e+00 1.000000000000000e+00 1.000000000000000e+00
xras   = -9.999999403953552e-01 5.238689482212067e-09 0.000000000000000e+00
yras   = 0.000000000000000e+00 -7.450580596923828e-09 -9.999999403953552e-01
zras   = 2.386514097452164e-09 9.999999403953552e-01 0.000000000000000e+00
cras   = 3.660728454589844e+00 7.238433837890625e+00 -9.451698303222656e+00
dst volume info
valid = 1  # volume info valid
filename = /out/sourcedata/freesurfer/sub-v1s5x0050757_ses-1/mri/norm.mgz
volume = 256 256 256
voxelsize = 1.000000000000000e+00 1.000000000000000e+00 1.000000000000000e+00
xras   = -9.999999403953552e-01 5.238689482212067e-09 0.000000000000000e+00
yras   = 0.000000000000000e+00 -7.450580596923828e-09 -9.999999403953552e-01
zras   = 2.386514097452164e-09 9.999999403953552e-01 0.000000000000000e+00
cras   = 3.660728454589844e+00 7.238433837890625e+00 -9.451698303222656e+00
