# transform file transforms/talairach.lta
# created by oesteban on Tue Mar 10 05:36:41 2026

type      = 0 # LINEAR_VOX_TO_VOX
nxforms   = 1
mean      = 130.0000 103.0000 118.0000
sigma     = 10000.0000
1 4 4
1.141260623931885e+00 5.147689953446388e-02 8.259229362010956e-02 -3.610035324096680e+01 
-4.722151532769203e-02 1.217081069946289e+00 -9.498790837824345e-03 2.567402601242065e+00 
-1.023657843470573e-01 1.870256662368774e-02 1.008931279182434e+00 1.562033534049988e+00 
0.000000000000000e+00 0.000000000000000e+00 0.000000000000000e+00 1.000000000000000e+00 
src volume info
valid = 1  # volume info valid
filename = nu.mgz
volume = 256 256 256
voxelsize = 1.000000000000000e+00 1.000000000000000e+00 1.000000000000000e+00
xras   = -9.999999403953552e-01 5.238689482212067e-09 0.000000000000000e+00
yras   = 0.000000000000000e+00 -7.450580596923828e-09 -9.999999403953552e-01
zras   = 2.386514097452164e-09 9.999999403953552e-01 0.000000000000000e+00
cras   = 3.660728454589844e+00 7.238433837890625e+00 -9.451698303222656e+00
dst volume info
valid = 1  # volume info valid
filename = /opt/freesurfer/average/RB_all_2020-01-02.gca
volume = 256 256 256
voxelsize = 1.000000000000000e+00 1.000000000000000e+00 1.000000000000000e+00
xras   = -1.000000000000000e+00 0.000000000000000e+00 0.000000000000000e+00
yras   = 0.000000000000000e+00 0.000000000000000e+00 -1.000000000000000e+00
zras   = 0.000000000000000e+00 1.000000000000000e+00 0.000000000000000e+00
cras   = 0.000000000000000e+00 0.000000000000000e+00 0.000000000000000e+00
