type      = 0 # LINEAR_VOX_TO_VOX
nxforms   = 1
mean      = 0.0000 0.0000 0.0000
sigma     = 1.0000
1 4 4
1.133350849151611e+00 4.098199680447578e-02 8.858199417591095e-02 -3.328903198242188e+01 
-4.670099541544914e-02 1.169427871704102e+00 -2.321699820458889e-02 9.391357421875000e+00 
-1.112899854779243e-01 2.429992193356156e-03 1.030441880226135e+00 9.797363281250000e-01 
0.000000000000000e+00 0.000000000000000e+00 0.000000000000000e+00 1.000000000000000e+00 
src volume info
valid = 1  # volume info valid
filename = /out/sourcedata/freesurfer/sub-v1s5x0050757_ses-1/mri/orig.mgz
volume = 256 256 256
voxelsize = 1.000000000000000e+00 1.000000000000000e+00 1.000000000000000e+00
xras   = -9.999999403953552e-01 5.238689482212067e-09 0.000000000000000e+00
yras   = 0.000000000000000e+00 -7.450580596923828e-09 -9.999999403953552e-01
zras   = 2.386514097452164e-09 9.999999403953552e-01 0.000000000000000e+00
cras   = 3.660728454589844e+00 7.238433837890625e+00 -9.451698303222656e+00
dst volume info
valid = 1  # volume info valid
filename = /opt/freesurfer/average/mni305.cor.mgz
volume = 256 256 256
voxelsize = 1.000000000000000e+00 1.000000000000000e+00 1.000000000000000e+00
xras   = -1.000000000000000e+00 0.000000000000000e+00 0.000000000000000e+00
yras   = 0.000000000000000e+00 0.000000000000000e+00 -1.000000000000000e+00
zras   = 0.000000000000000e+00 1.000000000000000e+00 0.000000000000000e+00
cras   = 0.000000000000000e+00 0.000000000000000e+00 0.000000000000000e+00
subject fsaverage
fscale 0.100000
