# transform file /out/sourcedata/freesurfer/sub-v1s5x0050725_ses-1/mri/transforms/cc_up.lta
# created by oesteban on Tue Mar 10 05:05:59 2026

type      = 0 # LINEAR_VOX_TO_VOX
nxforms   = 1
mean      = 128.0000 110.0000 114.0000
sigma     = 10000.0000
1 4 4
9.999582767486572e-01 -1.703904708847404e-03 -8.974534459412098e-03 3.124438762664795e+00 
1.703836140222847e-03 9.999985098838806e-01 -1.529177461634390e-05 3.978709411621094e+01 
8.974547497928143e-03 0.000000000000000e+00 9.999597668647766e-01 1.887355804443359e+01 
0.000000000000000e+00 0.000000000000000e+00 0.000000000000000e+00 1.000000000000000e+00 
src volume info
valid = 1  # volume info valid
filename = /out/sourcedata/freesurfer/sub-v1s5x0050725_ses-1/mri/norm.mgz
volume = 256 256 256
voxelsize = 1.000000000000000e+00 1.000000000000000e+00 1.000000000000000e+00
xras   = -1.000000000000000e+00 2.328306436538696e-10 3.725290298461914e-09
yras   = 3.725290298461914e-09 7.450580596923828e-09 -1.000000119209290e+00
zras   = -2.328306436538696e-10 1.000000119209290e+00 -7.450580596923828e-09
cras   = 5.736846923828125e-01 3.595291137695312e+00 -2.248713684082031e+01
dst volume info
valid = 1  # volume info valid
filename = /out/sourcedata/freesurfer/sub-v1s5x0050725_ses-1/mri/norm.mgz
volume = 256 256 256
voxelsize = 1.000000000000000e+00 1.000000000000000e+00 1.000000000000000e+00
xras   = -1.000000000000000e+00 2.328306436538696e-10 3.725290298461914e-09
yras   = 3.725290298461914e-09 7.450580596923828e-09 -1.000000119209290e+00
zras   = -2.328306436538696e-10 1.000000119209290e+00 -7.450580596923828e-09
cras   = 5.736846923828125e-01 3.595291137695312e+00 -2.248713684082031e+01
