type      = 0 # LINEAR_VOX_TO_VOX
nxforms   = 1
mean      = 0.0000 0.0000 0.0000
sigma     = 1.0000
1 4 4
1.067396998405457e+00 -2.374300733208656e-02 -8.719000965356827e-03 -3.861740112304688e+00 
3.327599540352821e-02 1.001493096351624e+00 1.481460332870483e-01 -6.073776245117188e+00 
2.410800009965897e-02 -1.961450129747391e-01 1.041219115257263e+00 8.744888305664062e+00 
0.000000000000000e+00 0.000000000000000e+00 0.000000000000000e+00 1.000000000000000e+00 
src volume info
valid = 1  # volume info valid
filename = /out/sourcedata/freesurfer/sub-v1s5x0050725_ses-1/mri/orig.mgz
volume = 256 256 256
voxelsize = 1.000000000000000e+00 1.000000000000000e+00 1.000000000000000e+00
xras   = -1.000000000000000e+00 2.328306436538696e-10 3.725290298461914e-09
yras   = 3.725290298461914e-09 7.450580596923828e-09 -1.000000119209290e+00
zras   = -2.328306436538696e-10 1.000000119209290e+00 -7.450580596923828e-09
cras   = 5.736846923828125e-01 3.595291137695312e+00 -2.248713684082031e+01
dst volume info
valid = 1  # volume info valid
filename = /opt/freesurfer/average/mni305.cor.mgz
volume = 256 256 256
voxelsize = 1.000000000000000e+00 1.000000000000000e+00 1.000000000000000e+00
xras   = -1.000000000000000e+00 0.000000000000000e+00 0.000000000000000e+00
yras   = 0.000000000000000e+00 0.000000000000000e+00 -1.000000000000000e+00
zras   = 0.000000000000000e+00 1.000000000000000e+00 0.000000000000000e+00
cras   = 0.000000000000000e+00 0.000000000000000e+00 0.000000000000000e+00
subject fsaverage
fscale 0.100000
