# transform file transforms/talairach.lta
# created by oesteban on Tue Mar 10 03:49:10 2026

type      = 0 # LINEAR_VOX_TO_VOX
nxforms   = 1
mean      = 128.0000 110.0000 115.0000
sigma     = 10000.0000
1 4 4
1.039773941040039e+00 -1.557601429522038e-02 -1.079320907592773e-02 -2.470936059951782e+00 
1.829302869737148e-02 1.091614842414856e+00 1.712886989116669e-01 -1.603527259826660e+01 
8.185395970940590e-03 -1.248086169362068e-01 1.030845880508423e+00 4.890520095825195e+00 
0.000000000000000e+00 0.000000000000000e+00 0.000000000000000e+00 1.000000000000000e+00 
src volume info
valid = 1  # volume info valid
filename = nu.mgz
volume = 256 256 256
voxelsize = 1.000000000000000e+00 1.000000000000000e+00 1.000000000000000e+00
xras   = -1.000000000000000e+00 2.328306436538696e-10 3.725290298461914e-09
yras   = 3.725290298461914e-09 7.450580596923828e-09 -1.000000119209290e+00
zras   = -2.328306436538696e-10 1.000000119209290e+00 -7.450580596923828e-09
cras   = 5.736846923828125e-01 3.595291137695312e+00 -2.248713684082031e+01
dst volume info
valid = 1  # volume info valid
filename = /opt/freesurfer/average/RB_all_2020-01-02.gca
volume = 256 256 256
voxelsize = 1.000000000000000e+00 1.000000000000000e+00 1.000000000000000e+00
xras   = -1.000000000000000e+00 0.000000000000000e+00 0.000000000000000e+00
yras   = 0.000000000000000e+00 0.000000000000000e+00 -1.000000000000000e+00
zras   = 0.000000000000000e+00 1.000000000000000e+00 0.000000000000000e+00
cras   = 0.000000000000000e+00 0.000000000000000e+00 0.000000000000000e+00
