type      = 1 # LINEAR_RAS_TO_RAS
nxforms   = 1
mean      = 0.0000 0.0000 0.0000
sigma     = 1.0000
1 4 4
1.067396998405457e+00 8.719000034034252e-03 -2.374299988150597e-02 -1.787551999092102e+00 
-2.410800009965897e-02 1.041218996047974e+00 1.961449980735779e-01 -7.318717956542969e+00 
3.327599912881851e-02 -1.481460034847260e-01 1.001492977142334e+00 5.694884777069092e+00 
0.000000000000000e+00 0.000000000000000e+00 0.000000000000000e+00 1.000000000000000e+00 
src volume info
valid = 1  # volume info valid
filename = /out/sourcedata/freesurfer/sub-v1s5x0050725_ses-1/mri/orig_nu.mgz
volume = 256 256 256
voxelsize = 1.000000000000000e+00 1.000000000000000e+00 1.000000000000000e+00
xras   = -1.000000000000000e+00 2.328306436538696e-10 3.725290298461914e-09
yras   = 3.725290298461914e-09 7.450580596923828e-09 -1.000000119209290e+00
zras   = -2.328306436538696e-10 1.000000119209290e+00 -7.450580596923828e-09
cras   = 5.736846923828125e-01 3.595291137695312e+00 -2.248713684082031e+01
dst volume info
valid = 1  # volume info valid
filename = /opt/freesurfer/average/mni305.cor.mgz
volume = 256 256 256
voxelsize = 1.000000000000000e+00 1.000000000000000e+00 1.000000000000000e+00
xras   = -1.000000000000000e+00 0.000000000000000e+00 0.000000000000000e+00
yras   = 0.000000000000000e+00 0.000000000000000e+00 -1.000000000000000e+00
zras   = 0.000000000000000e+00 1.000000000000000e+00 0.000000000000000e+00
cras   = 0.000000000000000e+00 0.000000000000000e+00 0.000000000000000e+00
subject fsaverage
fscale 0.100000
