# transform file /out/sourcedata/freesurfer/sub-v1s5x0050726_ses-1/mri/transforms/cc_up.lta
# created by oesteban on Tue Mar 10 05:06:26 2026

type      = 0 # LINEAR_VOX_TO_VOX
nxforms   = 1
mean      = 127.0000 113.0000 116.0000
sigma     = 10000.0000
1 4 4
9.985073208808899e-01 4.002095386385918e-02 -3.716519847512245e-02 1.810662746429443e+00 
-3.999326005578041e-02 9.991987347602844e-01 1.488579320721328e-03 4.098050689697266e+01 
3.719499707221985e-02 0.000000000000000e+00 9.993079304695129e-01 1.836382293701172e+01 
0.000000000000000e+00 0.000000000000000e+00 0.000000000000000e+00 1.000000000000000e+00 
src volume info
valid = 1  # volume info valid
filename = /out/sourcedata/freesurfer/sub-v1s5x0050726_ses-1/mri/norm.mgz
volume = 256 256 256
voxelsize = 1.000000000000000e+00 1.000000000000000e+00 1.000000000000000e+00
xras   = -1.000000119209290e+00 1.164153218269348e-09 3.725290298461914e-09
yras   = -3.725290298461914e-09 7.450580596923828e-09 -1.000000000000000e+00
zras   = 1.629814505577087e-09 1.000000000000000e+00 -7.450580596923828e-09
cras   = -1.634979248046875e-02 9.660545349121094e+00 -2.282646942138672e+01
dst volume info
valid = 1  # volume info valid
filename = /out/sourcedata/freesurfer/sub-v1s5x0050726_ses-1/mri/norm.mgz
volume = 256 256 256
voxelsize = 1.000000000000000e+00 1.000000000000000e+00 1.000000000000000e+00
xras   = -1.000000119209290e+00 1.164153218269348e-09 3.725290298461914e-09
yras   = -3.725290298461914e-09 7.450580596923828e-09 -1.000000000000000e+00
zras   = 1.629814505577087e-09 1.000000000000000e+00 -7.450580596923828e-09
cras   = -1.634979248046875e-02 9.660545349121094e+00 -2.282646942138672e+01
