# transform file transforms/talairach.lta
# created by oesteban on Tue Mar 10 03:53:16 2026

type      = 0 # LINEAR_VOX_TO_VOX
nxforms   = 1
mean      = 127.0000 113.0000 116.0000
sigma     = 10000.0000
1 4 4
1.051897764205933e+00 3.956450894474983e-02 -2.403409592807293e-02 -8.538665771484375e+00 
-3.387928009033203e-02 1.071226835250854e+00 1.433266848325729e-01 -6.264991760253906e+00 
3.848281875252724e-02 -9.791422635316849e-02 1.033232688903809e+00 -3.379049062728882e+00 
0.000000000000000e+00 0.000000000000000e+00 0.000000000000000e+00 1.000000000000000e+00 
src volume info
valid = 1  # volume info valid
filename = nu.mgz
volume = 256 256 256
voxelsize = 1.000000000000000e+00 1.000000000000000e+00 1.000000000000000e+00
xras   = -1.000000119209290e+00 1.164153218269348e-09 3.725290298461914e-09
yras   = -3.725290298461914e-09 7.450580596923828e-09 -1.000000000000000e+00
zras   = 1.629814505577087e-09 1.000000000000000e+00 -7.450580596923828e-09
cras   = -1.634979248046875e-02 9.660545349121094e+00 -2.282646942138672e+01
dst volume info
valid = 1  # volume info valid
filename = /opt/freesurfer/average/RB_all_2020-01-02.gca
volume = 256 256 256
voxelsize = 1.000000000000000e+00 1.000000000000000e+00 1.000000000000000e+00
xras   = -1.000000000000000e+00 0.000000000000000e+00 0.000000000000000e+00
yras   = 0.000000000000000e+00 0.000000000000000e+00 -1.000000000000000e+00
zras   = 0.000000000000000e+00 1.000000000000000e+00 0.000000000000000e+00
cras   = 0.000000000000000e+00 0.000000000000000e+00 0.000000000000000e+00
