type      = 1 # LINEAR_RAS_TO_RAS
nxforms   = 1
mean      = 0.0000 0.0000 0.0000
sigma     = 1.0000
1 4 4
1.127303004264832e+00 3.839400038123131e-02 3.505999967455864e-02 -8.704990148544312e-01 
-4.690799862146378e-02 1.091547966003418e+00 2.352070063352585e-01 -1.305825042724609e+01 
9.500000305706635e-05 -2.431039959192276e-01 1.097437977790833e+00 6.622344970703125e+00 
0.000000000000000e+00 0.000000000000000e+00 0.000000000000000e+00 1.000000000000000e+00 
src volume info
valid = 1  # volume info valid
filename = /out/sourcedata/freesurfer/sub-v1s5x0050726_ses-1/mri/orig_nu.mgz
volume = 256 256 256
voxelsize = 1.000000000000000e+00 1.000000000000000e+00 1.000000000000000e+00
xras   = -1.000000119209290e+00 1.164153218269348e-09 3.725290298461914e-09
yras   = -3.725290298461914e-09 7.450580596923828e-09 -1.000000000000000e+00
zras   = 1.629814505577087e-09 1.000000000000000e+00 -7.450580596923828e-09
cras   = -1.634979248046875e-02 9.660545349121094e+00 -2.282646942138672e+01
dst volume info
valid = 1  # volume info valid
filename = /opt/freesurfer/average/mni305.cor.mgz
volume = 256 256 256
voxelsize = 1.000000000000000e+00 1.000000000000000e+00 1.000000000000000e+00
xras   = -1.000000000000000e+00 0.000000000000000e+00 0.000000000000000e+00
yras   = 0.000000000000000e+00 0.000000000000000e+00 -1.000000000000000e+00
zras   = 0.000000000000000e+00 1.000000000000000e+00 0.000000000000000e+00
cras   = 0.000000000000000e+00 0.000000000000000e+00 0.000000000000000e+00
subject fsaverage
fscale 0.100000
