# transform file /out/sourcedata/freesurfer/sub-v1s5x0050730_ses-1/mri/transforms/cc_up.lta
# created by oesteban on Tue Mar 10 05:27:47 2026

type      = 0 # LINEAR_VOX_TO_VOX
nxforms   = 1
mean      = 131.0000 106.0000 120.0000
sigma     = 10000.0000
1 4 4
9.993461966514587e-01 3.354767337441444e-02 1.348858792334795e-02 -7.063540458679199e+00 
-3.354461863636971e-02 9.994372129440308e-01 -4.527655546553433e-04 4.048179626464844e+01 
-1.349618379026651e-02 0.000000000000000e+00 9.999089837074280e-01 1.777214813232422e+01 
0.000000000000000e+00 0.000000000000000e+00 0.000000000000000e+00 1.000000000000000e+00 
src volume info
valid = 1  # volume info valid
filename = /out/sourcedata/freesurfer/sub-v1s5x0050730_ses-1/mri/norm.mgz
volume = 256 256 256
voxelsize = 1.000000000000000e+00 1.000000000000000e+00 1.000000000000000e+00
xras   = -9.999999403953552e-01 -2.328306436538696e-10 1.862645149230957e-09
yras   = 3.725290298461914e-09 0.000000000000000e+00 -1.000000000000000e+00
zras   = 9.313225746154785e-10 1.000000000000000e+00 0.000000000000000e+00
cras   = 6.632026672363281e+00 1.303169250488281e+00 -6.902702331542969e+00
dst volume info
valid = 1  # volume info valid
filename = /out/sourcedata/freesurfer/sub-v1s5x0050730_ses-1/mri/norm.mgz
volume = 256 256 256
voxelsize = 1.000000000000000e+00 1.000000000000000e+00 1.000000000000000e+00
xras   = -9.999999403953552e-01 -2.328306436538696e-10 1.862645149230957e-09
yras   = 3.725290298461914e-09 0.000000000000000e+00 -1.000000000000000e+00
zras   = 9.313225746154785e-10 1.000000000000000e+00 0.000000000000000e+00
cras   = 6.632026672363281e+00 1.303169250488281e+00 -6.902702331542969e+00
