type      = 1 # LINEAR_RAS_TO_RAS
nxforms   = 1
mean      = 0.0000 0.0000 0.0000
sigma     = 1.0000
1 4 4
1.093727946281433e+00 -9.944000281393528e-03 2.163299918174744e-02 -5.346312999725342e+00 
-1.748000038787723e-03 1.053653001785278e+00 1.415100041776896e-02 -1.158889770507812e+01 
-2.057000063359737e-02 9.051699936389923e-02 1.158885955810547e+00 -7.444084167480469e+00 
0.000000000000000e+00 0.000000000000000e+00 0.000000000000000e+00 1.000000000000000e+00 
src volume info
valid = 1  # volume info valid
filename = /out/sourcedata/freesurfer/sub-v1s5x0050730_ses-1/mri/orig_nu.mgz
volume = 256 256 256
voxelsize = 1.000000000000000e+00 1.000000000000000e+00 1.000000000000000e+00
xras   = -9.999999403953552e-01 -2.328306436538696e-10 1.862645149230957e-09
yras   = 3.725290298461914e-09 0.000000000000000e+00 -1.000000000000000e+00
zras   = 9.313225746154785e-10 1.000000000000000e+00 0.000000000000000e+00
cras   = 6.632026672363281e+00 1.303169250488281e+00 -6.902702331542969e+00
dst volume info
valid = 1  # volume info valid
filename = /opt/freesurfer/average/mni305.cor.mgz
volume = 256 256 256
voxelsize = 1.000000000000000e+00 1.000000000000000e+00 1.000000000000000e+00
xras   = -1.000000000000000e+00 0.000000000000000e+00 0.000000000000000e+00
yras   = 0.000000000000000e+00 0.000000000000000e+00 -1.000000000000000e+00
zras   = 0.000000000000000e+00 1.000000000000000e+00 0.000000000000000e+00
cras   = 0.000000000000000e+00 0.000000000000000e+00 0.000000000000000e+00
subject fsaverage
fscale 0.100000
