#Insight Transform File V1.0
#Transform 0
Transform: AffineTransform_float_3_3
Parameters: 0.999999 -0.000368317 -0.000644035 0.000368899 1 0.000451928 0.000643702 -0.000452403 0.999999 0.038264 0.0188047 -0.00491187
FixedParameters: 0 0 0

#Transform 1
Transform: AffineTransform_float_3_3
Parameters: 1 -0.000262601 -0.000169736 0.0002634 1 -0.000547758 0.000170035 0.000547576 1 0.0212011 -0.0131738 -0.0931169
FixedParameters: 0 0 0

#Transform 2
Transform: AffineTransform_float_3_3
Parameters: 1 -0.000133882 3.72753e-05 0.000133921 1 -0.000520436 -3.71359e-05 0.000520446 1 0.0100917 0.047965 -0.065326
FixedParameters: 0 0 0

#Transform 3
Transform: AffineTransform_float_3_3
Parameters: 1 4.78825e-05 -0.000123902 -4.801e-05 1 -0.000515091 0.000123853 0.000515103 1 0.021125 -0.00870673 -0.0649712
FixedParameters: 0 0 0

#Transform 4
Transform: AffineTransform_float_3_3
Parameters: 1 4.69572e-05 0.000140403 -4.68178e-05 1 -0.000495937 -0.000140449 0.000495924 1 0.0142099 -0.00355032 -0.0109084
FixedParameters: 0 0 0

#Transform 5
Transform: AffineTransform_float_3_3
Parameters: 1 4.82553e-05 3.73986e-05 -4.82168e-05 1 -0.000513384 -3.74481e-05 0.000513381 1 0.0107969 0.0710197 -0.0381116
FixedParameters: 0 0 0

#Transform 6
Transform: AffineTransform_float_3_3
Parameters: 1 5.42315e-05 4.20248e-05 -5.41829e-05 1 -0.000576937 -4.20872e-05 0.000576932 1 0.0125138 0.00490637 -0.0382377
FixedParameters: 0 0 0

#Transform 7
Transform: AffineTransform_float_3_3
Parameters: 1 5.50084e-05 -0.000516377 -5.56336e-05 1 -0.000605422 0.00051631 0.000605479 0.999999 0.0175531 0.051586 -0.0344317
FixedParameters: 0 0 0

#Transform 8
Transform: AffineTransform_float_3_3
Parameters: 0.999999 8.71663e-05 -0.000688199 -8.74982e-05 0.999999 -0.000957351 0.000688229 0.000957384 1 0.0297773 0.0128357 -0.034353
FixedParameters: 0 0 0

#Transform 9
Transform: AffineTransform_float_3_3
Parameters: 0.999999 4.81602e-05 -0.000826721 -4.90581e-05 1 -0.000543065 0.000826668 0.000543145 0.999999 0.0160355 0.0669921 0.0454824
FixedParameters: 0 0 0

#Transform 10
Transform: AffineTransform_float_3_3
Parameters: 1 4.46419e-05 -0.000479447 -4.51146e-05 1 -0.000492944 0.000479402 0.000492987 1 0.0126932 0.00451236 -0.0479749
FixedParameters: 0 0 0

#Transform 11
Transform: AffineTransform_float_3_3
Parameters: 1 6.05965e-07 -0.000433728 -6.22853e-07 1 -1.94743e-05 0.000433728 1.94749e-05 1 0.0114045 -0.0193045 -0.0172537
FixedParameters: 0 0 0

#Transform 12
Transform: AffineTransform_float_3_3
Parameters: 1 3.8214e-05 -0.000985568 -3.89386e-05 1 -0.000440791 0.000985535 0.000440859 1 0.0185321 0.0524025 -0.00397494
FixedParameters: 0 0 0

#Transform 13
Transform: AffineTransform_float_3_3
Parameters: 1 -8.67942e-05 -0.000558898 8.76718e-05 1 0.000913757 0.000558924 -0.00091384 1 -0.0183292 -0.0418997 0.0333821
FixedParameters: 0 0 0

#Transform 14
Transform: AffineTransform_float_3_3
Parameters: 0.999999 -9.22759e-05 -0.000936653 9.29552e-05 1 0.00096528 0.000936648 -0.000965347 0.999999 0.0164313 0.0191613 0.02698
FixedParameters: 0 0 0

#Transform 15
Transform: AffineTransform_float_3_3
Parameters: 1 5.00728e-05 -0.000464467 -4.99642e-05 1 0.000116886 0.000464479 -0.00011684 1 0.0160854 -0.0255126 -0.00732789
FixedParameters: 0 0 0

#Transform 16
Transform: AffineTransform_float_3_3
Parameters: 1 -5.98578e-05 -0.000129581 6.00223e-05 1 0.000635469 0.000129505 -0.000635484 1 0.0150442 0.00885382 -0.0025414
FixedParameters: 0 0 0

#Transform 17
Transform: AffineTransform_float_3_3
Parameters: 1 -3.89667e-05 -0.000204395 3.91344e-05 1 0.000410426 0.000204363 -0.000410442 1 0.0178731 -0.0166241 -0.0345195
FixedParameters: 0 0 0

#Transform 18
Transform: AffineTransform_float_3_3
Parameters: 1 -4.36518e-05 -0.000116968 4.376e-05 1 0.000462689 0.000116928 -0.000462699 1 0.0112153 0.0200211 -0.0346579
FixedParameters: 0 0 0

#Transform 19
Transform: AffineTransform_float_3_3
Parameters: 1 4.43771e-05 -0.000169725 -4.43139e-05 1 0.000186161 0.000169741 -0.000186146 1 0.010035 0.0225979 -0.0474439
FixedParameters: 0 0 0

#Transform 20
Transform: AffineTransform_float_3_3
Parameters: 1 -1.76573e-05 -9.67557e-05 1.76932e-05 1 0.000185645 9.67491e-05 -0.000185648 1 0.00879095 -0.0107719 0.0145241
FixedParameters: 0 0 0

#Transform 21
Transform: AffineTransform_float_3_3
Parameters: 1 0.000124585 -0.00031265 -0.000124657 1 3.22643e-05 0.00031273 -3.31793e-05 1 0.000497092 0.0418877 -0.025457
FixedParameters: 0 0 0

#Transform 22
Transform: AffineTransform_float_3_3
Parameters: 1 3.50062e-06 -8.0321e-05 -3.507e-06 1 -3.97651e-05 8.03207e-05 3.97657e-05 1 -0.00279005 0.00860976 0.00146744
FixedParameters: 0 0 0

#Transform 23
Transform: AffineTransform_float_3_3
Parameters: 1 -8.24434e-06 -8.94421e-05 8.2596e-06 1 8.53523e-05 8.94407e-05 -8.53537e-05 1 -0.00209471 0.0136156 -0.0713963
FixedParameters: 0 0 0

#Transform 24
Transform: AffineTransform_float_3_3
Parameters: 1 -1.43024e-05 -9.41486e-05 1.43306e-05 1 0.000149897 9.41443e-05 -0.0001499 1 0.00313495 -0.0274575 -0.0252997
FixedParameters: 0 0 0

#Transform 25
Transform: AffineTransform_float_3_3
Parameters: 1 0.00013067 2.58785e-05 -0.000130676 1 0.000106808 -2.58506e-05 -0.000106815 1 0.00410782 0.0263719 -0.0493716
FixedParameters: 0 0 0

#Transform 26
Transform: AffineTransform_float_3_3
Parameters: 1 3.31865e-05 0.000112746 -3.31075e-05 1 -0.000350199 -0.000112769 0.000350192 1 0.0040481 0.00124131 -0.0462494
FixedParameters: 0 0 0

#Transform 27
Transform: AffineTransform_float_3_3
Parameters: 1 0.000137384 4.54956e-05 -0.000137381 1 -3.91689e-05 -4.55064e-05 3.91564e-05 1 0.00168165 0.0220144 -0.0740917
FixedParameters: 0 0 0

#Transform 28
Transform: AffineTransform_float_3_3
Parameters: 1 -1.46341e-05 3.06676e-05 1.46245e-05 1 0.000156954 -3.06722e-05 -0.000156953 1 0.00426206 0.0166877 -0.0527426
FixedParameters: 0 0 0

#Transform 29
Transform: AffineTransform_float_3_3
Parameters: 1 3.23235e-05 6.70688e-05 -3.22775e-05 1 -0.000342529 -6.70909e-05 0.000342525 1 3.41171e-06 0.00181605 -0.0743227
FixedParameters: 0 0 0

#Transform 30
Transform: AffineTransform_float_3_3
Parameters: 1 6.34308e-05 9.11416e-05 -6.33079e-05 1 -0.000673203 -9.12268e-05 0.000673191 1 -0.0172412 0.0342936 -0.0731868
FixedParameters: 0 0 0

#Transform 31
Transform: AffineTransform_float_3_3
Parameters: 1 4.55851e-07 -0.000254764 -4.6221e-07 1 -1.24857e-05 0.000254764 1.2486e-05 1 0.0123679 0.017084 -0.0727494
FixedParameters: 0 0 0

#Transform 32
Transform: AffineTransform_float_3_3
Parameters: 1 7.84716e-05 1.57842e-05 -7.8445e-05 0.999999 -0.000836385 -1.59153e-05 0.000836383 0.999999 0.000413895 0.0939817 -0.07448
FixedParameters: 0 0 0

#Transform 33
Transform: AffineTransform_float_3_3
Parameters: 1 3.25503e-06 -0.000396649 -3.2921e-06 1 -4.67319e-05 0.000396649 4.67346e-05 1 0.0203054 0.0358151 -0.0723334
FixedParameters: 0 0 0

#Transform 34
Transform: AffineTransform_float_3_3
Parameters: 1 6.24572e-05 -0.000460582 -6.30864e-05 1 -0.000683231 0.000460497 0.000683289 0.999999 0.0238181 0.0183941 -0.100028
FixedParameters: 0 0 0

#Transform 35
Transform: AffineTransform_float_3_3
Parameters: 1 2.79651e-05 -2.03271e-05 -2.79772e-05 1 -0.000298952 2.03104e-05 0.000298953 1 0.00577847 0.0233306 -0.0705663
FixedParameters: 0 0 0

#Transform 36
Transform: AffineTransform_float_3_3
Parameters: 1 5.62624e-05 -5.94042e-05 -5.63338e-05 1 -0.000602255 5.93365e-05 0.000602262 1 0.0131153 -0.021317 -0.0846974
FixedParameters: 0 0 0

#Transform 37
Transform: AffineTransform_float_3_3
Parameters: 1 1.63008e-05 -0.000224437 -1.6382e-05 1 -0.000180984 0.000224431 0.000180991 1 0.0156144 0.00671472 -0.0696695
FixedParameters: 0 0 0

#Transform 38
Transform: AffineTransform_float_3_3
Parameters: 1 7.98679e-05 -4.11249e-05 -7.99379e-05 0.999999 -0.000853485 4.09887e-05 0.000853491 0.999999 0.00282738 0.0722561 -0.0924724
FixedParameters: 0 0 0

#Transform 39
Transform: AffineTransform_float_3_3
Parameters: 1 5.35313e-05 0.000515505 -5.29614e-05 1 -0.000552608 -0.000515564 0.000552553 0.999999 -0.0201676 0.0254033 -0.104917
FixedParameters: 0 0 0

#Transform 40
Transform: AffineTransform_float_3_3
Parameters: 1 8.09913e-05 0.000255689 -8.05544e-05 0.999999 -0.000853945 -0.000255827 0.000853904 0.999999 0.00931382 -0.0259658 -0.144619
FixedParameters: 0 0 0

#Transform 41
Transform: AffineTransform_float_3_3
Parameters: 1 0.000101783 0.000369392 -0.000101655 0.999998 -0.00170065 -0.000369377 0.00170069 0.999999 -0.018768 0.104591 -0.136499
FixedParameters: 0 0 0

#Transform 42
Transform: AffineTransform_float_3_3
Parameters: 1 0.000105627 0.000375795 -0.000104935 1 -0.00111179 -0.000375844 0.00111172 1 -0.00387589 0.0899349 -0.157219
FixedParameters: 0 0 0

#Transform 43
Transform: AffineTransform_float_3_3
Parameters: 1 -0.000247479 0.00109595 0.000248945 0.999999 -0.00168025 -0.00109586 0.00167993 0.999998 -0.00462603 -0.0148932 -0.238099
FixedParameters: 0 0 0

#Transform 44
Transform: AffineTransform_float_3_3
Parameters: 0.999999 0.000159293 0.000886774 -0.000157482 0.999998 -0.00165771 -0.000886938 0.00165754 0.999998 -0.00105932 0.0810315 -0.216979
FixedParameters: 0 0 0

#Transform 45
Transform: AffineTransform_float_3_3
Parameters: 1 -0.000187492 0.00111499 0.000189696 0.999998 -0.00194019 -0.00111507 0.00194073 0.999997 -0.0103371 0.0914678 -0.216182
FixedParameters: 0 0 0

#Transform 46
Transform: AffineTransform_float_3_3
Parameters: 1 -0.000516194 0.000947221 0.000517466 0.999999 -0.00124588 -0.000946852 0.00124589 0.999999 -0.0013145 0.0505036 -0.208399
FixedParameters: 0 0 0

#Transform 47
Transform: AffineTransform_float_3_3
Parameters: 1 -0.0002795 0.00114114 0.00028178 0.999999 -0.00143429 -0.00114114 0.00143495 0.999999 0.00782719 0.0316643 -0.200753
FixedParameters: 0 0 0

#Transform 48
Transform: AffineTransform_float_3_3
Parameters: 0.999999 -0.000243739 0.00133409 0.000245442 0.999999 -0.00141174 -0.00133317 0.00141159 0.999998 -0.00394037 0.086861 -0.203603
FixedParameters: 0 0 0

#Transform 49
Transform: AffineTransform_float_3_3
Parameters: 0.999999 -0.000218719 0.00146507 0.000219837 1 -0.00108863 -0.00146534 0.0010884 0.999999 -0.0049362 0.01832 -0.218765
FixedParameters: 0 0 0

#Transform 50
Transform: AffineTransform_float_3_3
Parameters: 0.999999 -8.92875e-05 0.00128335 9.14311e-05 0.999998 -0.00204561 -0.00128362 0.00204607 0.999997 -0.000573314 0.0789665 -0.218456
FixedParameters: 0 0 0

#Transform 51
Transform: AffineTransform_float_3_3
Parameters: 0.999999 -6.82302e-05 0.00132816 6.92876e-05 0.999999 -0.00160025 -0.00132772 0.00159973 0.999998 -0.00079678 0.0660319 -0.218438
FixedParameters: 0 0 0

#Transform 52
Transform: AffineTransform_float_3_3
Parameters: 0.999999 -2.94592e-05 0.00156618 3.27954e-05 0.999997 -0.00241722 -0.0015665 0.00241765 0.999996 -0.000785164 0.0524011 -0.195987
FixedParameters: 0 0 0

#Transform 53
Transform: AffineTransform_float_3_3
Parameters: 0.999998 1.82415e-05 0.00179125 -1.38885e-05 0.999997 -0.00242163 -0.00179055 0.00242099 0.999996 -0.00688738 0.022242 -0.247189
FixedParameters: 0 0 0

#Transform 54
Transform: AffineTransform_float_3_3
Parameters: 0.999998 -7.00802e-05 0.00175274 7.29422e-05 0.999999 -0.00172965 -0.00175306 0.00172913 0.999997 0.00133374 0.0113587 -0.191828
FixedParameters: 0 0 0

#Transform 55
Transform: AffineTransform_float_3_3
Parameters: 0.999998 0.000161269 0.00177055 -0.000157358 0.999997 -0.00230014 -0.00177175 0.00229991 0.999996 -0.0212872 0.0780568 -0.242369
FixedParameters: 0 0 0

#Transform 56
Transform: AffineTransform_float_3_3
Parameters: 0.999999 -9.60177e-05 0.00189604 0.000100055 0.999998 -0.00214355 -0.00189627 0.00214424 0.999996 -0.023431 0.0226127 -0.247798
FixedParameters: 0 0 0

#Transform 57
Transform: AffineTransform_float_3_3
Parameters: 0.999998 -8.07259e-05 0.00193984 8.42534e-05 0.999999 -0.00167068 -0.00193941 0.00167129 0.999996 -0.0281744 0.0636049 -0.27207
FixedParameters: 0 0 0

#Transform 58
Transform: AffineTransform_float_3_3
Parameters: 0.999997 -0.000114881 0.0022114 0.000120133 0.999997 -0.00259051 -0.00221109 0.00259155 0.999994 -0.0410889 0.130932 -0.268623
FixedParameters: 0 0 0

#Transform 59
Transform: AffineTransform_float_3_3
Parameters: 0.999998 -0.000191317 0.00205724 0.000195161 0.999999 -0.00167532 -0.00205637 0.00167541 0.999996 -0.0200506 0.0741146 -0.270959
FixedParameters: 0 0 0

#Transform 60
Transform: AffineTransform_float_3_3
Parameters: 0.999997 -2.82035e-05 0.0021958 3.34637e-05 0.999997 -0.00237526 -0.00219606 0.00237482 0.999995 -0.0193911 0.0363354 -0.279393
FixedParameters: 0 0 0

#Transform 61
Transform: AffineTransform_float_3_3
Parameters: 0.999997 -0.000197218 0.00217789 0.000202319 0.999998 -0.00213233 -0.00217743 0.00213253 0.999996 -0.0312451 0.109144 -0.282307
FixedParameters: 0 0 0

#Transform 62
Transform: AffineTransform_float_3_3
Parameters: 0.999999 -0.000291595 0.00188176 0.000296662 0.999996 -0.00273565 -0.00188161 0.00273711 0.999994 -0.0331398 0.0899843 -0.324482
FixedParameters: 0 0 0

#Transform 63
Transform: AffineTransform_float_3_3
Parameters: 0.999997 -0.00050978 0.00217944 0.00051402 0.999998 -0.00216087 -0.00217862 0.00216245 0.999996 -0.0168997 0.054008 -0.2734
FixedParameters: 0 0 0

#Transform 64
Transform: AffineTransform_float_3_3
Parameters: 0.999997 -0.000197218 0.00217789 0.000202319 0.999998 -0.00213233 -0.00217743 0.00213253 0.999996 -0.0229171 0.0735687 -0.317282
FixedParameters: 0 0 0

#Transform 65
Transform: AffineTransform_float_3_3
Parameters: 0.999997 -0.000128692 0.00222982 0.000135068 0.999995 -0.00284426 -0.00223028 0.0028443 0.999993 -0.0173398 0.0569573 -0.271788
FixedParameters: 0 0 0

#Transform 66
Transform: AffineTransform_float_3_3
Parameters: 0.999997 -0.000319661 0.0021785 0.000324806 0.999998 -0.00214354 -0.0021785 0.00214421 0.999996 -0.0236448 0.127921 -0.284458
FixedParameters: 0 0 0

#Transform 67
Transform: AffineTransform_float_3_3
Parameters: 0.999997 -0.000116677 0.00230391 0.000123897 0.999996 -0.00296568 -0.00230324 0.00296578 0.999993 -0.0521021 0.0769456 -0.343758
FixedParameters: 0 0 0

#Transform 68
Transform: AffineTransform_float_3_3
Parameters: 0.999997 -0.000174738 0.00219488 0.000179952 0.999997 -0.00236563 -0.00219445 0.00236584 0.999995 -0.0323591 0.122844 -0.315723
FixedParameters: 0 0 0

#Transform 69
Transform: AffineTransform_float_3_3
Parameters: 0.999998 -7.72211e-05 0.00216212 8.42897e-05 0.999994 -0.00338625 -0.00216144 0.00338624 0.999992 -0.0481128 0.0991497 -0.364003
FixedParameters: 0 0 0

#Transform 70
Transform: AffineTransform_float_3_3
Parameters: 0.999998 -0.000157098 0.00172805 0.000161621 0.999997 -0.00257638 -0.00172751 0.00257728 0.999995 -0.0251588 0.0869634 -0.304505
FixedParameters: 0 0 0

#Transform 71
Transform: AffineTransform_float_3_3
Parameters: 0.999998 -9.9713e-05 0.00185265 0.00010595 0.999995 -0.00317028 -0.00185192 0.00317112 0.999994 -0.0315915 0.0670011 -0.34996
FixedParameters: 0 0 0

#Transform 72
Transform: AffineTransform_float_3_3
Parameters: 0.999997 -0.000157782 0.00220778 0.000163784 0.999997 -0.00254143 -0.00220725 0.00254257 0.999995 -0.0488299 0.140522 -0.290523
FixedParameters: 0 0 0

#Transform 73
Transform: AffineTransform_float_3_3
Parameters: 0.999997 -0.000112585 0.00224213 0.00011964 0.999995 -0.0030121 -0.00224245 0.00301209 0.999993 -0.0416131 0.0684606 -0.372167
FixedParameters: 0 0 0

#Transform 74
Transform: AffineTransform_float_3_3
Parameters: 0.999997 -0.000141709 0.00226721 0.000149346 0.999994 -0.00335633 -0.00226708 0.00335657 0.999992 -0.0358422 0.0844298 -0.325804
FixedParameters: 0 0 0

#Transform 75
Transform: AffineTransform_float_3_3
Parameters: 0.999997 -6.33954e-05 0.00227947 7.1734e-05 0.999994 -0.0035235 -0.00227966 0.0035234 0.999992 -0.0339781 0.137028 -0.348239
FixedParameters: 0 0 0

#Transform 76
Transform: AffineTransform_float_3_3
Parameters: 0.999996 -1.53118e-05 0.0028362 2.46728e-05 0.999994 -0.00330724 -0.00283595 0.00330718 0.99999 -0.0536387 0.0761516 -0.304905
FixedParameters: 0 0 0

#Transform 77
Transform: AffineTransform_float_3_3
Parameters: 0.999996 0.00015503 0.00296774 -0.00014354 0.999993 -0.00366786 -0.00296764 0.00366797 0.999989 -0.0554873 0.0920859 -0.351853
FixedParameters: 0 0 0

#Transform 78
Transform: AffineTransform_float_3_3
Parameters: 0.999996 -0.000208764 0.00285085 0.000217218 0.999996 -0.00272671 -0.00284985 0.00272654 0.999992 -0.0512651 0.0782253 -0.254769
FixedParameters: 0 0 0

#Transform 79
Transform: AffineTransform_float_3_3
Parameters: 0.999995 -0.000116999 0.00309812 0.00012719 0.999994 -0.0032974 -0.00309722 0.00329807 0.99999 -0.0653293 0.120662 -0.335965
FixedParameters: 0 0 0

#Transform 80
Transform: AffineTransform_float_3_3
Parameters: 0.999995 0.000103014 0.00308919 -9.58697e-05 0.999997 -0.00224882 -0.00308915 0.00224887 0.999992 -0.0495545 0.058966 -0.309989
FixedParameters: 0 0 0

#Transform 81
Transform: AffineTransform_float_3_3
Parameters: 0.999996 -4.29956e-05 0.00289705 5.35771e-05 0.999993 -0.00361955 -0.0028974 0.00361968 0.99999 -0.0388969 0.0741348 -0.323588
FixedParameters: 0 0 0

#Transform 82
Transform: AffineTransform_float_3_3
Parameters: 0.999995 -7.73156e-05 0.00328773 8.74288e-05 0.999995 -0.00305135 -0.00328732 0.00305178 0.99999 -0.0621531 0.0956013 -0.352818
FixedParameters: 0 0 0

#Transform 83
Transform: AffineTransform_float_3_3
Parameters: 0.999994 -9.05958e-05 0.00359937 0.000103599 0.999994 -0.00364008 -0.00359939 0.0036409 0.999987 -0.0624881 0.0873008 -0.355628
FixedParameters: 0 0 0

#Transform 84
Transform: AffineTransform_float_3_3
Parameters: 0.999994 -0.000146419 0.0035673 0.000158318 0.999995 -0.00320139 -0.0035674 0.00320239 0.999988 -0.0672906 0.128667 -0.380382
FixedParameters: 0 0 0

#Transform 85
Transform: AffineTransform_float_3_3
Parameters: 0.999992 -0.000392398 0.00400273 0.00040806 0.999992 -0.00399938 -0.00400075 0.00400094 0.999984 -0.0771479 0.129938 -0.372369
FixedParameters: 0 0 0

#Transform 86
Transform: AffineTransform_float_3_3
Parameters: 0.999994 -0.00031964 0.00359188 0.000331797 0.999993 -0.00353747 -0.00359114 0.00353787 0.999988 -0.0665262 0.111295 -0.408922
FixedParameters: 0 0 0

#Transform 87
Transform: AffineTransform_float_3_3
Parameters: 0.999994 -0.000179078 0.00364226 0.000195286 0.999991 -0.00422613 -0.00364177 0.00422668 0.999985 -0.0755474 0.0919365 -0.373553
FixedParameters: 0 0 0

#Transform 88
Transform: AffineTransform_float_3_3
Parameters: 0.999993 -0.000119875 0.00359493 0.00013503 0.99999 -0.0042916 -0.00359377 0.00429188 0.999985 -0.08464 0.172139 -0.429336
FixedParameters: 0 0 0

#Transform 89
Transform: AffineTransform_float_3_3
Parameters: 0.999994 -0.00011981 0.00364671 0.000135521 0.99999 -0.00428784 -0.00364672 0.00428805 0.999985 -0.0792386 0.143394 -0.372976
FixedParameters: 0 0 0

#Transform 90
Transform: AffineTransform_float_3_3
Parameters: 0.999994 -0.000125061 0.00364272 0.000140347 0.999991 -0.0042342 -0.00364288 0.00423444 0.999984 -0.0776812 0.0890658 -0.466017
FixedParameters: 0 0 0

#Transform 91
Transform: AffineTransform_float_3_3
Parameters: 0.999993 -0.000135982 0.00369242 0.000150974 0.999991 -0.00411775 -0.00369252 0.00411808 0.999985 -0.0857356 0.137336 -0.418042
FixedParameters: 0 0 0

#Transform 92
Transform: AffineTransform_float_3_3
Parameters: 0.999993 -2.98608e-05 0.00371389 4.93169e-05 0.999987 -0.00520935 -0.00371387 0.00520926 0.999979 -0.0907092 0.156381 -0.481075
FixedParameters: 0 0 0

#Transform 93
Transform: AffineTransform_float_3_3
Parameters: 0.999994 -5.49646e-05 0.00327872 7.12468e-05 0.999988 -0.00498758 -0.00327747 0.00498742 0.999982 -0.0582338 0.0886563 -0.431665
FixedParameters: 0 0 0

#Transform 94
Transform: AffineTransform_float_3_3
Parameters: 0.999993 -6.53881e-05 0.00357483 8.1991e-05 0.999988 -0.00485507 -0.00357469 0.0048551 0.999982 -0.08561 0.117335 -0.508254
FixedParameters: 0 0 0

#Transform 95
Transform: AffineTransform_float_3_3
Parameters: 0.999993 -0.000381334 0.00367518 0.000398755 0.999989 -0.00467504 -0.00367337 0.00467623 0.999982 -0.084352 0.123785 -0.442239
FixedParameters: 0 0 0

#Transform 96
Transform: AffineTransform_float_3_3
Parameters: 0.999993 -0.000110046 0.00356938 0.000125572 0.999991 -0.00439531 -0.00356926 0.00439545 0.999984 -0.0889924 0.161023 -0.497326
FixedParameters: 0 0 0

#Transform 97
Transform: AffineTransform_float_3_3
Parameters: 0.999993 -0.000341389 0.0037505 0.000363376 0.999984 -0.00570124 -0.0037492 0.00570243 0.999977 -0.0707798 0.140204 -0.469931
FixedParameters: 0 0 0

#Transform 98
Transform: AffineTransform_float_3_3
Parameters: 0.999993 -0.000405174 0.00375777 0.000427879 0.999983 -0.00579916 -0.00375558 0.00579984 0.999976 -0.0692733 0.188918 -0.52274
FixedParameters: 0 0 0

#Transform 99
Transform: AffineTransform_float_3_3
Parameters: 0.999991 -0.000361201 0.0040983 0.00038627 0.999983 -0.00597163 -0.00409621 0.00597353 0.999974 -0.0813398 0.202684 -0.470403
FixedParameters: 0 0 0

#Transform 100
Transform: AffineTransform_float_3_3
Parameters: 0.999992 -0.000286654 0.00391452 0.000310771 0.99998 -0.00631159 -0.00391277 0.0063129 0.999972 -0.0660778 0.171835 -0.502203
FixedParameters: 0 0 0

#Transform 101
Transform: AffineTransform_float_3_3
Parameters: 0.999993 -0.000312135 0.00377765 0.000334974 0.999981 -0.00607219 -0.00377608 0.00607338 0.999974 -0.0719405 0.140978 -0.468989
FixedParameters: 0 0 0

#Transform 102
Transform: AffineTransform_float_3_3
Parameters: 0.999992 6.58847e-05 0.00388393 -4.19229e-05 0.999981 -0.00618024 -0.0038849 0.00617982 0.999973 -0.0842043 0.160301 -0.532738
FixedParameters: 0 0 0

#Transform 103
Transform: AffineTransform_float_3_3
Parameters: 0.999992 -0.000343642 0.00406204 0.000368485 0.99998 -0.00625759 -0.0040598 0.00625952 0.999972 -0.0907128 0.191061 -0.503692
FixedParameters: 0 0 0

#Transform 104
Transform: AffineTransform_float_3_3
Parameters: 0.999987 -0.000322792 0.00496433 0.000355433 0.999978 -0.00660961 -0.00496132 0.0066117 0.999966 -0.112183 0.20798 -0.601375
FixedParameters: 0 0 0

#Transform 105
Transform: AffineTransform_float_3_3
Parameters: 0.999986 -0.000286031 0.0051893 0.000324308 0.999972 -0.00742071 -0.00518707 0.00742199 0.999959 -0.110805 0.219618 -0.58429
FixedParameters: 0 0 0

#Transform 106
Transform: AffineTransform_float_3_3
Parameters: 0.999988 -0.000333854 0.00483247 0.000367798 0.999976 -0.00697078 -0.00483064 0.00697278 0.999965 -0.0956071 0.164961 -0.598629
FixedParameters: 0 0 0

#Transform 107
Transform: AffineTransform_float_3_3
Parameters: 0.999986 -0.000497038 0.00518253 0.000535124 0.999974 -0.00731823 -0.00517843 0.00732153 0.99996 -0.109074 0.204143 -0.563234
FixedParameters: 0 0 0

#Transform 108
Transform: AffineTransform_float_3_3
Parameters: 0.999986 -0.000230434 0.00523031 0.000272493 0.999968 -0.0079818 -0.00522885 0.00798273 0.999954 -0.114902 0.277162 -0.63399
FixedParameters: 0 0 0

#Transform 109
Transform: AffineTransform_float_3_3
Parameters: 0.999989 -0.000618984 0.0047714 0.000654315 0.999973 -0.00736742 -0.00476759 0.00737102 0.999962 -0.0835251 0.184727 -0.548038
FixedParameters: 0 0 0

#Transform 110
Transform: AffineTransform_float_3_3
Parameters: 0.999987 -0.000211107 0.0050323 0.000251779 0.999969 -0.00797646 -0.00503017 0.00797697 0.999955 -0.087502 0.199316 -0.608657
FixedParameters: 0 0 0

#Transform 111
Transform: AffineTransform_float_3_3
Parameters: 0.999987 -0.000714721 0.00489143 0.00075152 0.999971 -0.0075887 -0.00488636 0.00759155 0.999959 -0.0951845 0.26581 -0.553999
FixedParameters: 0 0 0

#Transform 112
Transform: AffineTransform_float_3_3
Parameters: 0.999987 -0.000552056 0.00522925 0.000593677 0.999969 -0.00794915 -0.0052247 0.00795129 0.999955 -0.0986733 0.230779 -0.616963
FixedParameters: 0 0 0

#Transform 113
Transform: AffineTransform_float_3_3
Parameters: 0.999986 -0.000389976 0.00514234 0.000424478 0.999977 -0.0067778 -0.00514002 0.00677977 0.999964 -0.0913558 0.187105 -0.562315
FixedParameters: 0 0 0

#Transform 114
Transform: AffineTransform_float_3_3
Parameters: 0.999985 -0.000609118 0.00538105 0.000653682 0.999966 -0.00820899 -0.00537587 0.00821207 0.999951 -0.108219 0.223103 -0.650223
FixedParameters: 0 0 0

#Transform 115
Transform: AffineTransform_float_3_3
Parameters: 0.999986 -0.000653642 0.00521821 0.000693761 0.999969 -0.00779481 -0.00521362 0.00779788 0.999956 -0.0958639 0.207171 -0.596955
FixedParameters: 0 0 0

#Transform 116
Transform: AffineTransform_float_3_3
Parameters: 0.999985 -0.000541592 0.00549602 0.000589357 0.999964 -0.00853397 -0.00549102 0.00853669 0.999949 -0.104212 0.220302 -0.684207
FixedParameters: 0 0 0

#Transform 117
Transform: AffineTransform_float_3_3
Parameters: 0.999986 -0.000452284 0.00521344 0.000492713 0.99997 -0.00773998 -0.00520995 0.00774201 0.999957 -0.0854785 0.204838 -0.603904
FixedParameters: 0 0 0

#Transform 118
Transform: AffineTransform_float_3_3
Parameters: 0.999985 -0.000192431 0.00549184 0.000240264 0.999962 -0.00874478 -0.00549037 0.00874602 0.999947 -0.116647 0.266336 -0.668077
FixedParameters: 0 0 0

#Transform 119
Transform: AffineTransform_float_3_3
Parameters: 0.999987 -0.00061878 0.00521336 0.000658258 0.99997 -0.0077306 -0.00520849 0.00773437 0.999957 -0.104654 0.196674 -0.617648
FixedParameters: 0 0 0

#Transform 120
Transform: AffineTransform_float_3_3
Parameters: 0.999986 -0.000354137 0.00528802 0.000400498 0.999962 -0.00875804 -0.00528486 0.00876063 0.999948 -0.128164 0.260976 -0.681069
FixedParameters: 0 0 0

#Transform 121
Transform: AffineTransform_float_3_3
Parameters: 0.999986 -0.00060232 0.0052309 0.000644166 0.999968 -0.00796864 -0.00522651 0.00797123 0.999955 -0.101358 0.200061 -0.600431
FixedParameters: 0 0 0

#Transform 122
Transform: AffineTransform_float_3_3
Parameters: 0.999986 -0.000269949 0.00520258 0.000310126 0.999971 -0.00760268 -0.00520036 0.00760483 0.999958 -0.0922013 0.256996 -0.65421
FixedParameters: 0 0 0

#Transform 123
Transform: AffineTransform_float_3_3
Parameters: 0.999987 -0.000276027 0.00497232 0.000314302 0.999971 -0.0075657 -0.00497001 0.00756758 0.99996 -0.0911916 0.224756 -0.605194
FixedParameters: 0 0 0

#Transform 124
Transform: AffineTransform_float_3_3
Parameters: 0.999986 -0.000447498 0.00536653 0.000491716 0.999965 -0.00828018 -0.00536188 0.00828274 0.999951 -0.109583 0.219726 -0.679273
FixedParameters: 0 0 0

#Transform 125
Transform: AffineTransform_float_3_3
Parameters: 0.999987 -0.000501839 0.00520493 0.000541307 0.999971 -0.00762313 -0.00520125 0.00762664 0.999957 -0.0849743 0.182742 -0.611542
FixedParameters: 0 0 0

#Transform 126
Transform: AffineTransform_float_3_3
Parameters: 0.999986 -0.000563023 0.00530102 0.000610073 0.99996 -0.00891973 -0.00529572 0.00892351 0.999946 -0.0939589 0.216693 -0.701478
FixedParameters: 0 0 0

#Transform 127
Transform: AffineTransform_float_3_3
Parameters: 0.999986 -0.000721973 0.00525073 0.0007646 0.999966 -0.00822958 -0.00524467 0.0082336 0.999953 -0.0898177 0.255701 -0.639965
FixedParameters: 0 0 0

#Transform 128
Transform: AffineTransform_float_3_3
Parameters: 0.999986 -0.000597001 0.00544279 0.0006474 0.999957 -0.00922156 -0.00543697 0.00922405 0.999942 -0.0971597 0.245906 -0.679256
FixedParameters: 0 0 0

#Transform 129
Transform: AffineTransform_float_3_3
Parameters: 0.999986 -0.000775496 0.00524323 0.000818033 0.999966 -0.00812518 -0.00523663 0.00812964 0.999953 -0.0900986 0.242295 -0.648521
FixedParameters: 0 0 0

#Transform 130
Transform: AffineTransform_float_3_3
Parameters: 0.999984 -0.000644612 0.00559112 0.000694179 0.999961 -0.00886339 -0.00558527 0.00886656 0.999945 -0.10168 0.274588 -0.641948
FixedParameters: 0 0 0

#Transform 131
Transform: AffineTransform_float_3_3
Parameters: 0.999984 -0.000648548 0.0056519 0.00069719 0.999964 -0.00843836 -0.00564637 0.00844247 0.999949 -0.0960688 0.239704 -0.681684
FixedParameters: 0 0 0

#Transform 132
Transform: AffineTransform_float_3_3
Parameters: 0.999982 -0.000638253 0.00593114 0.000688396 0.999964 -0.00849937 -0.00592555 0.00850412 0.999946 -0.118909 0.279498 -0.619711
FixedParameters: 0 0 0

#Transform 133
Transform: AffineTransform_float_3_3
Parameters: 0.999982 -0.000676515 0.00594246 0.000727089 0.999963 -0.00852813 -0.0059361 0.00853235 0.999946 -0.124207 0.265046 -0.679811
FixedParameters: 0 0 0

#Transform 134
Transform: AffineTransform_float_3_3
Parameters: 0.999984 -0.000702676 0.00563907 0.000744281 0.999972 -0.00747612 -0.0056335 0.00747955 0.999956 -0.105184 0.230529 -0.613094
FixedParameters: 0 0 0

#Transform 135
Transform: AffineTransform_float_3_3
Parameters: 0.999981 -0.000680324 0.00613367 0.000732452 0.999963 -0.00853753 -0.00612725 0.00854226 0.999944 -0.130414 0.25947 -0.662953
FixedParameters: 0 0 0

#Transform 136
Transform: AffineTransform_float_3_3
Parameters: 0.999983 -0.000480493 0.00584853 0.000526449 0.999969 -0.00783987 -0.00584452 0.0078434 0.999952 -0.103472 0.292278 -0.58835
FixedParameters: 0 0 0

#Transform 137
Transform: AffineTransform_float_3_3
Parameters: 0.999982 -0.000761248 0.00589048 0.000813534 0.999961 -0.00879535 -0.00588376 0.00879941 0.999944 -0.113863 0.232786 -0.632462
FixedParameters: 0 0 0

#Transform 138
Transform: AffineTransform_float_3_3
Parameters: 0.999983 -0.000662594 0.00569995 0.000706848 0.99997 -0.00773201 -0.0056953 0.00773612 0.999954 -0.108677 0.240346 -0.566694
FixedParameters: 0 0 0

#Transform 139
Transform: AffineTransform_float_3_3
Parameters: 0.99998 -0.000614638 0.00625517 0.000668119 0.999964 -0.00855805 -0.00624984 0.00856223 0.999943 -0.124965 0.259418 -0.643906
FixedParameters: 0 0 0

#Transform 140
Transform: AffineTransform_float_3_3
Parameters: 0.999983 -0.000602189 0.00586715 0.00064966 0.999967 -0.00807087 -0.00586239 0.00807384 0.99995 -0.118594 0.297696 -0.601107
FixedParameters: 0 0 0

#Transform 141
Transform: AffineTransform_float_3_3
Parameters: 0.999981 -0.000780432 0.00618487 0.000836647 0.999958 -0.00911268 -0.00617768 0.00911689 0.99994 -0.116636 0.268055 -0.634044
FixedParameters: 0 0 0

#Transform 142
Transform: AffineTransform_float_3_3
Parameters: 0.999982 -0.000649847 0.00599352 0.000697335 0.999968 -0.00796001 -0.00598833 0.00796378 0.999951 -0.10406 0.292091 -0.584782
FixedParameters: 0 0 0

#Transform 143
Transform: AffineTransform_float_3_3
Parameters: 0.999982 -0.000963519 0.00596406 0.00101469 0.999963 -0.00855804 -0.0059558 0.0085645 0.999945 -0.0990468 0.28122 -0.617087
FixedParameters: 0 0 0

#Transform 144
Transform: AffineTransform_float_3_3
Parameters: 0.99998 -0.000932602 0.00626577 0.000982448 0.999968 -0.00796494 -0.00625808 0.00797068 0.999948 -0.0960514 0.237248 -0.601411
FixedParameters: 0 0 0

#Transform 145
Transform: AffineTransform_float_3_3
Parameters: 0.99998 -0.000742448 0.00629721 0.000794828 0.999964 -0.00839901 -0.00629104 0.00840376 0.999945 -0.105888 0.237992 -0.563988
FixedParameters: 0 0 0

#Transform 146
Transform: AffineTransform_float_3_3
Parameters: 0.999981 -0.000738356 0.00603737 0.000786492 0.999968 -0.00796464 -0.00603167 0.00796848 0.99995 -0.101208 0.219167 -0.630236
FixedParameters: 0 0 0

#Transform 147
Transform: AffineTransform_float_3_3
Parameters: 0.999983 -0.000604566 0.00582502 0.00065448 0.999963 -0.0085586 -0.00581985 0.00856173 0.999947 -0.0939689 0.288691 -0.618805
FixedParameters: 0 0 0

#Transform 148
Transform: AffineTransform_float_3_3
Parameters: 0.99998 -0.000637266 0.00628021 0.000687854 0.999966 -0.00817643 -0.00627451 0.00817985 0.999947 -0.0983959 0.2212 -0.631591
FixedParameters: 0 0 0

#Transform 149
Transform: AffineTransform_float_3_3
Parameters: 0.99998 -0.000898072 0.00635298 0.000956848 0.999958 -0.00913994 -0.00634456 0.00914594 0.999938 -0.113231 0.288338 -0.601527
FixedParameters: 0 0 0

#Transform 150
Transform: AffineTransform_float_3_3
Parameters: 0.999979 -0.000850737 0.00629491 0.000903572 0.999965 -0.00836047 -0.00628697 0.00836649 0.999945 -0.108908 0.261505 -0.655858
FixedParameters: 0 0 0

#Transform 151
Transform: AffineTransform_float_3_3
Parameters: 0.999979 -0.00117477 0.00635777 0.00122817 0.999964 -0.00841762 -0.00634726 0.00842575 0.999944 -0.108475 0.177222 -0.613392
FixedParameters: 0 0 0

#Transform 152
Transform: AffineTransform_float_3_3
Parameters: 0.999981 -0.000615259 0.00609549 0.000666423 0.999964 -0.00841877 -0.00609051 0.00842254 0.999946 -0.109131 0.254128 -0.672756
FixedParameters: 0 0 0

#Transform 153
Transform: AffineTransform_float_3_3
Parameters: 0.999979 -0.000919067 0.00640358 0.00097271 0.999965 -0.00826687 -0.00639478 0.00827294 0.999946 -0.0976145 0.206134 -0.617551
FixedParameters: 0 0 0

#Transform 154
Transform: AffineTransform_float_3_3
Parameters: 0.999981 -0.000678375 0.00617543 0.000729931 0.999965 -0.00832987 -0.0061697 0.00833452 0.999946 -0.105153 0.30401 -0.658022
FixedParameters: 0 0 0

#Transform 155
Transform: AffineTransform_float_3_3
Parameters: 0.999981 -0.000654675 0.00619772 0.000704064 0.999968 -0.00800986 -0.0061924 0.00801416 0.999948 -0.10808 0.24015 -0.614899
FixedParameters: 0 0 0

#Transform 156
Transform: AffineTransform_float_3_3
Parameters: 0.99998 -0.000560752 0.00626371 0.000616848 0.99996 -0.00894747 -0.00625908 0.00895116 0.999941 -0.0987477 0.213907 -0.7089
FixedParameters: 0 0 0

#Transform 157
Transform: AffineTransform_float_3_3
Parameters: 0.99998 -0.000641977 0.00627682 0.000692909 0.999967 -0.00812983 -0.0062711 0.00813321 0.999947 -0.099003 0.295426 -0.660615
FixedParameters: 0 0 0

#Transform 158
Transform: AffineTransform_float_3_3
Parameters: 0.99998 -0.000768071 0.0062556 0.00082173 0.999963 -0.00858064 -0.00624851 0.00858567 0.999943 -0.0937715 0.197381 -0.691043
FixedParameters: 0 0 0

#Transform 159
Transform: AffineTransform_float_3_3
Parameters: 0.999981 -0.000771928 0.0060966 0.000813652 0.999977 -0.00684028 -0.00609094 0.0068452 0.999958 -0.0884373 0.244411 -0.615032
FixedParameters: 0 0 0

#Transform 160
Transform: AffineTransform_float_3_3
Parameters: 0.99998 -0.000599961 0.00624447 0.000647701 0.99997 -0.00769541 -0.00623988 0.00770002 0.999951 -0.0937455 0.158257 -0.693747
FixedParameters: 0 0 0

#Transform 161
Transform: AffineTransform_float_3_3
Parameters: 0.999985 -0.000713321 0.00554391 0.000754952 0.999972 -0.00753146 -0.00553907 0.00753471 0.999956 -0.0855843 0.179019 -0.654103
FixedParameters: 0 0 0

#Transform 162
Transform: AffineTransform_float_3_3
Parameters: 0.99998 -0.000460563 0.00626007 0.000510019 0.999969 -0.00791462 -0.00625606 0.00791771 0.999949 -0.109442 0.265151 -0.68172
FixedParameters: 0 0 0

#Transform 163
Transform: AffineTransform_float_3_3
Parameters: 0.999979 -0.000515232 0.00647276 0.000562499 0.999972 -0.00734183 -0.00646925 0.00734566 0.999952 -0.102078 0.241109 -0.513263
FixedParameters: 0 0 0

#Transform 164
Transform: AffineTransform_float_3_3
Parameters: 0.999983 -0.000961607 0.00581729 0.000999938 0.999978 -0.00651414 -0.00581119 0.00652033 0.999962 -0.0790019 0.21017 -0.569719
FixedParameters: 0 0 0

#Transform 165
Transform: AffineTransform_float_3_3
Parameters: 0.99998 -0.000750936 0.00627766 0.000801931 0.999967 -0.00813436 -0.00627114 0.00813903 0.999947 -0.0815007 0.234524 -0.629906
FixedParameters: 0 0 0

#Transform 166
Transform: AffineTransform_float_3_3
Parameters: 0.999982 -0.00090608 0.00581309 0.000948539 0.999973 -0.00731018 -0.00580685 0.00731507 0.999957 -0.0829541 0.279359 -0.584698
FixedParameters: 0 0 0

#Transform 167
Transform: AffineTransform_float_3_3
Parameters: 0.99998 -0.000437772 0.00627675 0.000488085 0.999967 -0.00814196 -0.00627254 0.008145 0.999947 -0.0996795 0.298092 -0.642935
FixedParameters: 0 0 0

#Transform 168
Transform: AffineTransform_float_3_3
Parameters: 0.999984 -0.000829761 0.00570178 0.000869157 0.999976 -0.00697622 -0.00569589 0.00698093 0.99996 -0.0804591 0.258886 -0.613028
FixedParameters: 0 0 0

#Transform 169
Transform: AffineTransform_float_3_3
Parameters: 0.999982 -0.000798487 0.00595419 0.000842779 0.999972 -0.00744734 -0.00594821 0.00745248 0.999955 -0.0927476 0.213045 -0.675257
FixedParameters: 0 0 0

#Transform 170
Transform: AffineTransform_float_3_3
Parameters: 0.999981 -0.000683947 0.00618295 0.000726093 0.999976 -0.00685836 -0.0061783 0.00686243 0.999957 -0.0927281 0.241633 -0.622637
FixedParameters: 0 0 0

#Transform 171
Transform: AffineTransform_float_3_3
Parameters: 0.999982 -0.000677937 0.00591751 0.000722663 0.999971 -0.00755419 -0.00591201 0.00755793 0.999954 -0.0846992 0.200181 -0.643747
FixedParameters: 0 0 0

#Transform 172
Transform: AffineTransform_float_3_3
Parameters: 0.999984 -0.000881182 0.00560698 0.000917148 0.999979 -0.00638454 -0.00560119 0.0063893 0.999964 -0.0734231 0.193746 -0.568457
FixedParameters: 0 0 0

#Transform 173
Transform: AffineTransform_float_3_3
Parameters: 0.999984 -0.000495922 0.00569706 0.000539109 0.999971 -0.0076197 -0.00569322 0.00762303 0.999955 -0.074575 0.204177 -0.614994
FixedParameters: 0 0 0

#Transform 174
Transform: AffineTransform_float_3_3
Parameters: 0.999982 -0.000826368 0.00591183 0.000865088 0.999979 -0.00644182 -0.00590566 0.00644674 0.999961 -0.078661 0.17955 -0.54355
FixedParameters: 0 0 0

#Transform 175
Transform: AffineTransform_float_3_3
Parameters: 0.999981 -0.000398886 0.00616411 0.000450781 0.999963 -0.00854662 -0.0061614 0.00854908 0.999945 -0.100618 0.264724 -0.656198
FixedParameters: 0 0 0

#Transform 176
Transform: AffineTransform_float_3_3
Parameters: 0.999983 -0.000566306 0.00575673 0.000605833 0.999976 -0.00690248 -0.0057526 0.00690639 0.99996 -0.0837427 0.214778 -0.649667
FixedParameters: 0 0 0

#Transform 177
Transform: AffineTransform_float_3_3
Parameters: 0.99998 -0.00089729 0.00626209 0.000945431 0.99997 -0.0076328 -0.00625502 0.00763892 0.999951 -0.0892664 0.203894 -0.691826
FixedParameters: 0 0 0

#Transform 178
Transform: AffineTransform_float_3_3
Parameters: 0.999978 -0.00095326 0.00653245 0.00100366 0.99997 -0.00763691 -0.00652524 0.00764339 0.99995 -0.0979127 0.222892 -0.633144
FixedParameters: 0 0 0

#Transform 179
Transform: AffineTransform_float_3_3
Parameters: 0.999979 -0.000928896 0.00640018 0.000979167 0.999968 -0.00789626 -0.0063925 0.0079023 0.999949 -0.0999636 0.284443 -0.692218
FixedParameters: 0 0 0

#Transform 180
Transform: AffineTransform_float_3_3
Parameters: 0.99998 -0.000964643 0.00628322 0.00101211 0.999971 -0.00754952 -0.00627541 0.00755552 0.999951 -0.106763 0.262962 -0.669917
FixedParameters: 0 0 0

#Transform 181
Transform: AffineTransform_float_3_3
Parameters: 0.999977 -0.000667031 0.00676914 0.000722167 0.999965 -0.00826391 -0.00676266 0.00826886 0.999943 -0.119795 0.273267 -0.740308
FixedParameters: 0 0 0

#Transform 182
Transform: AffineTransform_float_3_3
Parameters: 0.999976 -0.000829395 0.00677097 0.000885482 0.999966 -0.00827812 -0.00676365 0.00828405 0.999943 -0.114943 0.293242 -0.67342
FixedParameters: 0 0 0

#Transform 183
Transform: AffineTransform_float_3_3
Parameters: 0.999977 -0.000573417 0.00681321 0.000633639 0.999961 -0.00886486 -0.00680742 0.00886892 0.999938 -0.122257 0.300772 -0.755991
FixedParameters: 0 0 0

#Transform 184
Transform: AffineTransform_float_3_3
Parameters: 0.999981 -0.000541621 0.00618004 0.000587893 0.999971 -0.00757311 -0.00617562 0.00757589 0.999952 -0.101727 0.232234 -0.653755
FixedParameters: 0 0 0

#Transform 185
Transform: AffineTransform_float_3_3
Parameters: 0.999979 -0.00044133 0.00639136 0.000496811 0.999962 -0.00868885 -0.0063876 0.00869227 0.999941 -0.104611 0.256384 -0.730687
FixedParameters: 0 0 0

#Transform 186
Transform: AffineTransform_float_3_3
Parameters: 0.99998 -0.000591378 0.00625926 0.000641016 0.999969 -0.00784069 -0.00625424 0.00784524 0.99995 -0.086684 0.224771 -0.654932
FixedParameters: 0 0 0

#Transform 187
Transform: AffineTransform_float_3_3
Parameters: 0.999977 -0.000344286 0.00683986 0.000406986 0.999957 -0.00924357 -0.00683647 0.00924692 0.999933 -0.117292 0.245657 -0.730686
FixedParameters: 0 0 0

#Transform 188
Transform: AffineTransform_float_3_3
Parameters: 0.999977 -0.000784762 0.0067578 0.00083856 0.999967 -0.00810286 -0.00675074 0.00810821 0.999945 -0.0969196 0.22148 -0.685221
FixedParameters: 0 0 0

#Transform 189
