#Insight Transform File V1.0
#Transform 0
Transform: AffineTransform_float_3_3
Parameters: 1 0.000117191 -0.000700458 -0.000117117 0.999999 0.000755892 0.000700474 -0.000756066 1 0.0229989 -0.0592083 0.0705589
FixedParameters: 0 0 0

#Transform 1
Transform: AffineTransform_float_3_3
Parameters: 1 9.97594e-05 -0.000600999 -9.96806e-05 0.999999 0.000885117 0.000601014 -0.000885335 1 0.0217317 -0.122567 0.0874002
FixedParameters: 0 0 0

#Transform 2
Transform: AffineTransform_float_3_3
Parameters: 1 8.80619e-05 -0.000531138 -8.7216e-05 0.999999 0.00079646 0.000531277 -0.000796367 0.999999 0.0166809 -0.0292161 0.0933463
FixedParameters: 0 0 0

#Transform 3
Transform: AffineTransform_float_3_3
Parameters: 1 0.000100183 -0.000607101 -9.99217e-05 1 0.00107819 0.000607146 -0.00107807 0.999999 0.0155629 -0.105279 0.0776063
FixedParameters: 0 0 0

#Transform 4
Transform: AffineTransform_float_3_3
Parameters: 1 9.96408e-05 -0.000599419 -9.86408e-05 0.999999 0.000835143 0.000599592 -0.000835355 1 0.0210863 -0.101257 0.0755332
FixedParameters: 0 0 0

#Transform 5
Transform: AffineTransform_float_3_3
Parameters: 1 9.95123e-05 -0.000597685 -9.85797e-05 0.999999 0.000780335 0.000597839 -0.000780217 0.999999 0.0170369 -0.108727 0.0896859
FixedParameters: 0 0 0

#Transform 6
Transform: AffineTransform_float_3_3
Parameters: 1 9.89209e-05 -0.000589691 -9.82991e-05 1 0.000527462 0.000589795 -0.000527346 0.999999 0.0195449 -0.0510155 0.0594966
FixedParameters: 0 0 0

#Transform 7
Transform: AffineTransform_float_3_3
Parameters: 1 9.93553e-05 -0.000595568 -9.85058e-05 0.999999 0.000713369 0.000595709 -0.000713251 0.999999 0.00977799 -0.0062713 0.0766006
FixedParameters: 0 0 0

#Transform 8
Transform: AffineTransform_float_3_3
Parameters: 1 0.000130763 -0.000370524 -0.000131204 0.999999 0.000732444 0.000370548 -0.000732354 0.999999 0.00366266 -0.0736673 0.0576456
FixedParameters: 0 0 0

#Transform 9
Transform: AffineTransform_float_3_3
Parameters: 1 8.28904e-05 -0.000195146 -8.26523e-05 1 0.000609994 0.000195247 -0.000609962 1 -0.0050524 -0.0640231 0.0723772
FixedParameters: 0 0 0

#Transform 10
Transform: AffineTransform_float_3_3
Parameters: 1 -2.48052e-05 -8.08471e-05 2.49696e-05 0.999999 0.00140919 8.07734e-05 -0.00140919 0.999999 0.00482871 -0.109155 0.0681008
FixedParameters: 0 0 0

#Transform 11
Transform: AffineTransform_float_3_3
Parameters: 1 -4.0771e-05 3.41054e-05 4.07439e-05 1 0.000397353 -3.41378e-05 -0.00039735 1 -0.00389695 -0.0571061 0.0263127
FixedParameters: 0 0 0

#Transform 12
Transform: AffineTransform_float_3_3
Parameters: 1 -2.10811e-05 -8.46472e-05 2.11768e-05 1 0.000565637 8.46232e-05 -0.00056564 1 0.00368983 -0.0438854 0.0618171
FixedParameters: 0 0 0

#Transform 13
Transform: AffineTransform_float_3_3
Parameters: 1 -3.7322e-05 6.63203e-06 3.73123e-05 0.999999 0.000734645 -6.68693e-06 -0.000734645 0.999999 0.0141947 -0.0497145 0.0672189
FixedParameters: 0 0 0

#Transform 14
Transform: AffineTransform_float_3_3
Parameters: 1 5.30328e-05 -0.00050853 -5.29702e-05 1 6.18492e-05 0.000508536 -6.17952e-05 1 0.0160683 0.00324575 0.0422548
FixedParameters: 0 0 0

#Transform 15
Transform: AffineTransform_float_3_3
Parameters: 1 -2.34051e-05 -5.35551e-05 2.33774e-05 1 -0.000258789 5.35672e-05 0.000258786 1 0.00531919 -0.0970352 0.0120618
FixedParameters: 0 0 0

#Transform 16
Transform: AffineTransform_float_3_3
Parameters: 1 -8.47891e-06 -0.000146661 8.47955e-06 1 2.36625e-06 0.000146661 -2.36873e-06 1 0.00559105 -0.0217977 0.0350986
FixedParameters: 0 0 0

#Transform 17
Transform: AffineTransform_float_3_3
Parameters: 1 4.14214e-07 -0.000196823 -4.518e-07 1 -9.52868e-05 0.000196823 9.5287e-05 1 0.00212941 -0.0683134 0.0259834
FixedParameters: 0 0 0

#Transform 18
Transform: AffineTransform_float_3_3
Parameters: 1 -3.41949e-05 0.000301709 3.41952e-05 1 -3.68505e-07 -0.000301709 3.89117e-07 1 -0.00863325 -0.0333153 0.0104958
FixedParameters: 0 0 0

#Transform 19
Transform: AffineTransform_float_3_3
Parameters: 1 -2.83067e-05 -4.27607e-05 2.83565e-05 1 0.000581986 4.27277e-05 -0.000581988 1 0.00276966 -0.0552262 0.0335987
FixedParameters: 0 0 0

#Transform 20
Transform: AffineTransform_float_3_3
Parameters: 1 4.00197e-05 3.69392e-05 -4.00064e-05 1 -0.00017999 -3.69536e-05 0.000179987 1 -0.00141456 -0.00339449 0.0203926
FixedParameters: 0 0 0

#Transform 21
Transform: AffineTransform_float_3_3
Parameters: 1 -3.58112e-05 6.29464e-06 3.58069e-05 1 0.000341434 -6.31913e-06 -0.000341433 1 0.00446738 -0.0493145 0.0379846
FixedParameters: 0 0 0

#Transform 22
Transform: AffineTransform_float_3_3
Parameters: 1 -2.85441e-05 -2.41843e-05 2.85334e-05 1 -0.000220829 2.41969e-05 0.000220828 1 0.0014776 -0.00535033 0.0193924
FixedParameters: 0 0 0

#Transform 23
Transform: AffineTransform_float_3_3
Parameters: 1 3.53497e-05 -0.000407698 -3.51786e-05 1 0.000210138 0.000407713 -0.000210109 1 0.0465383 -0.0646532 0.0146914
FixedParameters: 0 0 0

#Transform 24
Transform: AffineTransform_float_3_3
Parameters: 1 3.46541e-05 -0.000397345 -3.47471e-05 1 -0.000116698 0.000397337 0.000116726 1 0.0478723 -0.105082 -0.0104499
FixedParameters: 0 0 0

#Transform 25
Transform: AffineTransform_float_3_3
Parameters: 1 -2.42159e-05 -5.92126e-05 2.42432e-05 1 0.00023028 5.92014e-05 -0.000230283 1 0.0244925 -0.117914 -0.00140696
FixedParameters: 0 0 0

#Transform 26
Transform: AffineTransform_float_3_3
Parameters: 1 -0.00011928 -0.000436027 0.000119515 1 0.000269471 0.000435962 -0.000269575 1 0.00684476 -0.00749086 -0.0347206
FixedParameters: 0 0 0

#Transform 27
Transform: AffineTransform_float_3_3
Parameters: 1 3.4881e-05 -0.000400733 -3.4889e-05 1 -9.75196e-06 0.000400732 9.77995e-06 1 0.0103527 -0.0870784 -0.0788116
FixedParameters: 0 0 0

#Transform 28
Transform: AffineTransform_float_3_3
Parameters: 1 -8.07401e-06 -0.000155345 8.1694e-06 1 0.000307244 0.00015534 -0.000307247 1 0.00549008 -0.0688301 -0.0284981
FixedParameters: 0 0 0

#Transform 29
Transform: AffineTransform_float_3_3
Parameters: 1 3.43647e-05 -0.000393008 -3.45643e-05 1 -0.000253629 0.00039299 0.000253656 1 0.00731056 -0.100813 -0.0376542
FixedParameters: 0 0 0

#Transform 30
Transform: AffineTransform_float_3_3
Parameters: 1 3.36725e-05 -0.00038256 -3.41191e-05 1 -0.000583464 0.00038252 0.000583489 1 0.0030929 0.0327778 -0.0441862
FixedParameters: 0 0 0

#Transform 31
Transform: AffineTransform_float_3_3
Parameters: 1 -0.000128263 -0.000363626 0.000128165 1 -0.000135419 0.00036366 0.000135326 1 0.00682446 -0.0645983 -0.0662711
FixedParameters: 0 0 0

#Transform 32
Transform: AffineTransform_float_3_3
Parameters: 1 -9.27148e-06 -0.000131224 9.13616e-06 1 -0.000515404 0.000131234 0.000515402 1 0.0131775 0.000110751 -0.104583
FixedParameters: 0 0 0

#Transform 33
Transform: AffineTransform_float_3_3
Parameters: 1 -1.9652e-05 -7.23184e-05 1.95922e-05 1 -0.000413468 7.23347e-05 0.000413465 1 0.0119932 -0.0246387 -0.107469
FixedParameters: 0 0 0

#Transform 34
Transform: AffineTransform_float_3_3
Parameters: 1 4.41189e-05 -0.000454828 -4.41323e-05 1 -1.44787e-05 0.000454826 1.45188e-05 1 0.0152448 -0.0437804 -0.070714
FixedParameters: 0 0 0

#Transform 35
Transform: AffineTransform_float_3_3
Parameters: 1 -8.7422e-06 -0.000138423 8.65368e-06 1 -0.000319535 0.000138429 0.000319532 1 0.00215238 -0.0435135 -0.0749187
FixedParameters: 0 0 0

#Transform 36
Transform: AffineTransform_float_3_3
Parameters: 1 -9.41334e-06 -0.000134482 9.32738e-06 1 -0.000319408 0.000134488 0.000319406 1 0.0109532 -0.0318209 -0.0834148
FixedParameters: 0 0 0

#Transform 37
Transform: AffineTransform_float_3_3
Parameters: 1 -0.000134613 -0.000155788 0.000134513 1 -0.000319889 0.000155874 0.000319847 1 0.0153771 -0.0116561 -0.0611852
FixedParameters: 0 0 0

#Transform 38
Transform: AffineTransform_float_3_3
Parameters: 1 -1.01819e-05 -0.000121198 1.0003e-05 0.999999 -0.000738197 0.000121213 0.000738194 0.999999 0.0128233 0.00803009 -0.103535
FixedParameters: 0 0 0

#Transform 39
Transform: AffineTransform_float_3_3
Parameters: 1 -9.15776e-06 -0.000138857 9.10731e-06 1 -0.000181478 0.000138861 0.000181475 1 0.0151109 -0.0649949 -0.0881471
FixedParameters: 0 0 0

#Transform 40
Transform: AffineTransform_float_3_3
Parameters: 1 0.000157982 -0.000102588 -0.000158069 1 -0.00042572 0.000102454 0.000425752 1 0.0113844 -0.031183 -0.0862651
FixedParameters: 0 0 0

#Transform 41
Transform: AffineTransform_float_3_3
Parameters: 1 -2.8805e-05 -2.35778e-05 2.87966e-05 1 -0.000177788 2.35881e-05 0.000177787 1 0.0475773 -0.106846 -0.096105
FixedParameters: 0 0 0

#Transform 42
Transform: AffineTransform_float_3_3
Parameters: 1 -7.43485e-05 -0.000213941 7.43794e-05 1 7.23682e-05 0.00021393 -7.24e-05 1 0.0501804 0.0111894 -0.0294225
FixedParameters: 0 0 0

#Transform 43
Transform: AffineTransform_float_3_3
Parameters: 1 -1.00634e-05 -0.000123259 9.89742e-06 1 -0.00067323 0.000123272 0.000673227 1 0.0464173 0.042557 -0.0776394
FixedParameters: 0 0 0

#Transform 44
Transform: AffineTransform_float_3_3
Parameters: 1 -0.000177033 -0.000162491 0.000176924 1 -0.000336045 0.00016261 0.000335987 1 0.0327496 0.0456932 -0.0541663
FixedParameters: 0 0 0

#Transform 45
Transform: AffineTransform_float_3_3
Parameters: 1 -9.67323e-06 -0.000130012 9.55348e-06 1 -0.000460337 0.000130021 0.000460335 1 0.0333696 -0.00300577 -0.0500024
FixedParameters: 0 0 0

#Transform 46
Transform: AffineTransform_float_3_3
Parameters: 1 0.000225585 -4.90226e-05 -0.000225882 0.999999 -0.0017488 4.82263e-05 0.00174882 0.999999 0.03839 0.0447545 -0.0984859
FixedParameters: 0 0 0

#Transform 47
Transform: AffineTransform_float_3_3
Parameters: 1 0.000132453 -5.20338e-06 -0.000132449 1 0.000362789 5.29951e-06 -0.000362787 1 0.0344637 -0.0466889 -0.034481
FixedParameters: 0 0 0

#Transform 48
Transform: AffineTransform_float_3_3
Parameters: 1 0.000129157 -0.000103347 -0.000129272 1 -0.000555762 0.000103203 0.000555789 1 0.032558 -0.0291351 -0.0454893
FixedParameters: 0 0 0

#Transform 49
Transform: AffineTransform_float_3_3
Parameters: 1 -2.4335e-06 0.000276783 2.73447e-06 1 -0.000543496 -0.000276781 0.000543497 1 0.0200493 -0.0144461 -0.00328099
FixedParameters: 0 0 0

#Transform 50
Transform: AffineTransform_float_3_3
Parameters: 1 0.000217503 0.00019132 -0.000217345 1 -0.000413558 -0.0001915 0.000413475 1 0.0243057 -0.0286211 -0.0552782
FixedParameters: 0 0 0

#Transform 51
Transform: AffineTransform_float_3_3
Parameters: 1 0.000201767 0.000280644 -0.000202596 1 -0.000274648 -0.000280923 0.000274527 1 0.0247493 -0.0360149 -0.0866979
FixedParameters: 0 0 0

#Transform 52
Transform: AffineTransform_float_3_3
Parameters: 1 0.00026422 -8.03954e-05 -0.000264309 1 -0.000555257 8.01021e-05 0.0005553 1 0.0190102 -0.0227493 -0.115166
FixedParameters: 0 0 0

#Transform 53
Transform: AffineTransform_float_3_3
Parameters: 1 0.00026422 -8.03954e-05 -0.000264309 1 -0.000555257 8.01021e-05 0.0005553 1 0.0297011 0.00490899 -0.0870957
FixedParameters: 0 0 0

#Transform 54
Transform: AffineTransform_float_3_3
Parameters: 1 0.000265643 -0.000105099 -0.000265595 1 0.000230353 0.000105222 -0.000230297 1 0.0323549 -0.0726058 -0.0405461
FixedParameters: 0 0 0

#Transform 55
Transform: AffineTransform_float_3_3
Parameters: 1 0.000195374 0.000310049 -0.000195421 1 7.5467e-05 -0.000310019 -7.55882e-05 1 0.0316314 -0.0360777 -0.0476102
FixedParameters: 0 0 0

#Transform 56
Transform: AffineTransform_float_3_3
Parameters: 1 4.74431e-05 0.000369775 -4.74582e-05 1 2.06308e-05 -0.000369773 -2.06659e-05 1 0.0304451 -0.0139123 -0.0452846
FixedParameters: 0 0 0

#Transform 57
Transform: AffineTransform_float_3_3
Parameters: 1 2.48805e-05 0.000179284 -2.48183e-05 1 -0.000173452 -0.000179293 0.000173443 1 0.0316729 -0.0341672 0.0221125
FixedParameters: 0 0 0

#Transform 58
Transform: AffineTransform_float_3_3
Parameters: 1 0.000201936 0.000295378 -0.000202413 1 -0.00096136 -0.000295945 0.000961564 0.999999 0.0169389 0.0494099 0.034112
FixedParameters: 0 0 0

#Transform 59
Transform: AffineTransform_float_3_3
Parameters: 1 -8.73708e-05 0.00029973 8.74089e-05 1 -6.33556e-05 -0.000299719 6.3408e-05 1 0.046005 -0.0737454 0.0364092
FixedParameters: 0 0 0

#Transform 60
Transform: AffineTransform_float_3_3
Parameters: 1 -0.000249698 0.000328666 0.000249705 1 -2.50554e-05 -0.000328623 2.42765e-05 1 0.0532985 -0.0845622 0.0251095
FixedParameters: 0 0 0

#Transform 61
Transform: AffineTransform_float_3_3
Parameters: 1 -0.000233794 0.000247185 0.000233073 1 -0.000530978 -0.000247106 0.000531086 1 0.0549669 -0.0392028 0.00452589
FixedParameters: 0 0 0

#Transform 62
Transform: AffineTransform_float_3_3
Parameters: 1 -0.000252229 0.000355573 0.000251621 1 -0.000527478 -0.000355476 0.000527649 1 0.0499839 0.0131986 -0.0523493
FixedParameters: 0 0 0

#Transform 63
Transform: AffineTransform_float_3_3
Parameters: 1 5.14846e-05 0.000554815 -5.14755e-05 1 4.39101e-07 -0.000554845 4.46721e-07 1 0.011187 -0.00468688 0.032556
FixedParameters: 0 0 0

#Transform 64
Transform: AffineTransform_float_3_3
Parameters: 1 -0.00018884 0.000328291 0.000188844 1 -6.21083e-06 -0.000328289 6.3348e-06 1 0.00525396 -0.0857526 0.0262753
FixedParameters: 0 0 0

#Transform 65
Transform: AffineTransform_float_3_3
Parameters: 1 4.86462e-06 0.000105772 -4.88878e-06 1 0.000114401 -0.00010577 -0.000114402 1 0.013189 -0.041137 0.0734209
FixedParameters: 0 0 0

#Transform 66
Transform: AffineTransform_float_3_3
Parameters: 1 -7.41319e-05 0.000339737 7.41362e-05 1 -6.08246e-06 -0.000339736 6.1328e-06 1 0.00384755 -0.0460119 0.0453935
FixedParameters: 0 0 0

#Transform 67
Transform: AffineTransform_float_3_3
Parameters: 1 -3.52062e-05 0.000448601 3.49189e-05 1 0.000320456 -0.000448623 -0.000320424 1 -0.00132713 -0.0572626 0.0487268
FixedParameters: 0 0 0

#Transform 68
Transform: AffineTransform_float_3_3
Parameters: 1 0.000294434 0.000197518 -0.000294597 1 0.000412899 -0.000197275 -0.000413015 1 0.00205181 -0.0634085 0.0574994
FixedParameters: 0 0 0

#Transform 69
Transform: AffineTransform_float_3_3
Parameters: 1 -0.000121626 0.000282807 0.000121574 1 9.22541e-05 -0.000282829 -9.21853e-05 1 0.0081036 -0.0212226 0.0369395
FixedParameters: 0 0 0

#Transform 70
Transform: AffineTransform_float_3_3
Parameters: 1 -0.000154439 0.000145646 0.000153506 0.999997 0.0025442 -0.00014644 -0.00254415 0.999997 0.013545 -0.127261 0.207897
FixedParameters: 0 0 0

#Transform 71
Transform: AffineTransform_float_3_3
Parameters: 1 0.000296971 0.000555699 -0.000296524 0.999999 -0.0014958 -0.000555773 0.0014955 0.999998 -0.02058 0.0262422 0.0290981
FixedParameters: 0 0 0

#Transform 72
Transform: AffineTransform_float_3_3
Parameters: 1 -0.000170837 6.2526e-05 0.00017074 0.999999 0.000778683 -6.27921e-05 -0.000778661 0.999999 0.0177711 -0.106453 0.149423
FixedParameters: 0 0 0

#Transform 73
Transform: AffineTransform_float_3_3
Parameters: 1 0.000305118 0.000162613 -0.000304847 0.999999 -0.000830831 -0.000163119 0.000830732 0.999999 0.0163944 0.0623882 0.121006
FixedParameters: 0 0 0

#Transform 74
Transform: AffineTransform_float_3_3
Parameters: 1 4.15535e-05 0.000409273 -4.08233e-05 1 0.000310041 -0.00040908 -0.000310067 1 0.00210899 -0.0321563 0.158877
FixedParameters: 0 0 0

#Transform 75
Transform: AffineTransform_float_3_3
Parameters: 1 0.000107327 0.000237346 -0.000107118 1 -0.000439908 -0.000237441 0.000439857 1 0.00797897 -0.0313669 0.110525
FixedParameters: 0 0 0

#Transform 76
Transform: AffineTransform_float_3_3
Parameters: 0.999999 0.000189029 0.000830414 -0.000188678 1 -0.000205293 -0.000830521 0.000205922 0.999999 -0.0111226 -0.0847954 0.101709
FixedParameters: 0 0 0

#Transform 77
Transform: AffineTransform_float_3_3
Parameters: 1 7.74876e-05 -0.00012228 -7.75459e-05 1 -0.000238119 0.000122243 0.000238138 1 0.0245366 -0.0425658 0.113826
FixedParameters: 0 0 0

#Transform 78
Transform: AffineTransform_float_3_3
Parameters: 1 0.000220512 0.000643643 -0.000220343 1 -0.000131187 -0.000643701 0.000130903 1 -0.00604028 -0.0599166 0.0821952
FixedParameters: 0 0 0

#Transform 79
Transform: AffineTransform_float_3_3
Parameters: 1 -1.44038e-05 0.000546275 1.45654e-05 1 -0.000147728 -0.000546271 0.000147744 1 0.00368842 -0.00868312 0.128014
FixedParameters: 0 0 0

#Transform 80
Transform: AffineTransform_float_3_3
Parameters: 1 -0.000322102 0.000522882 0.000322442 1 -0.000324871 -0.000522672 0.000325208 1 0.00372177 -0.0596982 0.104269
FixedParameters: 0 0 0

#Transform 81
Transform: AffineTransform_float_3_3
Parameters: 0.999999 0.000200504 0.000761428 -0.000200284 1 -0.000144437 -0.000761486 0.000144132 0.999999 0.00413974 -0.0278549 0.112915
FixedParameters: 0 0 0

#Transform 82
Transform: AffineTransform_float_3_3
Parameters: 1 0.000283104 0.000277573 -0.000282999 1 -0.000188862 -0.00027768 0.000188705 1 0.0145722 -0.0556287 0.103121
FixedParameters: 0 0 0

#Transform 83
Transform: AffineTransform_float_3_3
Parameters: 1 -6.13127e-05 0.000431638 6.1548e-05 1 -0.000272325 -0.000431604 0.000272378 1 0.0184226 -0.0475636 0.0830427
FixedParameters: 0 0 0

#Transform 84
Transform: AffineTransform_float_3_3
Parameters: 1 0.000238071 0.000542326 -0.000237852 1 -0.000202451 -0.000542422 0.000202193 1 0.0129084 -0.043879 0.108109
FixedParameters: 0 0 0

#Transform 85
Transform: AffineTransform_float_3_3
Parameters: 0.999999 0.000203464 0.00074574 -0.000203151 1 -0.000209971 -0.000745825 0.000209667 0.999999 0.0356514 -0.020669 0.0868666
FixedParameters: 0 0 0

#Transform 86
Transform: AffineTransform_float_3_3
Parameters: 0.999999 0.000201161 0.000726528 -0.000201776 1 0.00105706 -0.000725937 -0.00105735 0.999999 0.06783 -0.0702231 0.17564
FixedParameters: 0 0 0

#Transform 87
Transform: AffineTransform_float_3_3
Parameters: 1 0.000415347 0.00106048 -0.000418053 0.999998 0.00222852 -0.00105931 -0.00222848 0.999997 0.0552983 -0.135506 0.278799
FixedParameters: 0 0 0

#Transform 88
Transform: AffineTransform_float_3_3
Parameters: 0.999999 0.000382439 0.00136204 -0.000383669 0.999999 0.00123841 -0.00136177 -0.00123885 0.999999 0.0441418 -0.0558619 0.188912
FixedParameters: 0 0 0

#Transform 89
Transform: AffineTransform_float_3_3
Parameters: 0.999999 0.000171046 0.000913969 -0.000172165 0.999999 0.000616628 -0.00091378 -0.00061633 1 0.0371086 -0.0489823 0.182759
FixedParameters: 0 0 0

#Transform 90
Transform: AffineTransform_float_3_3
Parameters: 1 0.000123323 0.00120151 -0.000124015 1 0.000317684 -0.00120145 -0.000317369 1 0.0377475 -0.0850794 0.155097
FixedParameters: 0 0 0

#Transform 91
Transform: AffineTransform_float_3_3
Parameters: 1 0.000145126 0.00107076 -0.000145984 1 0.000429579 -0.00107062 -0.000430222 1 0.0457952 -0.00956769 0.204442
FixedParameters: 0 0 0

#Transform 92
Transform: AffineTransform_float_3_3
Parameters: 1 0.000144957 0.00107883 -0.00014527 1 0.000173707 -0.00107877 -0.000174352 1 0.057367 -0.0617911 0.172516
FixedParameters: 0 0 0

#Transform 93
Transform: AffineTransform_float_3_3
Parameters: 1 0.000145402 0.00105789 -0.000146128 0.999999 0.000837377 -0.00105746 -0.000838009 0.999999 0.0313353 -0.0383883 0.187233
FixedParameters: 0 0 0

#Transform 94
Transform: AffineTransform_float_3_3
Parameters: 1 0.000145029 0.0010754 -0.000145575 1 0.000282653 -0.0010753 -0.000283296 1 0.0426317 -0.0349612 0.157623
FixedParameters: 0 0 0

#Transform 95
Transform: AffineTransform_float_3_3
Parameters: 1 0.000145066 0.0010736 -0.000145733 1 0.000339624 -0.00107349 -0.000340267 1 0.0350027 -0.0818102 0.131442
FixedParameters: 0 0 0

#Transform 96
Transform: AffineTransform_float_3_3
Parameters: 1 0.000145142 0.00107022 -0.000146026 1 0.000446542 -0.00107011 -0.000446242 1 0.0350981 0.00504056 0.154171
FixedParameters: 0 0 0

#Transform 97
Transform: AffineTransform_float_3_3
Parameters: 1 8.57488e-05 0.00107184 -8.58488e-05 1 7.56034e-05 -0.00107181 -7.61187e-05 1 0.0423468 -0.0353358 0.142507
FixedParameters: 0 0 0

#Transform 98
Transform: AffineTransform_float_3_3
Parameters: 1 0.000145116 0.00107145 -0.000145917 1 0.000407562 -0.00107135 -0.000407262 1 0.0296684 -0.0538682 0.155106
FixedParameters: 0 0 0

#Transform 99
Transform: AffineTransform_float_3_3
Parameters: 1 0.000145395 0.00105823 -0.000146098 0.999999 0.000826382 -0.00105781 -0.000827015 0.999999 0.0295105 -0.0656487 0.177684
FixedParameters: 0 0 0

#Transform 100
Transform: AffineTransform_float_3_3
Parameters: 1 0.000145116 0.00107145 -0.000145917 1 0.000407562 -0.00107135 -0.000407262 1 0.0280817 -0.0218598 0.181781
FixedParameters: 0 0 0

#Transform 101
Transform: AffineTransform_float_3_3
Parameters: 0.999999 7.14662e-05 0.00150021 -7.28366e-05 1 0.000477389 -0.00150013 -0.000477936 0.999998 0.0255342 -0.0780104 0.150003
FixedParameters: 0 0 0

#Transform 102
Transform: AffineTransform_float_3_3
Parameters: 1 0.000152419 0.00103296 -0.000152877 1 0.000252444 -0.00103288 -0.000252759 0.999999 0.0393625 -0.0901661 0.127341
FixedParameters: 0 0 0

#Transform 103
Transform: AffineTransform_float_3_3
Parameters: 1 0.000152532 0.0010281 -0.000153295 1 0.000406173 -0.001028 -0.000405876 1 0.0328867 -0.0437732 0.14241
FixedParameters: 0 0 0

#Transform 104
Transform: AffineTransform_float_3_3
Parameters: 1 0.000152532 0.0010281 -0.000153295 1 0.000406173 -0.001028 -0.000405876 1 0.0369175 -0.0141242 0.17032
FixedParameters: 0 0 0

#Transform 105
Transform: AffineTransform_float_3_3
Parameters: 1 0.000152532 0.0010281 -0.000153295 1 0.000406173 -0.001028 -0.000405876 1 0.0406311 -0.0509994 0.167878
FixedParameters: 0 0 0

#Transform 106
Transform: AffineTransform_float_3_3
Parameters: 1 2.59949e-05 0.00121479 -2.70564e-05 1 0.00046249 -0.00121475 -0.000462886 0.999999 0.0407586 -0.0467414 0.17728
FixedParameters: 0 0 0

#Transform 107
Transform: AffineTransform_float_3_3
Parameters: 0.999999 0.000132827 0.00145163 -0.000132989 1 0.000419603 -0.00145137 -0.00041937 0.999999 0.0305512 -0.054252 0.17108
FixedParameters: 0 0 0

#Transform 108
Transform: AffineTransform_float_3_3
Parameters: 0.999999 0.000118486 0.00122711 -0.000119259 1 0.000412554 -0.00122802 -0.000412265 0.999999 0.0332141 -0.0104156 0.167292
FixedParameters: 0 0 0

#Transform 109
Transform: AffineTransform_float_3_3
Parameters: 1 0.000144774 0.00109564 -0.000144831 1 -0.000390073 -0.00109594 0.00039036 1 0.0568498 -0.0449441 0.150804
FixedParameters: 0 0 0

#Transform 110
Transform: AffineTransform_float_3_3
Parameters: 0.999999 0.00010635 0.00129805 -0.000107355 1 0.000414831 -0.00129798 -0.000414497 0.999999 0.0287759 -0.0746587 0.17259
FixedParameters: 0 0 0

#Transform 111
Transform: AffineTransform_float_3_3
Parameters: 1 0.000149161 0.00104781 -0.000149942 1 0.000406804 -0.00104771 -0.000406506 1 0.0329553 -0.0831074 0.15091
FixedParameters: 0 0 0

#Transform 112
Transform: AffineTransform_float_3_3
Parameters: 0.999999 -4.96002e-06 0.00144265 4.76658e-06 1 8.86178e-05 -0.00144264 -8.89351e-05 0.999999 0.00760162 -0.0344784 0.153274
FixedParameters: 0 0 0

#Transform 113
Transform: AffineTransform_float_3_3
Parameters: 0.999999 0.000113341 0.0012622 -0.000113882 1 0.000238619 -0.00126213 -0.000239237 0.999999 0.023307 -0.0349037 0.207317
FixedParameters: 0 0 0

#Transform 114
Transform: AffineTransform_float_3_3
Parameters: 1 -0.000113743 0.00117178 0.000113704 1 4.33242e-05 -0.00117178 -4.3389e-05 1 0.0220074 -0.043419 0.170663
FixedParameters: 0 0 0

#Transform 115
Transform: AffineTransform_float_3_3
Parameters: 0.999999 8.08794e-05 0.00144823 -8.17353e-05 1 0.000374665 -0.00144915 -0.000375263 0.999999 0.0158861 0.0314961 0.17074
FixedParameters: 0 0 0

#Transform 116
Transform: AffineTransform_float_3_3
Parameters: 0.999999 9.09683e-05 0.00139118 -9.17628e-05 1 0.000307796 -0.00139111 -0.000308381 0.999999 0.0218171 -0.0972287 0.167621
FixedParameters: 0 0 0

#Transform 117
Transform: AffineTransform_float_3_3
Parameters: 0.999999 0.000155303 0.00142827 -0.00015501 1 -0.000421626 -0.00142859 0.000421788 0.999999 0.0186656 0.0293664 0.157855
FixedParameters: 0 0 0

#Transform 118
Transform: AffineTransform_float_3_3
Parameters: 0.999998 0.000295651 0.00159175 -0.000297469 0.999999 0.000593565 -0.00159142 -0.000593897 0.999998 0.0137489 -0.111577 0.166102
FixedParameters: 0 0 0

#Transform 119
Transform: AffineTransform_float_3_3
Parameters: 0.999999 8.07484e-05 0.00146407 -8.0307e-05 1 -0.000126111 -0.00146411 0.000126487 0.999999 0.0116041 -0.0237168 0.153117
FixedParameters: 0 0 0

#Transform 120
Transform: AffineTransform_float_3_3
Parameters: 0.999999 0.000119736 0.00155314 -0.000119864 1 0.000380831 -0.0015529 -0.000380584 0.999999 0.00641678 0.00525668 0.170405
FixedParameters: 0 0 0

#Transform 121
Transform: AffineTransform_float_3_3
Parameters: 0.999999 8.07714e-05 0.00146066 -8.06566e-05 1 -1.81373e-05 -0.00146065 1.75701e-05 0.999999 0.0177027 -0.0436168 0.178038
FixedParameters: 0 0 0

#Transform 122
Transform: AffineTransform_float_3_3
Parameters: 0.999999 -8.67196e-05 0.00142268 8.61606e-05 1 0.000277337 -0.0014237 -0.000277454 0.999999 0.0184269 0.00577562 0.188946
FixedParameters: 0 0 0

#Transform 123
Transform: AffineTransform_float_3_3
Parameters: 0.999999 8.07714e-05 0.00146066 -8.06566e-05 1 -1.81373e-05 -0.00146065 1.75701e-05 0.999999 0.0122307 -0.043347 0.203563
FixedParameters: 0 0 0

#Transform 124
Transform: AffineTransform_float_3_3
Parameters: 0.999999 6.86035e-05 0.00151626 -6.90737e-05 1 0.00049992 -0.00151602 -0.000500453 0.999998 0.0177433 -0.0609123 0.212692
FixedParameters: 0 0 0

#Transform 125
Transform: AffineTransform_float_3_3
Parameters: 0.999999 -8.67446e-05 0.00142526 8.6415e-05 1 0.000196379 -0.00142626 -0.000196494 0.999999 0.00695169 -0.0481474 0.196103
FixedParameters: 0 0 0

#Transform 126
Transform: AffineTransform_float_3_3
Parameters: 0.999999 8.08328e-05 0.00145345 -8.1213e-05 1 0.000209748 -0.00145439 -0.000210346 0.999999 0.00319296 -0.0135327 0.202254
FixedParameters: 0 0 0

#Transform 127
Transform: AffineTransform_float_3_3
Parameters: 0.999999 8.08306e-05 0.0014537 -8.11877e-05 1 0.000201752 -0.00145465 -0.00020235 0.999999 0.0207191 -0.0548309 0.172696
FixedParameters: 0 0 0

#Transform 128
Transform: AffineTransform_float_3_3
Parameters: 0.999999 8.07479e-05 0.00146414 -8.03006e-05 1 -0.00012811 -0.00146418 0.000128486 0.999999 -0.0104867 0.00241527 0.185757
FixedParameters: 0 0 0

#Transform 129
Transform: AffineTransform_float_3_3
Parameters: 0.999999 7.17927e-05 0.00150033 -7.29548e-05 1 0.00041133 -0.00150029 -0.000410936 0.999999 -0.0153766 -0.00430893 0.202515
FixedParameters: 0 0 0

#Transform 130
Transform: AffineTransform_float_3_3
Parameters: 1 0.000129362 0.00117576 -0.000129248 1 -2.22869e-05 -0.00117575 2.16515e-05 1 -0.0136353 0.0292974 0.186226
FixedParameters: 0 0 0

#Transform 131
Transform: AffineTransform_float_3_3
Parameters: 0.999999 0.000171104 0.00146492 -0.000171877 0.999999 0.000624001 -0.00146456 -0.000623884 0.999999 -0.00360771 -0.0730026 0.162607
FixedParameters: 0 0 0

#Transform 132
Transform: AffineTransform_float_3_3
Parameters: 0.999999 7.9764e-05 0.00144799 -8.04581e-05 1 0.000600775 -0.00144771 -0.000601331 0.999999 -0.00328708 -0.0348628 0.192219
FixedParameters: 0 0 0

#Transform 133
Transform: AffineTransform_float_3_3
Parameters: 0.999999 0.000102182 0.00133089 -0.000102452 1 0.000124766 -0.00133085 -0.000125369 0.999999 0.00100546 -0.0385079 0.187508
FixedParameters: 0 0 0

#Transform 134
Transform: AffineTransform_float_3_3
Parameters: 1 0.000196781 0.00110367 -0.000196977 1 0.000117482 -0.00110362 -0.000117916 0.999999 -0.00237668 0.0200339 0.212846
FixedParameters: 0 0 0

#Transform 135
Transform: AffineTransform_float_3_3
Parameters: 0.999999 -6.08166e-06 0.0013114 5.81742e-06 1 0.000124479 -0.00131139 -0.000124794 0.999999 0.00302701 -0.0488569 0.195801
FixedParameters: 0 0 0

#Transform 136
Transform: AffineTransform_float_3_3
Parameters: 1 0.00014722 0.00109196 -0.000146443 0.999999 -0.000773385 -0.00109238 0.000773669 0.999999 -0.00437123 -0.00625762 0.162475
FixedParameters: 0 0 0

#Transform 137
Transform: AffineTransform_float_3_3
Parameters: 1 0.000148327 0.0010388 -0.000149173 0.999999 0.000910803 -0.00103836 -0.000911436 0.999999 0.0122933 -0.129273 0.195197
FixedParameters: 0 0 0

#Transform 138
Transform: AffineTransform_float_3_3
Parameters: 0.999999 5.69662e-05 0.0014994 -6.17925e-05 0.999994 0.00327581 -0.00150015 -0.00327635 0.999993 0.0184822 -0.0478564 0.494003
FixedParameters: 0 0 0

#Transform 139
Transform: AffineTransform_float_3_3
Parameters: 0.999998 3.80769e-05 0.00168087 -4.02385e-05 1 0.00093842 -0.00168066 -0.000937932 0.999998 0.0106978 -0.1352 0.263233
FixedParameters: 0 0 0

#Transform 140
Transform: AffineTransform_float_3_3
Parameters: 0.999997 -0.000100553 0.00245446 9.51559e-05 0.999998 0.00191565 -0.00245417 -0.00191519 0.999995 -0.00876607 -0.0864124 0.302269
FixedParameters: 0 0 0

#Transform 141
Transform: AffineTransform_float_3_3
Parameters: 0.999998 7.72743e-06 0.00186501 -9.3287e-06 0.999999 0.000729088 -0.00186484 -0.000728832 0.999998 0.00841325 -0.00776987 0.285233
FixedParameters: 0 0 0

#Transform 142
Transform: AffineTransform_float_3_3
Parameters: 0.999998 3.57292e-05 0.00170148 -3.71376e-05 0.999999 0.000723807 -0.00170127 -0.000723644 0.999999 0.0133882 -0.00545501 0.272567
FixedParameters: 0 0 0

#Transform 143
Transform: AffineTransform_float_3_3
Parameters: 0.999998 -1.863e-05 0.00199913 1.53926e-05 0.999999 0.00131973 -0.00199885 -0.00131937 0.999997 0.00583411 -0.078299 0.271709
FixedParameters: 0 0 0

#Transform 144
Transform: AffineTransform_float_3_3
Parameters: 0.999998 -1.16552e-05 0.00198357 1.05249e-05 1 0.000566836 -0.00198342 -0.000566504 0.999998 0.00289153 -0.0124902 0.2521
FixedParameters: 0 0 0

#Transform 145
Transform: AffineTransform_float_3_3
Parameters: 0.999997 -0.000267645 0.00244494 0.000264327 0.999999 0.00130975 -0.00244513 -0.00130848 0.999996 -0.0068981 -0.0615688 0.287591
FixedParameters: 0 0 0

#Transform 146
Transform: AffineTransform_float_3_3
Parameters: 0.999997 -3.82801e-05 0.00211418 3.49957e-05 0.999999 0.00129845 -0.00211494 -0.00129803 0.999997 0.000398122 -0.0206497 0.297857
FixedParameters: 0 0 0

#Transform 147
Transform: AffineTransform_float_3_3
Parameters: 0.999997 9.27843e-05 0.00249477 -9.6997e-05 0.999998 0.0016948 -0.00249478 -0.00169472 0.999996 -0.0339856 -0.121405 0.273273
FixedParameters: 0 0 0

#Transform 148
Transform: AffineTransform_float_3_3
Parameters: 0.999999 8.29347e-05 0.00183366 -8.03345e-05 0.999999 -0.00127515 -0.00183321 0.0012742 0.999998 -0.00131845 0.0219018 0.195815
FixedParameters: 0 0 0

#Transform 149
Transform: AffineTransform_float_3_3
Parameters: 0.999999 2.56218e-05 0.001754 -2.77894e-05 0.999999 0.000933637 -0.00175376 -0.000934386 0.999998 0.0051769 -0.126647 0.277308
FixedParameters: 0 0 0

#Transform 150
Transform: AffineTransform_float_3_3
Parameters: 0.999998 4.09551e-05 0.00233116 -4.2267e-05 1 0.000323352 -0.00233113 -0.000323597 0.999998 -0.00692021 -0.00862257 0.325403
FixedParameters: 0 0 0

#Transform 151
Transform: AffineTransform_float_3_3
Parameters: 0.999997 -4.11761e-05 0.0021423 3.91123e-05 0.999999 0.000972021 -0.00214204 -0.000971886 0.999998 0.00191163 -0.08661 0.279898
FixedParameters: 0 0 0

#Transform 152
Transform: AffineTransform_float_3_3
Parameters: 0.999999 2.56346e-05 0.00176927 -2.61154e-05 1 0.000451854 -0.00176908 -0.000451658 0.999999 0.00637229 -0.0724175 0.246455
FixedParameters: 0 0 0

#Transform 153
Transform: AffineTransform_float_3_3
Parameters: 0.999998 -3.3443e-05 0.00210926 3.19567e-05 1 0.000614956 -0.00210911 -0.000615474 0.999997 0.00180679 -0.0398449 0.271328
FixedParameters: 0 0 0

#Transform 154
Transform: AffineTransform_float_3_3
Parameters: 0.999999 2.56221e-05 0.0017566 -2.75066e-05 0.999999 0.000851679 -0.00175636 -0.000852428 0.999998 0.0138548 -0.0747351 0.268695
FixedParameters: 0 0 0

#Transform 155
Transform: AffineTransform_float_3_3
Parameters: 0.999998 -5.53157e-05 0.00222746 5.34762e-05 0.999999 0.000898743 -0.00222722 -0.000898538 0.999997 -0.00112705 -0.0703931 0.263079
FixedParameters: 0 0 0

#Transform 156
Transform: AffineTransform_float_3_3
Parameters: 0.999998 -3.23263e-05 0.00209612 3.00413e-05 0.999999 0.000811439 -0.002096 -0.000811352 0.999998 -0.00303529 -0.0303761 0.297853
FixedParameters: 0 0 0

#Transform 157
Transform: AffineTransform_float_3_3
Parameters: 0.999997 -7.7133e-05 0.00236385 7.52832e-05 1 0.000641031 -0.00236378 -0.000640715 0.999997 -0.00522519 -0.0690606 0.26623
FixedParameters: 0 0 0

#Transform 158
Transform: AffineTransform_float_3_3
Parameters: 0.999998 0.000356786 0.00220815 -0.000359297 1 0.00108175 -0.00220804 -0.00108307 0.999997 0.0172749 -0.0327253 0.270271
FixedParameters: 0 0 0

#Transform 159
Transform: AffineTransform_float_3_3
Parameters: 0.999997 -4.02549e-05 0.00213108 3.744e-05 1 0.00113891 -0.00213085 -0.00113845 0.999997 0.0261501 -0.106874 0.261121
FixedParameters: 0 0 0

#Transform 160
Transform: AffineTransform_float_3_3
Parameters: 0.999997 7.31577e-05 0.00212201 -7.63476e-05 0.999999 0.00127125 -0.00212249 -0.0012713 0.999997 0.0208545 -0.0860026 0.283734
FixedParameters: 0 0 0

#Transform 161
Transform: AffineTransform_float_3_3
Parameters: 0.999997 -4.44764e-05 0.00216825 4.22293e-05 0.999999 0.000775757 -0.00216815 -0.000775612 0.999998 0.0240649 -0.0659795 0.262019
FixedParameters: 0 0 0

#Transform 162
Transform: AffineTransform_float_3_3
Parameters: 0.999998 -0.000137303 0.00231195 0.000135064 1 0.00115205 -0.00231177 -0.00115112 0.999996 0.0203374 -0.0812425 0.284677
FixedParameters: 0 0 0

#Transform 163
Transform: AffineTransform_float_3_3
Parameters: 0.999998 -0.000189169 0.00202315 0.000187557 1 0.00114308 -0.00202306 -0.00114296 0.999998 0.030366 -0.0802874 0.284197
FixedParameters: 0 0 0

#Transform 164
Transform: AffineTransform_float_3_3
Parameters: 0.999998 -1.21545e-05 0.00196734 9.70563e-06 1 0.00114061 -0.00196704 -0.00114027 0.999998 0.029333 -0.0440018 0.303421
FixedParameters: 0 0 0

#Transform 165
Transform: AffineTransform_float_3_3
Parameters: 0.999999 -0.00011039 0.00173965 0.000109242 0.999999 0.000651489 -0.00173963 -0.000650819 0.999999 0.0381808 -0.0340549 0.22852
FixedParameters: 0 0 0

#Transform 166
Transform: AffineTransform_float_3_3
Parameters: 0.999999 3.28816e-05 0.00173963 -3.29263e-05 1 4.8881e-05 -0.00173961 -4.93268e-05 0.999998 0.0250302 -0.0410933 0.218143
FixedParameters: 0 0 0

#Transform 167
Transform: AffineTransform_float_3_3
Parameters: 0.999998 -5.28393e-05 0.00222104 5.10595e-05 1 0.000666411 -0.00222093 -0.000666224 0.999998 0.0140068 -0.0854523 0.239178
FixedParameters: 0 0 0

#Transform 168
Transform: AffineTransform_float_3_3
Parameters: 0.999997 -0.000137508 0.00221556 0.000135936 1 0.000382455 -0.00221564 -0.000382844 0.999998 0.0225383 -0.0252314 0.202741
FixedParameters: 0 0 0

#Transform 169
Transform: AffineTransform_float_3_3
Parameters: 0.999999 -3.4518e-05 0.001814 3.38388e-05 1 0.000221394 -0.00181399 -0.000221933 0.999999 0.0533513 -0.0458668 0.206022
FixedParameters: 0 0 0

#Transform 170
Transform: AffineTransform_float_3_3
Parameters: 0.999999 -2.13493e-05 0.00174781 2.1571e-05 1 -0.000308853 -0.00174795 0.000308589 0.999998 0.0357944 0.0338365 0.196865
FixedParameters: 0 0 0

#Transform 171
Transform: AffineTransform_float_3_3
Parameters: 0.999998 8.08395e-06 0.00186932 -8.96214e-06 1 0.000531153 -0.00186912 -0.00053184 0.999998 0.0323887 -0.0249503 0.216502
FixedParameters: 0 0 0

#Transform 172
Transform: AffineTransform_float_3_3
Parameters: 0.999998 2.38221e-06 0.00193635 -1.32823e-06 1 -0.000494217 -0.00193649 0.00049354 0.999998 0.0276538 0.0165261 0.175589
FixedParameters: 0 0 0

#Transform 173
Transform: AffineTransform_float_3_3
Parameters: 0.999998 2.22445e-06 0.00191093 -3.26469e-06 1 0.00030735 -0.00191094 -0.00030708 0.999998 0.0318032 -0.0413276 0.205248
FixedParameters: 0 0 0

#Transform 174
Transform: AffineTransform_float_3_3
Parameters: 0.999998 2.32347e-06 0.00192785 -2.31074e-06 1 -0.000226354 -0.001928 0.000225675 0.999998 0.0315771 -0.0343282 0.183944
FixedParameters: 0 0 0

#Transform 175
Transform: AffineTransform_float_3_3
Parameters: 0.999997 -0.000279265 0.00212285 0.000278245 1 0.00027016 -0.00212297 -0.000269639 0.999997 0.0278689 -0.0485285 0.183945
FixedParameters: 0 0 0

#Transform 176
Transform: AffineTransform_float_3_3
Parameters: 0.999998 -2.67033e-05 0.00208536 2.61769e-05 1 0.000155942 -0.00208535 -0.000156494 0.999998 0.0265228 -0.0446761 0.196995
FixedParameters: 0 0 0

#Transform 177
Transform: AffineTransform_float_3_3
Parameters: 0.999997 -9.08843e-05 0.00248156 9.18835e-05 1 -0.00039369 -0.00248067 0.000394117 0.999997 0.0121135 0.0364228 0.179797
FixedParameters: 0 0 0

#Transform 178
Transform: AffineTransform_float_3_3
Parameters: 0.999998 9.47184e-06 0.00187059 -1.02537e-05 1 0.000242042 -0.00187057 -0.000242741 0.999998 0.0322726 -0.0138046 0.189086
FixedParameters: 0 0 0

#Transform 179
Transform: AffineTransform_float_3_3
Parameters: 0.999997 -9.10073e-05 0.00247645 9.12057e-05 1 -0.000232773 -0.00247559 0.000233197 0.999997 0.0141363 -0.0269674 0.189124
FixedParameters: 0 0 0

#Transform 180
Transform: AffineTransform_float_3_3
Parameters: 0.999997 -0.00015555 0.00221322 0.00015537 1 7.14349e-05 -0.00221326 -7.04664e-05 0.999997 0.0112479 -0.015951 0.216935
FixedParameters: 0 0 0

#Transform 181
Transform: AffineTransform_float_3_3
Parameters: 0.999998 -0.000139318 0.00204314 0.00013873 1 0.000177009 -0.0020432 -0.000176161 0.999998 0.0112576 -0.0334487 0.199066
FixedParameters: 0 0 0

#Transform 182
Transform: AffineTransform_float_3_3
Parameters: 0.999998 -3.17559e-05 0.00211422 3.11345e-05 1 0.00017886 -0.00211424 -0.000178446 0.999998 0.00625499 0.0153449 0.199205
FixedParameters: 0 0 0

#Transform 183
Transform: AffineTransform_float_3_3
Parameters: 0.999998 -2.30376e-05 0.0020601 2.20565e-05 1 0.000268182 -0.0020601 -0.000268752 0.999998 0.0171167 -0.00272722 0.221095
FixedParameters: 0 0 0

#Transform 184
Transform: AffineTransform_float_3_3
Parameters: 0.999998 1.16709e-05 0.00208421 -1.12426e-05 1 -0.000306501 -0.0020844 0.000306727 0.999998 0.0138503 0.000700945 0.18922
FixedParameters: 0 0 0

#Transform 185
Transform: AffineTransform_float_3_3
Parameters: 0.999997 -0.000462513 0.0020998 0.000462587 1 1.29948e-05 -0.00209979 -1.17149e-05 0.999998 0.0248625 -0.0245626 0.210084
FixedParameters: 0 0 0

#Transform 186
Transform: AffineTransform_float_3_3
Parameters: 0.999998 6.25737e-05 0.00201969 -6.23848e-05 1 -1.35878e-05 -0.0020197 1.36157e-05 0.999998 0.0365544 -0.00708627 0.214602
FixedParameters: 0 0 0

#Transform 187
Transform: AffineTransform_float_3_3
Parameters: 0.999998 6.07314e-05 0.00231556 -6.19699e-05 1 0.00034579 -0.0023165 -0.000346156 0.999998 0.0310855 -0.0529396 0.24586
FixedParameters: 0 0 0

#Transform 188
Transform: AffineTransform_float_3_3
Parameters: 0.999998 -0.000363051 0.0020087 0.000362938 1 5.97177e-05 -0.00200872 -5.89221e-05 0.999998 0.0455254 -0.0399894 0.212773
FixedParameters: 0 0 0

#Transform 189
Transform: AffineTransform_float_3_3
Parameters: 0.999998 -0.000291083 0.00158605 0.000290905 1 7.61045e-05 -0.00158608 -7.55128e-05 0.999998 0.0176866 0.0402322 0.23841
FixedParameters: 0 0 0

#Transform 190
Transform: AffineTransform_float_3_3
Parameters: 0.999999 -0.000227633 0.00122231 0.000227388 1 -0.000207863 -0.00122336 0.00020805 0.999999 0.0174856 0.0264356 0.198469
FixedParameters: 0 0 0

#Transform 191
Transform: AffineTransform_float_3_3
Parameters: 0.999999 -0.000259415 0.00141284 0.000259446 1 -0.000336747 -0.00141282 0.000337142 0.999999 0.00948472 -0.0243199 0.195029
FixedParameters: 0 0 0

#Transform 192
Transform: AffineTransform_float_3_3
Parameters: 0.999999 -0.000259357 0.00140677 0.00025885 1 -0.000146845 -0.00140685 0.000147236 0.999999 0.010412 -0.022347 0.207912
FixedParameters: 0 0 0

#Transform 193
Transform: AffineTransform_float_3_3
Parameters: 0.999999 -0.000314524 0.00139368 0.000314677 1 -3.203e-05 -0.00139365 3.25755e-05 0.999999 0.0130626 0.00462437 0.228697
FixedParameters: 0 0 0

#Transform 194
Transform: AffineTransform_float_3_3
