# transform file /out/sourcedata/freesurfer/sub-v1s5x0050750_ses-1/mri/transforms/cc_up.lta
# created by oesteban on Tue Mar 10 06:48:37 2026

type      = 0 # LINEAR_VOX_TO_VOX
nxforms   = 1
mean      = 130.0000 122.0000 114.0000
sigma     = 10000.0000
1 4 4
9.994493126869202e-01 -9.941089898347855e-03 -3.166063874959946e-02 4.406872272491455e+00 
9.936105459928513e-03 9.999506473541260e-01 -3.147567622363567e-04 2.676634788513184e+01 
3.166220337152481e-02 -2.910383392618066e-11 9.994986653327942e-01 2.100145149230957e+01 
0.000000000000000e+00 0.000000000000000e+00 0.000000000000000e+00 1.000000000000000e+00 
src volume info
valid = 1  # volume info valid
filename = /out/sourcedata/freesurfer/sub-v1s5x0050750_ses-1/mri/norm.mgz
volume = 256 256 256
voxelsize = 1.000000000000000e+00 1.000000000000000e+00 1.000000000000000e+00
xras   = -9.999999403953552e-01 1.629814505577087e-09 9.313225746154785e-10
yras   = 0.000000000000000e+00 0.000000000000000e+00 -1.000000000000000e+00
zras   = -1.455191522836685e-09 1.000000000000000e+00 0.000000000000000e+00
cras   = 9.611740112304688e+00 2.150270843505859e+01 -1.465915679931641e+01
dst volume info
valid = 1  # volume info valid
filename = /out/sourcedata/freesurfer/sub-v1s5x0050750_ses-1/mri/norm.mgz
volume = 256 256 256
voxelsize = 1.000000000000000e+00 1.000000000000000e+00 1.000000000000000e+00
xras   = -9.999999403953552e-01 1.629814505577087e-09 9.313225746154785e-10
yras   = 0.000000000000000e+00 0.000000000000000e+00 -1.000000000000000e+00
zras   = -1.455191522836685e-09 1.000000000000000e+00 0.000000000000000e+00
cras   = 9.611740112304688e+00 2.150270843505859e+01 -1.465915679931641e+01
