# transform file transforms/talairach.lta
# created by oesteban on Tue Mar 10 05:21:28 2026

type      = 0 # LINEAR_VOX_TO_VOX
nxforms   = 1
mean      = 130.0000 122.0000 114.0000
sigma     = 10000.0000
1 4 4
1.097303032875061e+00 -2.646383829414845e-02 -3.987431526184082e-02 -7.654658317565918e+00 
3.570991009473801e-02 1.048005819320679e+00 2.284397929906845e-01 -2.948731422424316e+01 
3.638377040624619e-02 -2.294428050518036e-01 9.955873489379883e-01 1.924444770812988e+01 
0.000000000000000e+00 0.000000000000000e+00 0.000000000000000e+00 1.000000000000000e+00 
src volume info
valid = 1  # volume info valid
filename = nu.mgz
volume = 256 256 256
voxelsize = 1.000000000000000e+00 1.000000000000000e+00 1.000000000000000e+00
xras   = -9.999999403953552e-01 1.629814505577087e-09 9.313225746154785e-10
yras   = 0.000000000000000e+00 0.000000000000000e+00 -1.000000000000000e+00
zras   = -1.455191522836685e-09 1.000000000000000e+00 0.000000000000000e+00
cras   = 9.611740112304688e+00 2.150270843505859e+01 -1.465915679931641e+01
dst volume info
valid = 1  # volume info valid
filename = /opt/freesurfer/average/RB_all_2020-01-02.gca
volume = 256 256 256
voxelsize = 1.000000000000000e+00 1.000000000000000e+00 1.000000000000000e+00
xras   = -1.000000000000000e+00 0.000000000000000e+00 0.000000000000000e+00
yras   = 0.000000000000000e+00 0.000000000000000e+00 -1.000000000000000e+00
zras   = 0.000000000000000e+00 1.000000000000000e+00 0.000000000000000e+00
cras   = 0.000000000000000e+00 0.000000000000000e+00 0.000000000000000e+00
