#Insight Transform File V1.0
#Transform 0
Transform: AffineTransform_float_3_3
Parameters: 1 -8.72895e-06 0.000193916 8.45197e-06 0.999999 0.000714585 -0.000193929 -0.000714581 0.999999 0.117805 -0.109985 0.0464276
FixedParameters: 0 0 0

#Transform 1
Transform: AffineTransform_float_3_3
Parameters: 1 -0.00011928 4.11009e-07 0.000119281 0.999999 -0.000754663 -2.30929e-07 0.000754663 0.999999 0.128589 -0.0709937 0.0120369
FixedParameters: 0 0 0

#Transform 2
Transform: AffineTransform_float_3_3
Parameters: 1 0.000255293 0.000268217 -0.000255293 1 -2.94265e-07 -0.000268217 1.5724e-07 1 0.113885 -0.109293 0.0497567
FixedParameters: 0 0 0

#Transform 3
Transform: AffineTransform_float_3_3
Parameters: 1 1.46691e-05 -1.2464e-05 -1.54957e-05 1 -0.00124117 1.30331e-05 0.00124095 1 0.140216 -0.0230042 0.0811288
FixedParameters: 0 0 0

#Transform 4
Transform: AffineTransform_float_3_3
Parameters: 0.999999 0.000549481 0.000435596 -0.000547999 0.999998 -0.00149565 -0.000436593 0.00149511 0.999999 0.0824758 -0.000183987 0.0739281
FixedParameters: 0 0 0

#Transform 5
Transform: AffineTransform_float_3_3
Parameters: 1 -0.00025468 -0.000246675 0.000254171 0.999999 -0.00138298 0.000247074 0.00138288 0.999999 0.123709 -0.0430306 0.0664433
FixedParameters: 0 0 0

#Transform 6
Transform: AffineTransform_float_3_3
Parameters: 1 0.000176423 -4.88497e-05 -0.000176469 1 -0.000475556 4.86818e-05 0.000475573 1 0.0912445 -0.0499043 0.067516
FixedParameters: 0 0 0

#Transform 7
Transform: AffineTransform_float_3_3
Parameters: 1 0.000166142 -0.000320638 -0.000166532 0.999999 -0.000852904 0.000320273 0.000852027 0.999999 0.102481 -0.01305 -0.0277709
FixedParameters: 0 0 0

#Transform 8
Transform: AffineTransform_float_3_3
Parameters: 1 4.96049e-05 0.000263985 -5.01396e-05 0.999999 -0.000829456 -0.000264104 0.000829277 0.999999 0.0602738 0.0311153 0.0287147
FixedParameters: 0 0 0

#Transform 9
Transform: AffineTransform_float_3_3
Parameters: 1 0.000302597 -0.000559651 -0.000302089 1 -0.000414565 0.000559437 0.000415055 1 0.0679817 -0.0325932 0.0619366
FixedParameters: 0 0 0

#Transform 10
Transform: AffineTransform_float_3_3
Parameters: 1 2.80009e-05 -0.000528729 -2.79799e-05 1 1.9839e-05 0.00052873 -1.98094e-05 1 0.074027 -0.0284731 -0.0257646
FixedParameters: 0 0 0

#Transform 11
Transform: AffineTransform_float_3_3
Parameters: 1 0.000501439 -0.00109555 -0.000501916 1 -0.000211371 0.00109525 0.000211438 1 0.0817472 -0.111494 -0.0332012
FixedParameters: 0 0 0

#Transform 12
Transform: AffineTransform_float_3_3
Parameters: 1 0.000539233 -0.000111464 -0.000539199 1 0.000149985 0.000111626 -0.000149865 1 0.0304019 -0.0880755 -0.0503372
FixedParameters: 0 0 0

#Transform 13
Transform: AffineTransform_float_3_3
Parameters: 1 0.000131019 -0.000442292 -0.000130913 1 0.000119909 0.000442324 -0.000119793 1 0.0443677 -0.0178185 -0.0180377
FixedParameters: 0 0 0

#Transform 14
Transform: AffineTransform_float_3_3
Parameters: 0.999999 0.000249784 -0.000783557 -0.00024943 0.999999 0.000844442 0.000783633 -0.000844224 1 0.0478547 -0.0768497 0.0470811
FixedParameters: 0 0 0

#Transform 15
Transform: AffineTransform_float_3_3
Parameters: 1 0.000181518 -0.000564966 -0.000180876 1 0.000429018 0.000565041 -0.000429796 0.999999 0.0476102 -0.0366923 -0.00466472
FixedParameters: 0 0 0

#Transform 16
Transform: AffineTransform_float_3_3
Parameters: 1 0.000333419 -0.000313304 -0.000333115 1 0.000486129 0.000313628 -0.00048592 1 -0.0178617 -0.0409216 0.0539793
FixedParameters: 0 0 0

#Transform 17
Transform: AffineTransform_float_3_3
Parameters: 1 0.000164603 3.14686e-05 -0.000164626 1 0.000364599 -3.13485e-05 -0.00036461 1 -0.0194885 -0.0522882 -0.0404013
FixedParameters: 0 0 0

#Transform 18
Transform: AffineTransform_float_3_3
Parameters: 1 0.000319697 1.8681e-05 -0.000319703 1 0.000172687 -1.85707e-05 -0.000172699 1 -0.017837 -0.036882 0.0324378
FixedParameters: 0 0 0

#Transform 19
Transform: AffineTransform_float_3_3
Parameters: 1 0.000179591 4.00832e-05 -0.000179628 1 0.000460045 -3.9918e-05 -0.00046006 1 -0.00284538 -0.0887243 -0.0116207
FixedParameters: 0 0 0

#Transform 20
Transform: AffineTransform_float_3_3
Parameters: 1 0.000228405 6.81674e-05 -0.00022851 0.999999 0.000770981 -6.78152e-05 -0.000771012 0.999999 0.000528546 -0.0328464 -0.00104046
FixedParameters: 0 0 0

#Transform 21
Transform: AffineTransform_float_3_3
Parameters: 1 0.000141269 1.80638e-05 -0.000141277 1 0.000216018 -1.80027e-05 -0.000216023 1 -0.0150049 -0.133624 0.0400209
FixedParameters: 0 0 0

#Transform 22
Transform: AffineTransform_float_3_3
Parameters: 1 -9.59115e-05 0.000181244 9.60853e-05 1 -0.000479871 -0.000181152 0.000479905 1 0.0136242 0.0316988 -0.034929
FixedParameters: 0 0 0

#Transform 23
Transform: AffineTransform_float_3_3
Parameters: 1 0.000112211 1.38404e-06 -0.000112211 1 3.1028e-05 -1.37708e-06 -3.10284e-05 1 -0.0083889 -0.0598323 0.019812
FixedParameters: 0 0 0

#Transform 24
Transform: AffineTransform_float_3_3
Parameters: 1 -3.43789e-05 6.38099e-05 3.44925e-05 0.999999 -0.000892604 -6.37484e-05 0.000892609 0.999999 0.00211212 0.0426354 -0.0114775
FixedParameters: 0 0 0

#Transform 25
Transform: AffineTransform_float_3_3
Parameters: 1 0.000139569 1.70875e-05 -0.000139576 1 0.000205194 -1.70303e-05 -0.000205199 1 -0.013616 -0.100269 0.0503151
FixedParameters: 0 0 0

#Transform 26
Transform: AffineTransform_float_3_3
Parameters: 1 9.33512e-05 -9.43429e-06 -9.33529e-05 1 -8.90191e-05 9.41766e-06 8.90208e-05 1 0.0256772 -0.0155751 0.0405267
FixedParameters: 0 0 0

#Transform 27
Transform: AffineTransform_float_3_3
Parameters: 1 0.000195658 4.93228e-05 -0.000195714 1 0.000562379 -4.91027e-05 -0.000562398 1 0.00594543 -0.0542155 0.0383732
FixedParameters: 0 0 0

#Transform 28
Transform: AffineTransform_float_3_3
Parameters: 1 8.94861e-05 -1.16506e-05 -8.94888e-05 1 -0.000113619 1.16303e-05 0.000113621 1 -0.00250803 -0.0260354 -0.0246716
FixedParameters: 0 0 0

#Transform 29
Transform: AffineTransform_float_3_3
Parameters: 1 -6.2797e-05 -9.89741e-05 6.27569e-05 1 -0.00108285 9.88059e-05 0.00108287 1 0.00220303 0.0407349 -0.0163538
FixedParameters: 0 0 0

#Transform 30
Transform: AffineTransform_float_3_3
Parameters: 1 0.00011647 -9.80141e-06 -0.000116481 0.999999 -0.00150525 9.22753e-06 0.00150626 0.999999 -0.0139175 0.0295498 0.0282733
FixedParameters: 0 0 0

#Transform 31
Transform: AffineTransform_float_3_3
Parameters: 1 -0.000141431 5.59621e-05 0.00014178 0.999999 -0.00157118 -5.58213e-05 0.00157122 0.999999 0.000770816 0.0495776 -0.0618997
FixedParameters: 0 0 0

#Transform 32
Transform: AffineTransform_float_3_3
Parameters: 1 -8.97419e-05 0.000117752 9.02081e-05 0.999999 -0.00124035 -0.000117833 0.00124039 0.999999 -0.00321404 0.0395657 -0.0516604
FixedParameters: 0 0 0

#Transform 33
Transform: AffineTransform_float_3_3
Parameters: 1 -9.03149e-05 0.00035365 9.12021e-05 0.999999 -0.00122893 -0.000353649 0.00123 0.999999 -0.0138785 0.0183918 -0.0158295
FixedParameters: 0 0 0

#Transform 34
Transform: AffineTransform_float_3_3
Parameters: 1 -5.65968e-05 9.84385e-05 5.63838e-05 0.999998 -0.00207728 -9.79014e-05 0.00207711 0.999998 0.00905965 0.0839223 0.00583565
FixedParameters: 0 0 0

#Transform 35
Transform: AffineTransform_float_3_3
Parameters: 1 7.88765e-05 -5.10593e-05 -7.97116e-05 0.999998 -0.00209941 5.10288e-05 0.00209923 0.999998 0.0172657 0.0840505 -0.00931627
FixedParameters: 0 0 0

#Transform 36
Transform: AffineTransform_float_3_3
Parameters: 1 -0.000156895 0.000276147 0.000157011 0.999998 -0.00165671 -0.000275968 0.00165668 0.999998 0.0215832 0.0388776 0.0832222
FixedParameters: 0 0 0

#Transform 37
Transform: AffineTransform_float_3_3
Parameters: 1 -0.000339512 0.000158476 0.000340128 0.999996 -0.00282159 -0.000157812 0.00282165 0.999996 0.034647 0.123696 -0.0112494
FixedParameters: 0 0 0

#Transform 38
Transform: AffineTransform_float_3_3
Parameters: 1 -0.000150396 0.000189072 0.000151182 0.999998 -0.00162031 -0.000188887 0.0016204 0.999998 0.0039855 0.0108325 0.0308631
FixedParameters: 0 0 0

#Transform 39
Transform: AffineTransform_float_3_3
Parameters: 1 -0.000217042 0.000367728 0.000217913 0.999998 -0.00203345 -0.000367488 0.00203351 0.999998 0.00378464 0.112078 0.027781
FixedParameters: 0 0 0

#Transform 40
Transform: AffineTransform_float_3_3
Parameters: 1 0.000334209 -0.000169687 -0.000334404 1 -0.00107988 0.000168969 0.00108004 0.999999 0.0301251 -0.0536919 0.0720341
FixedParameters: 0 0 0

#Transform 41
Transform: AffineTransform_float_3_3
Parameters: 1 0.000179466 -0.000186746 -0.00017992 0.999997 -0.00216182 0.000186309 0.00216186 0.999997 0.0501805 0.0901135 0.0338353
FixedParameters: 0 0 0

#Transform 42
Transform: AffineTransform_float_3_3
Parameters: 1 0.000107165 0.000294932 -0.00010674 0.999999 -0.000719202 -0.000295085 0.000719138 0.999999 0.00192248 -0.037157 0.0549331
FixedParameters: 0 0 0

#Transform 43
Transform: AffineTransform_float_3_3
Parameters: 1 -0.000132239 5.47341e-05 0.000131612 0.999999 -0.00156454 -5.46625e-05 0.00156443 0.999999 0.0150076 0.0386579 0.0597015
FixedParameters: 0 0 0

#Transform 44
Transform: AffineTransform_float_3_3
Parameters: 1 2.54276e-05 1.11896e-05 -2.52249e-05 0.999999 -0.00126109 -1.15577e-05 0.00126111 0.999999 -0.00237334 0.00123474 0.0519225
FixedParameters: 0 0 0

#Transform 45
Transform: AffineTransform_float_3_3
Parameters: 1 -0.000209461 7.75886e-05 0.000209125 0.999999 -0.00186031 -7.74553e-05 0.00186024 0.999998 0.010636 0.0977498 0.00448651
FixedParameters: 0 0 0

#Transform 46
Transform: AffineTransform_float_3_3
Parameters: 1 -0.000129418 -0.000124784 0.000129252 0.999999 -0.00136479 0.000124833 0.00136478 0.999999 0.00275662 0.0111503 0.0630299
FixedParameters: 0 0 0

#Transform 47
Transform: AffineTransform_float_3_3
Parameters: 1 -0.000351389 0.000377632 0.000352212 0.999996 -0.00274492 -0.000376991 0.00274499 0.999996 0.013261 0.146603 -0.0203353
FixedParameters: 0 0 0

#Transform 48
Transform: AffineTransform_float_3_3
Parameters: 1 -0.000152798 0.000360735 0.000153695 0.999998 -0.00210798 -0.000360734 0.002108 0.999997 -0.0182829 0.0471509 0.0257288
FixedParameters: 0 0 0

#Transform 49
Transform: AffineTransform_float_3_3
Parameters: 1 -0.000199405 0.000287504 0.000200554 0.999993 -0.00355852 -0.000287032 0.00355841 0.999993 0.029899 0.180905 -0.01738
FixedParameters: 0 0 0

#Transform 50
Transform: AffineTransform_float_3_3
Parameters: 1 4.69958e-05 0.000297275 -4.62904e-05 0.999997 -0.00223134 -0.000297181 0.00223113 0.999997 0.0107319 0.0772626 0.041644
FixedParameters: 0 0 0

#Transform 51
Transform: AffineTransform_float_3_3
Parameters: 1 -0.000414032 -0.000114973 0.000413176 0.999994 -0.00326207 0.000116113 0.00326196 0.999994 0.0633293 0.102537 -0.0041331
FixedParameters: 0 0 0

#Transform 52
Transform: AffineTransform_float_3_3
Parameters: 1 -0.000116119 0.000388698 0.000117733 0.999994 -0.00342931 -0.000388767 0.00343015 0.999994 0.0144592 0.0967213 0.0195564
FixedParameters: 0 0 0

#Transform 53
Transform: AffineTransform_float_3_3
Parameters: 1 -0.000264296 0.000385337 0.000266164 0.99999 -0.00437113 -0.000384199 0.00437191 0.999991 0.0613128 0.203975 0.0123289
FixedParameters: 0 0 0

#Transform 54
Transform: AffineTransform_float_3_3
Parameters: 1 -0.000199247 0.000287524 0.000200978 0.999992 -0.00396297 -0.00028655 0.00396282 0.999992 0.0333117 0.142273 0.0111467
FixedParameters: 0 0 0

#Transform 55
Transform: AffineTransform_float_3_3
Parameters: 1 -0.000293672 0.000165148 0.000294978 0.999989 -0.00456719 -0.000164628 0.00456716 0.999989 0.0464494 0.158258 -0.0264702
FixedParameters: 0 0 0

#Transform 56
Transform: AffineTransform_float_3_3
Parameters: 1 -0.000230963 0.000192392 0.000231553 0.999989 -0.00457965 -0.000191531 0.00457938 0.999989 0.0388693 0.149508 -0.0542325
FixedParameters: 0 0 0

#Transform 57
Transform: AffineTransform_float_3_3
Parameters: 1 -0.000380103 2.5028e-05 0.000380676 0.999987 -0.00512133 -2.23172e-05 0.00512113 0.999987 0.0662707 0.156516 -0.0952302
FixedParameters: 0 0 0

#Transform 58
Transform: AffineTransform_float_3_3
Parameters: 1 -0.000339282 4.59134e-05 0.0003393 0.99999 -0.00432177 -4.38971e-05 0.00432157 0.99999 0.0567287 0.163549 -0.0888534
FixedParameters: 0 0 0

#Transform 59
Transform: AffineTransform_float_3_3
Parameters: 1 -0.000410112 0.000174133 0.000411322 0.999986 -0.0053058 -0.000172167 0.00530668 0.999986 0.073442 0.283744 -0.094169
FixedParameters: 0 0 0

#Transform 60
Transform: AffineTransform_float_3_3
Parameters: 1 0.000501583 7.84625e-05 -0.000501775 0.999988 -0.00493394 -8.11835e-05 0.00493317 0.999988 0.088587 0.0990805 0.0305797
FixedParameters: 0 0 0

#Transform 61
Transform: AffineTransform_float_3_3
Parameters: 1 -0.000107226 -0.000462057 0.000104969 0.999986 -0.00526388 0.000462625 0.00526283 0.999986 0.120905 0.244607 0.0256785
FixedParameters: 0 0 0

#Transform 62
Transform: AffineTransform_float_3_3
Parameters: 1 -0.000134356 -0.00047746 0.00013179 0.999985 -0.0054351 0.000478135 0.00543503 0.999985 0.127576 0.193245 0.0363119
FixedParameters: 0 0 0

#Transform 63
Transform: AffineTransform_float_3_3
Parameters: 1 -3.3226e-05 -0.000340094 3.20654e-05 0.999989 -0.00479045 0.000340855 0.00479042 0.999988 0.11736 0.168883 0.0240668
FixedParameters: 0 0 0

#Transform 64
Transform: AffineTransform_float_3_3
Parameters: 1 -0.000226532 -0.000478092 0.000223967 0.999985 -0.00542259 0.000478815 0.00542252 0.999985 0.128965 0.232008 -0.0265596
FixedParameters: 0 0 0

#Transform 65
Transform: AffineTransform_float_3_3
Parameters: 1 -8.3824e-05 -0.000277385 8.22945e-05 0.999987 -0.00510839 0.000277085 0.00510828 0.999987 0.089622 0.163123 0.0235792
FixedParameters: 0 0 0

#Transform 66
Transform: AffineTransform_float_3_3
Parameters: 1 -0.000413691 -0.000421208 0.00041177 0.999983 -0.00579151 0.000423661 0.00579136 0.999983 0.110844 0.232977 0.00217399
FixedParameters: 0 0 0

#Transform 67
Transform: AffineTransform_float_3_3
Parameters: 1 -8.69438e-05 -0.000450334 8.4595e-05 0.999987 -0.005134 0.000451051 0.00513392 0.999987 0.111375 0.225877 0.00912806
FixedParameters: 0 0 0

#Transform 68
Transform: AffineTransform_float_3_3
Parameters: 1 -0.000473185 -0.000447485 0.000470956 0.999988 -0.00501564 0.000449213 0.00501548 0.999987 0.122097 0.236123 0.0242976
FixedParameters: 0 0 0

#Transform 69
Transform: AffineTransform_float_3_3
Parameters: 1 -0.000137841 -0.000421295 0.0001359 0.999989 -0.00478913 0.000422107 0.00478909 0.999988 0.0791761 0.153066 0.0311722
FixedParameters: 0 0 0

#Transform 70
Transform: AffineTransform_float_3_3
Parameters: 1 -0.000514144 -0.000329171 0.000512963 0.999993 -0.00363664 0.000330776 0.00363649 0.999993 0.06826 0.168619 0.0401454
FixedParameters: 0 0 0

#Transform 71
Transform: AffineTransform_float_3_3
Parameters: 1 -0.000643614 -0.000307392 0.000642589 0.999994 -0.00335301 0.000308932 0.00335286 0.999994 0.0873927 0.119035 0.0432814
FixedParameters: 0 0 0

#Transform 72
Transform: AffineTransform_float_3_3
Parameters: 0.999999 -0.000753738 -0.00073799 0.000750754 0.999994 -0.00349958 0.000741162 0.00349881 0.999994 0.117831 0.15079 0.0702029
FixedParameters: 0 0 0

#Transform 73
Transform: AffineTransform_float_3_3
Parameters: 0.999999 -0.00133302 -0.00111801 0.00133126 0.999997 -0.00224901 0.00112139 0.00224773 0.999997 0.170381 0.121 0.203226
FixedParameters: 0 0 0

#Transform 74
Transform: AffineTransform_float_3_3
Parameters: 0.999999 -0.00109552 -0.00132128 0.0010909 0.999995 -0.0031147 0.00132487 0.00311357 0.999994 0.149602 0.0606323 0.140136
FixedParameters: 0 0 0

#Transform 75
Transform: AffineTransform_float_3_3
Parameters: 0.999999 -0.000750865 -0.000895572 0.000748471 0.999998 -0.00216791 0.000896998 0.00216689 0.999997 0.108959 0.0166385 0.116173
FixedParameters: 0 0 0

#Transform 76
Transform: AffineTransform_float_3_3
Parameters: 0.999999 -0.0008655 -0.000670508 0.000863556 0.999996 -0.00268725 0.000673026 0.00268644 0.999996 0.102424 0.0850666 0.0877549
FixedParameters: 0 0 0

#Transform 77
Transform: AffineTransform_float_3_3
Parameters: 1 -0.000578707 -0.00055361 0.000577425 0.999996 -0.00266027 0.000554558 0.00265998 0.999996 0.0861196 0.0817224 0.104649
FixedParameters: 0 0 0

#Transform 78
Transform: AffineTransform_float_3_3
Parameters: 0.999999 -0.000773661 -0.000721576 0.000771871 0.999994 -0.00330467 0.000723984 0.00330411 0.999994 0.101238 0.0759063 0.110785
FixedParameters: 0 0 0

#Transform 79
Transform: AffineTransform_float_3_3
Parameters: 1 -0.000446574 -0.000638311 0.000444978 0.999997 -0.00241835 0.000639592 0.00241801 0.999997 0.0735058 -0.00696419 0.104134
FixedParameters: 0 0 0

#Transform 80
Transform: AffineTransform_float_3_3
Parameters: 1 -0.000612532 -0.000540452 0.000611318 0.999996 -0.00266223 0.000541583 0.00266192 0.999996 0.0800772 0.0997518 0.0853893
FixedParameters: 0 0 0

#Transform 81
Transform: AffineTransform_float_3_3
Parameters: 1 -0.000295295 0.000165693 0.000295597 0.999998 -0.00227132 -0.0001653 0.00227134 0.999998 0.0151839 0.0334667 0.0919787
FixedParameters: 0 0 0

#Transform 82
Transform: AffineTransform_float_3_3
Parameters: 0.999999 -0.000889699 -5.66127e-06 0.000889719 0.999994 -0.00333311 8.78247e-06 0.0033332 0.999995 0.0448264 0.140269 0.030267
FixedParameters: 0 0 0

#Transform 83
Transform: AffineTransform_float_3_3
Parameters: 1 -0.00044057 0.000150568 0.000440804 0.999998 -0.00228164 -0.000149507 0.0022817 0.999998 0.0235676 0.0872447 0.0150166
FixedParameters: 0 0 0

#Transform 84
Transform: AffineTransform_float_3_3
Parameters: 1 -0.000720529 6.17929e-05 0.000721544 0.999996 -0.00263597 -6.01559e-05 0.00263626 0.999997 0.0268624 0.157407 -0.00790508
FixedParameters: 0 0 0

#Transform 85
Transform: AffineTransform_float_3_3
Parameters: 0.999999 -0.00105773 -0.000246711 0.00105717 0.999993 -0.0035748 0.000250246 0.00357464 0.999994 0.0479915 0.2114 -0.0314047
FixedParameters: 0 0 0

#Transform 86
Transform: AffineTransform_float_3_3
Parameters: 1 -0.000914092 -5.40832e-05 0.000914352 0.999997 -0.0023351 5.55449e-05 0.00233526 0.999997 0.020768 0.131204 0.00986889
FixedParameters: 0 0 0

#Transform 87
Transform: AffineTransform_float_3_3
Parameters: 1 -0.000747669 -8.83659e-05 0.000747866 0.999996 -0.00277689 9.03544e-05 0.00277695 0.999996 0.0130327 0.122307 0.0403587
FixedParameters: 0 0 0

#Transform 88
Transform: AffineTransform_float_3_3
Parameters: 1 -0.000710615 -0.000115468 0.00071076 0.999995 -0.00310142 0.000117407 0.00310148 0.999995 0.0322045 0.177864 0.0279507
FixedParameters: 0 0 0

#Transform 89
Transform: AffineTransform_float_3_3
Parameters: 1 -0.000453558 -2.87415e-05 0.000454084 0.999995 -0.00289247 3.01502e-05 0.00289256 0.999996 0.0309428 0.115073 0.0401519
FixedParameters: 0 0 0

#Transform 90
Transform: AffineTransform_float_3_3
Parameters: 1 -0.000934088 -0.000154815 0.000933229 0.999994 -0.00350595 0.000157608 0.0035059 0.999993 0.0704277 0.146363 0.0305275
FixedParameters: 0 0 0

#Transform 91
Transform: AffineTransform_float_3_3
Parameters: 1 -0.000402953 -0.000638331 0.000401054 0.999996 -0.00292925 0.000639202 0.00292903 0.999996 0.0803315 0.0952641 0.0749311
FixedParameters: 0 0 0

#Transform 92
Transform: AffineTransform_float_3_3
Parameters: 0.999999 -0.000877069 -0.000370993 0.000876748 0.999996 -0.00266831 0.000373545 0.00266801 0.999996 0.0700459 0.0768642 0.0532148
FixedParameters: 0 0 0

#Transform 93
Transform: AffineTransform_float_3_3
Parameters: 1 -0.000635865 -1.14135e-05 0.000636492 0.999996 -0.00273831 1.3681e-05 0.0027384 0.999996 0.0437713 0.0912118 0.0733106
FixedParameters: 0 0 0

#Transform 94
Transform: AffineTransform_float_3_3
Parameters: 1 -0.000466139 -0.000592514 0.000464211 0.999995 -0.00332588 0.00059382 0.00332564 0.999994 0.0694637 0.103089 0.0811881
FixedParameters: 0 0 0

#Transform 95
Transform: AffineTransform_float_3_3
Parameters: 1 -0.0005224 -0.000323138 0.000521242 0.999993 -0.00366942 0.000325786 0.00366918 0.999993 0.058464 0.11557 0.0838444
FixedParameters: 0 0 0

#Transform 96
Transform: AffineTransform_float_3_3
Parameters: 1 -0.000472464 -0.000128516 0.000471696 0.999992 -0.00399758 0.000129901 0.00399851 0.999992 0.0461726 0.112232 0.0503601
FixedParameters: 0 0 0

#Transform 97
Transform: AffineTransform_float_3_3
Parameters: 1 -0.000540458 -0.000266899 0.000538865 0.99999 -0.00440949 0.000269527 0.00440924 0.99999 0.0367424 0.183528 0.0500235
FixedParameters: 0 0 0

#Transform 98
Transform: AffineTransform_float_3_3
Parameters: 1 -0.000420107 -0.000334144 0.000418935 0.999991 -0.00435521 0.000335704 0.00435512 0.999991 0.0374979 0.168243 0.0171066
FixedParameters: 0 0 0

#Transform 99
Transform: AffineTransform_float_3_3
Parameters: 1 -0.000261172 3.94897e-05 0.000261515 0.999994 -0.00341574 -3.86187e-05 0.00341568 0.999994 0.0173315 0.133369 0.0294041
FixedParameters: 0 0 0

#Transform 100
Transform: AffineTransform_float_3_3
Parameters: 1 -0.000314822 0.000639706 0.000317792 0.99999 -0.00439206 -0.000638788 0.00439295 0.99999 -0.032226 0.248609 0.0228738
FixedParameters: 0 0 0

#Transform 101
Transform: AffineTransform_float_3_3
Parameters: 1 -0.000135219 0.000673836 0.000137842 0.999992 -0.00404041 -0.000673034 0.00404098 0.999991 -0.0359268 0.126623 0.0527714
FixedParameters: 0 0 0

#Transform 102
Transform: AffineTransform_float_3_3
Parameters: 1 -0.000155999 0.000129483 0.000156468 0.999993 -0.00392012 -0.000129818 0.00391999 0.999993 0.00563222 0.167227 0.0614403
FixedParameters: 0 0 0

#Transform 103
Transform: AffineTransform_float_3_3
Parameters: 1 -0.000458206 -1.13501e-05 0.00045726 0.999987 -0.00495657 1.40215e-05 0.00495625 0.999987 0.026782 0.214977 0.0286954
FixedParameters: 0 0 0

#Transform 104
Transform: AffineTransform_float_3_3
Parameters: 1 -0.000403651 0.000161635 0.000404159 0.999989 -0.00467467 -0.000160369 0.00467456 0.999989 0.00397046 0.170936 0.0582185
FixedParameters: 0 0 0

#Transform 105
Transform: AffineTransform_float_3_3
Parameters: 1 -0.000155832 0.000247535 0.000156688 0.999986 -0.00531502 -0.000246105 0.00531547 0.999986 0.0147723 0.27508 0.0553853
FixedParameters: 0 0 0

#Transform 106
Transform: AffineTransform_float_3_3
Parameters: 1 0.000215349 0.000188019 -0.000214354 0.999986 -0.00520351 -0.000188249 0.00520375 0.999987 -0.00470024 0.150686 0.0941972
FixedParameters: 0 0 0

#Transform 107
Transform: AffineTransform_float_3_3
Parameters: 1 -0.000105965 0.000530955 0.000109772 0.999984 -0.0056917 -0.000530684 0.00569111 0.999984 0.00186922 0.26521 0.065754
FixedParameters: 0 0 0

#Transform 108
Transform: AffineTransform_float_3_3
Parameters: 1 6.20901e-05 0.000588008 -5.96714e-05 0.999988 -0.00483125 -0.000587952 0.00483132 0.999988 -0.0188478 0.19254 0.0481622
FixedParameters: 0 0 0

#Transform 109
Transform: AffineTransform_float_3_3
Parameters: 0.999999 -9.82545e-05 0.000786924 0.000102873 0.999982 -0.00608603 -0.000786347 0.00608597 0.999981 -0.0132738 0.265208 0.0341606
FixedParameters: 0 0 0

#Transform 110
Transform: AffineTransform_float_3_3
Parameters: 1 0.000224363 0.00052788 -0.000220949 0.999984 -0.00563698 -0.000528982 0.00563785 0.999984 -0.0146568 0.198783 0.058382
FixedParameters: 0 0 0

#Transform 111
Transform: AffineTransform_float_3_3
Parameters: 0.999999 -0.00015252 0.000861 0.000158412 0.999979 -0.0065597 -0.000860866 0.00655966 0.999978 -0.0141332 0.265161 0.046584
FixedParameters: 0 0 0

#Transform 112
Transform: AffineTransform_float_3_3
Parameters: 1 0.000138097 0.000899956 -0.000132254 0.99998 -0.00617527 -0.000901249 0.00617566 0.999981 -0.0373252 0.270628 0.0230865
FixedParameters: 0 0 0

#Transform 113
Transform: AffineTransform_float_3_3
Parameters: 1 -0.000274935 0.000804184 0.00027947 0.999984 -0.00562967 -0.000802017 0.00563004 0.999984 -0.0264108 0.248669 0.0263239
FixedParameters: 0 0 0

#Transform 114
Transform: AffineTransform_float_3_3
Parameters: 0.999999 3.86751e-05 0.000961699 -3.30351e-05 0.999985 -0.00544447 -0.000962659 0.00544529 0.999985 -0.039652 0.237339 0.0454493
FixedParameters: 0 0 0

#Transform 115
Transform: AffineTransform_float_3_3
Parameters: 1 -0.000188072 0.000476664 0.000191175 0.99998 -0.00624104 -0.000475175 0.00624134 0.99998 0.0169496 0.273664 0.0160632
FixedParameters: 0 0 0

#Transform 116
Transform: AffineTransform_float_3_3
Parameters: 0.999999 0.00012367 0.000953134 -0.000118697 0.999985 -0.00556196 -0.000954136 0.00556242 0.999984 -0.016247 0.239619 0.0519553
FixedParameters: 0 0 0

#Transform 117
Transform: AffineTransform_float_3_3
Parameters: 0.999999 4.86033e-05 0.000809263 -4.31849e-05 0.99998 -0.00629823 -0.000809846 0.00629789 0.999979 -0.0177182 0.260591 0.0323886
FixedParameters: 0 0 0

#Transform 118
Transform: AffineTransform_float_3_3
Parameters: 1 0.00038441 0.000961293 -0.000379579 0.999985 -0.0055258 -0.000963916 0.00552564 0.999984 -0.068393 0.193712 0.0757596
FixedParameters: 0 0 0

#Transform 119
Transform: AffineTransform_float_3_3
Parameters: 0.999999 -2.83766e-05 0.000897086 3.43441e-05 0.99998 -0.00617198 -0.000897574 0.00617279 0.99998 -0.0226176 0.240356 0.0599084
FixedParameters: 0 0 0

#Transform 120
Transform: AffineTransform_float_3_3
Parameters: 0.999999 0.000164938 0.00140266 -0.000156538 0.999985 -0.00547066 -0.00140381 0.00547067 0.999984 -0.0529775 0.314709 0.0998673
FixedParameters: 0 0 0

#Transform 121
Transform: AffineTransform_float_3_3
Parameters: 0.999999 -0.00025547 0.000891571 0.000260739 0.999981 -0.00618842 -0.000890313 0.00618864 0.99998 -0.0250622 0.270364 0.078225
FixedParameters: 0 0 0

#Transform 122
Transform: AffineTransform_float_3_3
Parameters: 1 0.000151685 0.000959278 -0.000145967 0.999985 -0.00549873 -0.000960227 0.00549926 0.999984 -0.0560996 0.199533 0.0760717
FixedParameters: 0 0 0

#Transform 123
Transform: AffineTransform_float_3_3
Parameters: 0.999999 -0.000233141 0.000906663 0.000239089 0.999982 -0.00601941 -0.000905416 0.00601972 0.999981 -0.059958 0.241922 0.00491125
FixedParameters: 0 0 0

#Transform 124
Transform: AffineTransform_float_3_3
Parameters: 0.999999 9.38683e-05 0.0014677 -8.68483e-05 0.999987 -0.00493791 -0.00146738 0.00493801 0.999987 -0.0914511 0.238818 0.040024
FixedParameters: 0 0 0

#Transform 125
Transform: AffineTransform_float_3_3
Parameters: 0.999999 4.42954e-05 0.000983977 -3.89352e-05 0.999987 -0.00518925 -0.000984755 0.00518904 0.999986 -0.0617091 0.227526 0.0518457
FixedParameters: 0 0 0

#Transform 126
Transform: AffineTransform_float_3_3
Parameters: 0.999999 5.25744e-06 0.0014494 2.63819e-06 0.999983 -0.00594772 -0.00144983 0.00594781 0.999981 -0.0823802 0.298591 0.00287056
FixedParameters: 0 0 0

#Transform 127
Transform: AffineTransform_float_3_3
Parameters: 0.999999 -8.52445e-05 0.00144456 9.2039e-05 0.999988 -0.00488703 -0.00144445 0.00488684 0.999987 -0.124473 0.151434 0.0411732
FixedParameters: 0 0 0

#Transform 128
Transform: AffineTransform_float_3_3
Parameters: 0.999999 -0.000350313 0.00175526 0.000361352 0.99998 -0.00631585 -0.00175282 0.00631698 0.999978 -0.113448 0.303321 -0.0147593
FixedParameters: 0 0 0

#Transform 129
Transform: AffineTransform_float_3_3
Parameters: 0.999998 -0.000491987 0.00216096 0.000506093 0.99998 -0.00632955 -0.00215803 0.0063313 0.999978 -0.133538 0.361941 -0.0216052
FixedParameters: 0 0 0

#Transform 130
Transform: AffineTransform_float_3_3
Parameters: 0.999998 -0.00017922 0.00224117 0.00019159 0.999985 -0.00547411 -0.00224062 0.00547473 0.999982 -0.149207 0.280486 -0.0044166
FixedParameters: 0 0 0

#Transform 131
Transform: AffineTransform_float_3_3
Parameters: 0.999998 -0.00060026 0.00225031 0.000610508 0.999989 -0.00467091 -0.00224808 0.00467288 0.999987 -0.111309 0.229585 -0.0355905
FixedParameters: 0 0 0

#Transform 132
Transform: AffineTransform_float_3_3
Parameters: 0.999998 -0.000324523 0.00201461 0.0003322 0.999992 -0.00413899 -0.00201274 0.00413968 0.99999 -0.126101 0.199033 -0.0110785
FixedParameters: 0 0 0

#Transform 133
Transform: AffineTransform_float_3_3
Parameters: 0.999997 0.000222661 0.00235776 -0.000213183 0.999991 -0.00422466 -0.00235907 0.0042247 0.999988 -0.142761 0.237553 0.00090212
FixedParameters: 0 0 0

#Transform 134
Transform: AffineTransform_float_3_3
Parameters: 0.999997 0.000274386 0.00223336 -0.00026353 0.999988 -0.00486803 -0.0022345 0.00486764 0.999986 -0.160146 0.242877 0.0189455
FixedParameters: 0 0 0

#Transform 135
Transform: AffineTransform_float_3_3
Parameters: 0.999998 4.58677e-05 0.00212804 -3.6778e-05 0.99999 -0.0042844 -0.00212915 0.00428456 0.999988 -0.135829 0.231041 0.0295867
FixedParameters: 0 0 0

#Transform 136
Transform: AffineTransform_float_3_3
Parameters: 0.999998 -0.000302685 0.00225017 0.000312678 0.99999 -0.00461377 -0.00224855 0.00461424 0.999987 -0.103895 0.277586 -0.00237481
FixedParameters: 0 0 0

#Transform 137
Transform: AffineTransform_float_3_3
Parameters: 0.999998 1.14694e-05 0.0022764 -1.4832e-06 0.99999 -0.00459113 -0.00227664 0.00459108 0.999987 -0.113927 0.268243 0.00526316
FixedParameters: 0 0 0

#Transform 138
Transform: AffineTransform_float_3_3
Parameters: 0.999998 0.000126522 0.00212844 -0.000117118 0.999991 -0.00435824 -0.002129 0.00435799 0.999988 -0.121424 0.188694 0.0219079
FixedParameters: 0 0 0

#Transform 139
Transform: AffineTransform_float_3_3
Parameters: 0.999997 0.00035562 0.00226223 -0.000345777 0.999991 -0.00423412 -0.00226376 0.00423267 0.999988 -0.125073 0.285052 0.0388717
FixedParameters: 0 0 0

#Transform 140
Transform: AffineTransform_float_3_3
Parameters: 0.999998 8.16906e-05 0.00205504 -7.16716e-05 0.99999 -0.00457816 -0.00205585 0.00457817 0.999987 -0.111506 0.232105 -0.00323501
FixedParameters: 0 0 0

#Transform 141
Transform: AffineTransform_float_3_3
Parameters: 0.999998 6.86346e-05 0.00200149 -6.09326e-05 0.999991 -0.00420866 -0.00200185 0.00420865 0.99999 -0.132031 0.151197 0.0286152
FixedParameters: 0 0 0

#Transform 142
Transform: AffineTransform_float_3_3
Parameters: 0.999998 0.00013642 0.00198156 -0.000128429 0.999993 -0.00387803 -0.00198266 0.00387815 0.99999 -0.103087 0.284549 0.080995
FixedParameters: 0 0 0

#Transform 143
Transform: AffineTransform_float_3_3
Parameters: 0.999998 -8.33991e-05 0.0019969 9.19812e-05 0.999991 -0.0041584 -0.00199667 0.00415829 0.999989 -0.135342 0.226584 0.0385447
FixedParameters: 0 0 0

#Transform 144
Transform: AffineTransform_float_3_3
Parameters: 0.999997 6.71767e-05 0.00222979 -5.85716e-05 0.999992 -0.00401956 -0.00223075 0.0040196 0.999989 -0.145671 0.174923 0.0626595
FixedParameters: 0 0 0

#Transform 145
Transform: AffineTransform_float_3_3
Parameters: 0.999998 0.000121817 0.00215697 -0.00011195 0.999989 -0.00462742 -0.00215717 0.00462794 0.999987 -0.138019 0.238312 0.062733
FixedParameters: 0 0 0

#Transform 146
Transform: AffineTransform_float_3_3
Parameters: 0.999998 0.000179428 0.00203908 -0.000169326 0.999989 -0.00463398 -0.00203986 0.00463351 0.999987 -0.151943 0.242221 0.0195435
FixedParameters: 0 0 0

#Transform 147
Transform: AffineTransform_float_3_3
Parameters: 0.999996 0.000177645 0.00275638 -0.000166664 0.999991 -0.00426977 -0.0027577 0.00426951 0.999987 -0.174345 0.276162 0.0135897
FixedParameters: 0 0 0

#Transform 148
Transform: AffineTransform_float_3_3
Parameters: 0.999998 0.00013041 0.00230491 -0.000120748 0.999992 -0.00411765 -0.00230545 0.0041173 0.999989 -0.166515 0.193003 0.0597824
FixedParameters: 0 0 0

#Transform 149
Transform: AffineTransform_float_3_3
Parameters: 0.999996 0.000112 0.00270364 -0.000100147 0.99999 -0.0046305 -0.00270386 0.00463045 0.999986 -0.180247 0.271508 0.0558071
FixedParameters: 0 0 0

#Transform 150
Transform: AffineTransform_float_3_3
Parameters: 0.999998 0.000224574 0.0022072 -0.00021618 0.999993 -0.0038668 -0.00220798 0.00386716 0.999991 -0.167838 0.161987 0.0839236
FixedParameters: 0 0 0

#Transform 151
Transform: AffineTransform_float_3_3
Parameters: 0.999997 0.000144848 0.00235452 -0.000134706 0.999991 -0.00433486 -0.00235455 0.0043352 0.999988 -0.158179 0.229695 0.0722062
FixedParameters: 0 0 0

#Transform 152
Transform: AffineTransform_float_3_3
Parameters: 0.999996 0.00070768 0.00266948 -0.000698865 0.999994 -0.00355196 -0.00267196 0.00355023 0.99999 -0.198575 0.189721 0.098199
FixedParameters: 0 0 0

#Transform 153
Transform: AffineTransform_float_3_3
Parameters: 0.999998 0.000160414 0.0022104 -0.000152753 0.999993 -0.00370038 -0.00221136 0.0037001 0.999991 -0.141744 0.192582 0.0549161
FixedParameters: 0 0 0

#Transform 154
Transform: AffineTransform_float_3_3
Parameters: 0.999997 0.000409727 0.00248208 -0.000399713 0.999991 -0.00415601 -0.00248366 0.00415494 0.999988 -0.164915 0.223693 0.000451712
FixedParameters: 0 0 0

#Transform 155
Transform: AffineTransform_float_3_3
Parameters: 0.999998 0.000251033 0.00220184 -0.000242887 0.999993 -0.00382074 -0.0022025 0.003821 0.99999 -0.132203 0.252931 0.0220504
FixedParameters: 0 0 0

#Transform 156
Transform: AffineTransform_float_3_3
Parameters: 0.999996 0.000258407 0.00250804 -0.000248849 0.999992 -0.00383228 -0.00250919 0.00383116 0.999989 -0.163732 0.248893 -0.00443139
FixedParameters: 0 0 0

#Transform 157
Transform: AffineTransform_float_3_3
Parameters: 0.999998 0.000229081 0.00220317 -0.000220862 0.999993 -0.00380006 -0.00220374 0.00379944 0.99999 -0.147489 0.268445 -0.0137076
FixedParameters: 0 0 0

#Transform 158
Transform: AffineTransform_float_3_3
Parameters: 0.999998 0.000312376 0.00223639 -0.000304896 0.999994 -0.0034383 -0.00223798 0.00343746 0.999991 -0.151237 0.253623 0.0201464
FixedParameters: 0 0 0

#Transform 159
Transform: AffineTransform_float_3_3
Parameters: 0.999998 0.000107876 0.00199801 -0.000100238 0.999993 -0.00376219 -0.00199895 0.00376139 0.999991 -0.135093 0.149623 0.0514039
FixedParameters: 0 0 0

#Transform 160
Transform: AffineTransform_float_3_3
Parameters: 0.999997 0.000204202 0.00221125 -0.000195391 0.999993 -0.00369915 -0.00221281 0.00369886 0.999991 -0.137051 0.247238 0.0530808
FixedParameters: 0 0 0

#Transform 161
Transform: AffineTransform_float_3_3
Parameters: 0.999999 0.00020127 0.0019074 -0.000194851 0.999995 -0.00319871 -0.00190806 0.00319885 0.999993 -0.129877 0.169899 0.0728887
FixedParameters: 0 0 0

#Transform 162
Transform: AffineTransform_float_3_3
Parameters: 0.999998 -9.53794e-05 0.0020442 0.000102082 0.999993 -0.00372496 -0.00204357 0.00372581 0.999991 -0.139252 0.210098 0.0516108
FixedParameters: 0 0 0

#Transform 163
Transform: AffineTransform_float_3_3
Parameters: 0.999998 0.000267768 0.00200789 -0.000260285 0.999994 -0.00350191 -0.00200853 0.00350153 0.999992 -0.147257 0.151624 0.077933
FixedParameters: 0 0 0

#Transform 164
Transform: AffineTransform_float_3_3
Parameters: 0.999998 0.000151288 0.00213577 -0.000145424 0.999996 -0.00299502 -0.00213609 0.00299508 0.999994 -0.1437 0.174163 0.105107
FixedParameters: 0 0 0

#Transform 165
Transform: AffineTransform_float_3_3
Parameters: 0.999998 0.000562127 0.00202647 -0.000555023 0.999994 -0.00341843 -0.00202877 0.00341682 0.999992 -0.143489 0.178235 0.101796
FixedParameters: 0 0 0

#Transform 166
Transform: AffineTransform_float_3_3
Parameters: 0.999999 0.000204064 0.00184095 -0.000196043 0.999992 -0.00391772 -0.00184161 0.00391768 0.999991 -0.12475 0.196852 0.0956001
FixedParameters: 0 0 0

#Transform 167
Transform: AffineTransform_float_3_3
Parameters: 0.999997 0.000384015 0.00237655 -0.000375964 0.999994 -0.00335565 -0.00237762 0.00335429 0.999991 -0.174972 0.167427 0.0968222
FixedParameters: 0 0 0

#Transform 168
Transform: AffineTransform_float_3_3
Parameters: 0.999997 7.60005e-05 0.00220261 -6.7923e-05 0.999993 -0.00376848 -0.00220326 0.00376861 0.99999 -0.139198 0.173544 0.030501
FixedParameters: 0 0 0

#Transform 169
Transform: AffineTransform_float_3_3
Parameters: 0.999996 0.000249417 0.0025531 -0.000240524 0.999993 -0.00350867 -0.00255455 0.00350876 0.99999 -0.175077 0.203632 0.0584328
FixedParameters: 0 0 0

#Transform 170
Transform: AffineTransform_float_3_3
Parameters: 0.999997 0.000148873 0.00218018 -0.000140562 0.999991 -0.0040434 -0.00218086 0.004043 0.999989 -0.162802 0.204949 0.0554708
FixedParameters: 0 0 0

#Transform 171
Transform: AffineTransform_float_3_3
Parameters: 0.999998 0.00045891 0.00219301 -0.000450013 0.999992 -0.00396995 -0.00219483 0.00396822 0.99999 -0.145412 0.249982 0.091243
FixedParameters: 0 0 0

#Transform 172
Transform: AffineTransform_float_3_3
Parameters: 0.999998 0.000342177 0.00199565 -0.000335329 0.999994 -0.00340804 -0.00199643 0.00340734 0.999992 -0.13564 0.166277 0.0656288
FixedParameters: 0 0 0

#Transform 173
Transform: AffineTransform_float_3_3
Parameters: 0.999997 4.60535e-05 0.0022573 -3.88466e-05 0.999995 -0.00313135 -0.00225795 0.00313193 0.999992 -0.125823 0.208911 0.0697322
FixedParameters: 0 0 0

#Transform 174
Transform: AffineTransform_float_3_3
Parameters: 0.999999 0.000174759 0.00164553 -0.000168954 0.999994 -0.00342091 -0.00164648 0.00342028 0.999993 -0.111523 0.161613 0.0869887
FixedParameters: 0 0 0

#Transform 175
Transform: AffineTransform_float_3_3
Parameters: 0.999999 0.00011774 0.0017751 -0.000110802 0.999991 -0.00403234 -0.00177609 0.00403257 0.99999 -0.130992 0.21662 0.111204
FixedParameters: 0 0 0

#Transform 176
Transform: AffineTransform_float_3_3
Parameters: 0.999998 0.000277471 0.00231329 -0.000269857 0.999994 -0.00335328 -0.00231459 0.00335255 0.999992 -0.157482 0.191072 0.120668
FixedParameters: 0 0 0

#Transform 177
Transform: AffineTransform_float_3_3
Parameters: 0.999998 0.000330218 0.00206065 -0.000323212 0.999994 -0.00333882 -0.00206225 0.00333821 0.999992 -0.163254 0.0947351 0.103973
FixedParameters: 0 0 0

#Transform 178
Transform: AffineTransform_float_3_3
Parameters: 0.999998 0.000413138 0.00224453 -0.000406068 0.999994 -0.00336878 -0.00224668 0.00336847 0.999992 -0.157794 0.174025 0.122001
FixedParameters: 0 0 0

#Transform 179
Transform: AffineTransform_float_3_3
Parameters: 0.999998 0.000385465 0.00224435 -0.000377444 0.999994 -0.00336419 -0.00224626 0.00336415 0.999992 -0.169084 0.154215 0.159784
FixedParameters: 0 0 0

#Transform 180
Transform: AffineTransform_float_3_3
Parameters: 0.999998 0.000278915 0.00224357 -0.000271795 0.999994 -0.00334725 -0.00224488 0.00334655 0.999992 -0.16842 0.148291 0.13363
FixedParameters: 0 0 0

#Transform 181
Transform: AffineTransform_float_3_3
Parameters: 0.999997 0.000321928 0.00227583 -0.000315269 0.999996 -0.00298503 -0.00227716 0.00298427 0.999993 -0.190869 0.139391 0.10417
FixedParameters: 0 0 0

#Transform 182
Transform: AffineTransform_float_3_3
Parameters: 0.999997 0.000332523 0.00251369 -0.000324812 0.999995 -0.00313933 -0.00251522 0.00313817 0.999992 -0.201362 0.137601 0.0925984
FixedParameters: 0 0 0

#Transform 183
Transform: AffineTransform_float_3_3
Parameters: 0.999997 -2.13824e-05 0.00224125 2.84427e-05 0.999995 -0.00329911 -0.0022418 0.00329987 0.999992 -0.175452 0.236287 0.0797246
FixedParameters: 0 0 0

#Transform 184
Transform: AffineTransform_float_3_3
Parameters: 0.999998 0.000463274 0.0022503 -0.000455283 0.999994 -0.00331414 -0.00225183 0.00331267 0.999992 -0.185925 0.145619 0.0646002
FixedParameters: 0 0 0

#Transform 185
Transform: AffineTransform_float_3_3
Parameters: 0.999998 0.000327193 0.00226948 -0.000320399 0.999995 -0.00306151 -0.00227059 0.0030607 0.999993 -0.184979 0.162809 0.0797161
FixedParameters: 0 0 0

#Transform 186
Transform: AffineTransform_float_3_3
Parameters: 0.999997 0.000284516 0.00224266 -0.000278538 0.999996 -0.00269961 -0.00224327 0.00269916 0.999994 -0.201269 0.176342 0.0923533
FixedParameters: 0 0 0

#Transform 187
Transform: AffineTransform_float_3_3
Parameters: 0.999997 0.000203731 0.00230067 -0.000198952 0.999998 -0.00195403 -0.00230089 0.00195333 0.999995 -0.198918 0.210851 0.100203
FixedParameters: 0 0 0

#Transform 188
Transform: AffineTransform_float_3_3
Parameters: 0.999997 9.9589e-05 0.00238081 -9.48112e-05 0.999998 -0.00171999 -0.0023815 0.00171993 0.999995 -0.213141 0.109139 0.0821647
FixedParameters: 0 0 0

#Transform 189
Transform: AffineTransform_float_3_3
Parameters: 0.999997 -9.69117e-05 0.00233659 0.00010207 0.999998 -0.00217967 -0.00233696 0.00217928 0.999995 -0.208159 0.108779 0.0608224
FixedParameters: 0 0 0

#Transform 190
