#Insight Transform File V1.0
#Transform 0
Transform: AffineTransform_float_3_3
Parameters: 0.999999 -0.000888135 8.97115e-05 0.000888075 0.999999 0.00113504 -9.06132e-05 -0.00113496 1 0.0321033 -0.0576143 0.0643884
FixedParameters: 0 0 0

#Transform 1
Transform: AffineTransform_float_3_3
Parameters: 0.999999 -0.000870223 6.91521e-05 0.000870249 1 0.000851336 -6.96457e-05 -0.000851307 0.999999 0.0324002 -0.103473 0.121705
FixedParameters: 0 0 0

#Transform 2
Transform: AffineTransform_float_3_3
Parameters: 1 -0.00121202 -7.52994e-05 0.0012121 0.999999 0.000557922 7.48099e-05 -0.000558187 1 0.0410138 0.0111754 0.0753099
FixedParameters: 0 0 0

#Transform 3
Transform: AffineTransform_float_3_3
Parameters: 0.999999 -0.000828789 2.15807e-05 0.000828781 0.999999 0.000193364 -2.19011e-05 -0.000193328 1 0.037134 -0.0348502 0.118013
FixedParameters: 0 0 0

#Transform 4
Transform: AffineTransform_float_3_3
Parameters: 0.999999 -0.00101085 5.48194e-05 0.00101092 1 0.00063456 -5.51142e-05 -0.000634541 1 0.0222963 -0.000431535 0.0870117
FixedParameters: 0 0 0

#Transform 5
Transform: AffineTransform_float_3_3
Parameters: 1 -0.000995031 0.000383821 0.000995377 0.999999 0.000751404 -0.000385528 -0.000751705 0.999999 0.0353541 -0.0289603 0.12178
FixedParameters: 0 0 0

#Transform 6
Transform: AffineTransform_float_3_3
Parameters: 0.999999 -0.000853138 4.95813e-05 0.000853225 1 0.000580578 -4.95838e-05 -0.000580585 1 0.0260413 -0.072319 0.123711
FixedParameters: 0 0 0

#Transform 7
Transform: AffineTransform_float_3_3
Parameters: 0.999999 -0.000923834 0.000113376 0.000923778 0.999999 0.000245039 -0.000113829 -0.000244829 1 0.0357524 0.0147968 0.112511
FixedParameters: 0 0 0

#Transform 8
Transform: AffineTransform_float_3_3
Parameters: 0.999999 -0.000844673 0.000175738 0.00084445 0.999999 0.000453463 -0.000175587 -0.000454235 1 0.0391581 0.00679153 0.123185
FixedParameters: 0 0 0

#Transform 9
Transform: AffineTransform_float_3_3
Parameters: 0.999999 -0.000841789 0.000220881 0.000841607 0.999999 0.000412201 -0.000221574 -0.000411829 1 0.0110317 -0.0299164 0.14918
FixedParameters: 0 0 0

#Transform 10
Transform: AffineTransform_float_3_3
Parameters: 1 -0.000350875 0.000182694 0.000350667 1 0.000568377 -0.000183092 -0.000568249 1 0.0274016 -0.0190941 0.126455
FixedParameters: 0 0 0

#Transform 11
Transform: AffineTransform_float_3_3
Parameters: 0.999999 -0.000832742 2.61175e-05 0.000832728 0.999999 0.000256076 -2.65439e-05 -0.000256032 1 0.0323908 0.0242319 0.0899803
FixedParameters: 0 0 0

#Transform 12
Transform: AffineTransform_float_3_3
Parameters: 1 -0.00060038 4.47222e-05 0.000600331 0.999999 0.000543619 -4.53748e-05 -0.000543565 1 0.0308868 0.0216294 0.0915292
FixedParameters: 0 0 0

#Transform 13
Transform: AffineTransform_float_3_3
Parameters: 1 -0.000538204 4.64065e-05 0.00053815 0.999999 0.000574537 -4.70248e-05 -0.000574487 1 0.0144715 0.0223006 0.0927129
FixedParameters: 0 0 0

#Transform 14
Transform: AffineTransform_float_3_3
Parameters: 1 -0.00033091 -5.40972e-05 0.000330922 1 0.000110684 5.4024e-05 -0.00011072 1 0.0356621 -0.00172331 0.0891562
FixedParameters: 0 0 0

#Transform 15
Transform: AffineTransform_float_3_3
Parameters: 1 -0.000388593 2.75271e-05 0.000388574 1 0.000331165 -2.77844e-05 -0.000331143 1 0.0139414 -0.0521242 0.0917091
FixedParameters: 0 0 0

#Transform 16
Transform: AffineTransform_float_3_3
Parameters: 1 -0.000242365 3.43354e-05 0.000242334 1 0.000443356 -3.45502e-05 -0.00044334 1 0.0106649 0.025497 0.0921213
FixedParameters: 0 0 0

#Transform 17
Transform: AffineTransform_float_3_3
Parameters: 1 -0.000370902 7.09211e-06 0.000370902 1 5.04623e-05 -7.12954e-06 -5.04571e-05 1 0.0108621 0.0177062 0.106588
FixedParameters: 0 0 0

#Transform 18
Transform: AffineTransform_float_3_3
Parameters: 1 -0.000117421 3.24268e-05 0.000117393 1 0.000432278 -3.25283e-05 -0.00043227 1 0.0019195 -0.0585257 0.0783036
FixedParameters: 0 0 0

#Transform 19
Transform: AffineTransform_float_3_3
Parameters: 1 -0.000126845 2.14573e-05 0.000126833 1 0.000279779 -2.15282e-05 -0.000279774 1 0.0029243 -0.0228469 0.0514076
FixedParameters: 0 0 0

#Transform 20
Transform: AffineTransform_float_3_3
Parameters: 1 9.73164e-06 -3.09604e-05 -9.75791e-06 1 -0.000425102 3.09521e-05 0.000425102 1 -0.000392971 -0.0142246 -0.00418274
FixedParameters: 0 0 0

#Transform 21
Transform: AffineTransform_float_3_3
Parameters: 1 -1.01364e-05 0.000120766 1.01453e-05 1 -3.66024e-05 -0.000120765 3.66048e-05 1 -0.000136741 0.00628503 -0.00257664
FixedParameters: 0 0 0

#Transform 22
Transform: AffineTransform_float_3_3
Parameters: 1 7.41234e-05 3.2846e-05 -7.41537e-05 1 0.000461392 -3.27775e-05 -0.000461397 1 -0.00746745 -0.033017 0.0887092
FixedParameters: 0 0 0

#Transform 23
Transform: AffineTransform_float_3_3
Parameters: 1 9.81619e-05 -1.12863e-05 -9.81651e-05 1 -0.000142683 1.12583e-05 0.000142686 1 0.00161875 0.0188244 -0.00156804
FixedParameters: 0 0 0

#Transform 24
Transform: AffineTransform_float_3_3
Parameters: 1 4.21942e-05 5.37452e-05 -4.22743e-05 0.999999 0.000745183 -5.36821e-05 -0.000745187 0.999999 -0.0135967 0.0253415 0.0515528
FixedParameters: 0 0 0

#Transform 25
Transform: AffineTransform_float_3_3
Parameters: 1 5.45019e-05 3.94643e-05 -5.45453e-05 1 0.000550091 -3.94042e-05 -0.000550095 1 -0.0174168 0.00920222 0.00949452
FixedParameters: 0 0 0

#Transform 26
Transform: AffineTransform_float_3_3
Parameters: 1 3.06977e-05 6.70745e-05 -3.08222e-05 0.999999 0.000927335 -6.70174e-05 -0.000927339 0.999999 -0.0198082 -0.0254754 0.0119531
FixedParameters: 0 0 0

#Transform 27
Transform: AffineTransform_float_3_3
Parameters: 1 3.37137e-05 6.35787e-05 -3.38256e-05 0.999999 0.000879557 -6.35192e-05 -0.000879562 0.999999 -0.016924 0.0145375 0.0113016
FixedParameters: 0 0 0

#Transform 28
Transform: AffineTransform_float_3_3
Parameters: 1 8.71281e-05 1.55288e-06 -8.71282e-05 1 3.25004e-05 -1.54721e-06 -3.25007e-05 1 -0.0180456 0.0227202 -0.0160225
FixedParameters: 0 0 0

#Transform 29
Transform: AffineTransform_float_3_3
Parameters: 1 6.31263e-05 -3.9068e-05 -6.30944e-05 1 0.0004087 3.91197e-05 -0.000408695 1 -0.00586987 0.00463477 0.0645755
FixedParameters: 0 0 0

#Transform 30
Transform: AffineTransform_float_3_3
Parameters: 1 0.00028972 6.12007e-07 -0.00028972 1 4.53318e-05 -5.85729e-07 -4.53321e-05 1 -0.00628041 -0.0411394 0.0336847
FixedParameters: 0 0 0

#Transform 31
Transform: AffineTransform_float_3_3
Parameters: 1 0.000196945 3.10907e-05 -0.000196973 1 0.000452178 -3.09125e-05 -0.000452191 1 -0.0197532 -0.0120526 0.00988017
FixedParameters: 0 0 0

#Transform 32
Transform: AffineTransform_float_3_3
Parameters: 1 8.32401e-05 6.07486e-06 -8.32412e-05 1 9.4213e-05 -6.05916e-06 -9.4214e-05 1 -0.00986712 -0.000963509 -0.0530228
FixedParameters: 0 0 0

#Transform 33
Transform: AffineTransform_float_3_3
Parameters: 1 8.84782e-05 0.000147162 -8.84846e-05 1 2.19151e-05 -0.000147159 -2.19411e-05 1 -0.0213006 -0.0481119 -0.0626422
FixedParameters: 0 0 0

#Transform 34
Transform: AffineTransform_float_3_3
Parameters: 1 0.000197063 0.00028485 -0.000197204 1 0.000246698 -0.000284752 -0.00024681 1 -0.0249718 -0.00303953 -0.0422981
FixedParameters: 0 0 0

#Transform 35
Transform: AffineTransform_float_3_3
Parameters: 1 8.71281e-05 1.55288e-06 -8.71282e-05 1 3.25004e-05 -1.54721e-06 -3.25007e-05 1 -0.0219485 -0.00773009 -0.0425576
FixedParameters: 0 0 0

#Transform 36
Transform: AffineTransform_float_3_3
Parameters: 1 0.000134241 -5.33325e-05 -0.000134317 0.999999 -0.00071601 5.31401e-05 0.000716024 0.999999 -0.0180378 0.049752 -0.0473469
FixedParameters: 0 0 0

#Transform 37
Transform: AffineTransform_float_3_3
Parameters: 1 9.22067e-05 -4.35559e-06 -9.22071e-05 1 -4.8124e-05 4.34671e-06 4.81248e-05 1 -0.0381159 -0.043968 0.0187161
FixedParameters: 0 0 0

#Transform 38
Transform: AffineTransform_float_3_3
Parameters: 1 0.000125163 -4.27441e-05 -0.000125212 1 -0.000571683 4.26009e-05 0.000571694 1 -0.0337123 0.0136424 0.0216014
FixedParameters: 0 0 0

#Transform 39
Transform: AffineTransform_float_3_3
Parameters: 1 0.000283541 0.000371662 -0.000283258 1 -0.000381185 -0.000371878 0.000380975 1 -0.038586 0.0334354 -0.000210392
FixedParameters: 0 0 0

#Transform 40
Transform: AffineTransform_float_3_3
Parameters: 1 0.000293078 0.000518213 -0.000293788 1 -0.000267721 -0.000518357 0.000267479 1 -0.0397235 0.0159958 0.0244332
FixedParameters: 0 0 0

#Transform 41
Transform: AffineTransform_float_3_3
Parameters: 1 0.000252433 0.000425605 -0.00025222 1 -0.000250457 -0.000425731 0.000250242 1 -0.0248091 0.00290483 -0.0232515
FixedParameters: 0 0 0

#Transform 42
Transform: AffineTransform_float_3_3
Parameters: 1 0.000347077 0.00049765 -0.000346483 1 -0.000597466 -0.000497075 0.000597048 0.999999 -0.0230191 -0.0104663 -0.0485428
FixedParameters: 0 0 0

#Transform 43
Transform: AffineTransform_float_3_3
Parameters: 0.999999 0.000511563 0.000788569 -0.000511395 1 -0.000107282 -0.000788678 0.000106476 0.999999 -0.0272695 -0.0054557 -0.0441304
FixedParameters: 0 0 0

#Transform 44
Transform: AffineTransform_float_3_3
Parameters: 0.999999 0.000649784 0.00043762 -0.000649682 1 -0.000116974 -0.000437771 0.000116405 1 -0.0307848 0.0233313 -0.0835389
FixedParameters: 0 0 0

#Transform 45
Transform: AffineTransform_float_3_3
Parameters: 1 7.50169e-05 0.000536993 -7.43538e-05 1 -0.000617341 -0.000537085 0.000617261 0.999999 -0.00541111 0.0284367 -0.0882801
FixedParameters: 0 0 0

#Transform 46
Transform: AffineTransform_float_3_3
Parameters: 1 0.000704479 8.82486e-05 -0.000704811 0.999997 -0.00204586 -8.98791e-05 0.0020457 0.999998 0.00842624 0.0702913 -0.0172621
FixedParameters: 0 0 0

#Transform 47
Transform: AffineTransform_float_3_3
Parameters: 0.999999 0.000797272 0.000353912 -0.000796336 0.999999 -0.00111634 -0.000354576 0.00111569 1 -0.00673368 -0.014626 -0.0214167
FixedParameters: 0 0 0

#Transform 48
Transform: AffineTransform_float_3_3
Parameters: 0.999999 0.000581358 0.000795544 -0.000579979 0.999999 -0.000867052 -0.000795434 0.000866065 1 -0.0258103 0.0768 -0.0619182
FixedParameters: 0 0 0

#Transform 49
Transform: AffineTransform_float_3_3
Parameters: 1 0.000443226 0.000550794 -0.000442199 0.999999 -0.000873678 -0.00055137 0.000874195 1 -0.036448 0.00732245 -0.0613939
FixedParameters: 0 0 0

#Transform 50
Transform: AffineTransform_float_3_3
Parameters: 0.999999 0.000482803 0.000592647 -0.000481412 1 -0.00105013 -0.000593534 0.00104955 1 -0.0220141 0.0450802 -0.0992952
FixedParameters: 0 0 0

#Transform 51
Transform: AffineTransform_float_3_3
Parameters: 0.999999 0.000404897 0.000753915 -0.000403535 0.999999 -0.00146166 -0.000753969 0.00146103 0.999998 -0.0254579 -0.00301084 -0.101882
FixedParameters: 0 0 0

#Transform 52
Transform: AffineTransform_float_3_3
Parameters: 0.999999 0.000472343 0.000774681 -0.000471377 0.999999 -0.00116763 -0.000774654 0.00116688 0.999999 -0.0316531 0.050479 -0.100008
FixedParameters: 0 0 0

#Transform 53
Transform: AffineTransform_float_3_3
Parameters: 1 0.000415869 0.0004704 -0.000414767 1 -0.00101717 -0.00047013 0.00101669 1 -0.0180065 -0.022682 -0.0985483
FixedParameters: 0 0 0

#Transform 54
Transform: AffineTransform_float_3_3
Parameters: 0.999999 0.000314969 0.000689 -0.000314724 0.999999 -0.00089379 -0.000689423 0.000893427 1 -0.0133249 0.0712675 -0.109309
FixedParameters: 0 0 0

#Transform 55
Transform: AffineTransform_float_3_3
Parameters: 1 0.00031244 0.000566799 -0.000312446 0.999999 -0.000864863 -0.0005672 0.00086458 1 -0.0300854 0.0295957 -0.0637485
FixedParameters: 0 0 0

#Transform 56
Transform: AffineTransform_float_3_3
Parameters: 1 0.000331615 0.000522447 -0.000331236 1 -0.00116786 -0.000523082 0.00116757 0.999999 -0.0145415 0.0096906 -0.078615
FixedParameters: 0 0 0

#Transform 57
Transform: AffineTransform_float_3_3
Parameters: 0.999999 0.00044926 0.000792118 -0.000448771 0.999999 -0.000932216 -0.000791825 0.000931503 0.999999 -0.0112181 0.0646323 -0.0387998
FixedParameters: 0 0 0

#Transform 58
Transform: AffineTransform_float_3_3
Parameters: 0.999999 0.000359531 0.000752722 -0.000359547 1 -0.000645539 -0.000753172 0.00064506 0.999999 -0.0110469 0.071722 -0.0595633
FixedParameters: 0 0 0

#Transform 59
Transform: AffineTransform_float_3_3
Parameters: 0.999999 0.00033368 0.000718914 -0.000332822 1 -0.00118219 -0.000719563 0.00118176 0.999999 0.00288897 0.0755948 -0.136673
FixedParameters: 0 0 0

#Transform 60
Transform: AffineTransform_float_3_3
Parameters: 1 0.000307851 0.000549843 -0.000307965 0.999999 -0.000794586 -0.000549329 0.000794237 0.999999 -0.0186036 -0.00406694 -0.126497
FixedParameters: 0 0 0

#Transform 61
Transform: AffineTransform_float_3_3
Parameters: 1 0.000473574 0.000450802 -0.000472388 0.999999 -0.00115378 -0.000451769 0.00115335 0.999999 -0.0161804 0.0294814 -0.124097
FixedParameters: 0 0 0

#Transform 62
Transform: AffineTransform_float_3_3
Parameters: 0.999999 0.000329002 0.000780839 -0.000328122 1 -0.00110365 -0.000780436 0.00110311 0.999999 -0.0183806 0.0454172 -0.140527
FixedParameters: 0 0 0

#Transform 63
Transform: AffineTransform_float_3_3
Parameters: 0.999999 0.000341369 0.000821526 -0.0003414 1 -0.000543225 -0.000820822 0.000543649 0.999999 0.00933734 -0.048748 -0.17018
FixedParameters: 0 0 0

#Transform 64
Transform: AffineTransform_float_3_3
Parameters: 0.999999 0.000255253 0.000840244 -0.000254071 1 -0.00116585 -0.000840627 0.00116647 0.999999 -0.000858504 0.0392409 -0.15089
FixedParameters: 0 0 0

#Transform 65
Transform: AffineTransform_float_3_3
Parameters: 1 0.000337652 0.000573985 -0.000337051 0.999999 -0.00125768 -0.000573706 0.00125727 0.999999 0.000400182 -0.0206715 -0.096842
FixedParameters: 0 0 0

#Transform 66
Transform: AffineTransform_float_3_3
Parameters: 1 0.000619842 0.000269272 -0.000620471 0.999999 -0.000666987 -0.000269095 0.000666642 0.999999 -0.00791136 0.0632968 -0.0830946
FixedParameters: 0 0 0

#Transform 67
Transform: AffineTransform_float_3_3
Parameters: 0.999999 0.000759057 0.000257418 -0.000759356 1 -0.000932696 -0.000257761 0.000933271 0.999999 -0.00654174 0.0877833 -0.0775847
FixedParameters: 0 0 0

#Transform 68
Transform: AffineTransform_float_3_3
Parameters: 1 0.00111063 0.000336532 -0.00111069 1 8.11226e-05 -0.000336478 -8.18792e-05 1 -0.0266235 -0.0550035 -0.0557384
FixedParameters: 0 0 0

#Transform 69
Transform: AffineTransform_float_3_3
Parameters: 1 0.00094732 0.00049422 -0.000947156 0.999999 -0.00116352 -0.00049542 0.00116257 0.999999 -4.35302e-05 0.110021 -0.151744
FixedParameters: 0 0 0

#Transform 70
Transform: AffineTransform_float_3_3
Parameters: 0.999999 0.000981197 0.000309355 -0.000980832 0.999998 -0.00171034 -0.000311457 0.0017097 0.999999 -0.00802372 0.0731481 -0.175262
FixedParameters: 0 0 0

#Transform 71
Transform: AffineTransform_float_3_3
Parameters: 0.999999 0.000748301 0.000371117 -0.000747666 0.999998 -0.00179178 -0.000372544 0.00179119 0.999999 -0.0228468 0.00888568 -0.220513
FixedParameters: 0 0 0

#Transform 72
Transform: AffineTransform_float_3_3
Parameters: 0.999999 0.000611493 0.000465352 -0.000610884 0.999997 -0.00230659 -0.00046579 0.00230597 0.999997 -0.0214739 0.0575641 -0.258958
FixedParameters: 0 0 0

#Transform 73
Transform: AffineTransform_float_3_3
Parameters: 0.999999 0.00068279 0.000686208 -0.000681044 0.999997 -0.00234662 -0.000686956 0.00234663 0.999997 -0.0199391 0.0551789 -0.26961
FixedParameters: 0 0 0

#Transform 74
Transform: AffineTransform_float_3_3
Parameters: 1 0.000570437 0.000247652 -0.000569216 0.999998 -0.00187522 -0.00024855 0.00187484 0.999998 0.0113335 0.0589442 -0.267062
FixedParameters: 0 0 0

#Transform 75
Transform: AffineTransform_float_3_3
Parameters: 1 0.000672369 0.000224509 -0.000671278 0.999998 -0.00177871 -0.000225659 0.00177831 0.999999 -0.0234784 0.0705903 -0.291689
FixedParameters: 0 0 0

#Transform 76
Transform: AffineTransform_float_3_3
Parameters: 0.999999 0.000736663 0.000455752 -0.000735222 0.999999 -0.00134972 -0.000457542 0.00135003 0.999999 -0.0336304 -0.0400767 -0.289246
FixedParameters: 0 0 0

#Transform 77
Transform: AffineTransform_float_3_3
Parameters: 1 0.000526902 0.000410418 -0.00052591 0.999998 -0.00205568 -0.00041133 0.00205521 0.999998 -0.0191889 0.0578705 -0.286097
FixedParameters: 0 0 0

#Transform 78
Transform: AffineTransform_float_3_3
Parameters: 1 0.00055055 0.000133371 -0.000550448 0.999997 -0.00244064 -0.00013468 0.00244045 0.999997 -0.00464725 0.0519876 -0.273521
FixedParameters: 0 0 0

#Transform 79
Transform: AffineTransform_float_3_3
Parameters: 0.999999 0.000511632 0.000450014 -0.000510553 0.999998 -0.00196913 -0.000451763 0.00196871 0.999998 -0.0332446 0.0203276 -0.256041
FixedParameters: 0 0 0

#Transform 80
Transform: AffineTransform_float_3_3
Parameters: 1 0.000508996 -0.000138488 -0.00050921 0.999997 -0.0023529 0.000137455 0.00235294 0.999997 -0.0132663 -0.00900719 -0.257075
FixedParameters: 0 0 0

#Transform 81
Transform: AffineTransform_float_3_3
Parameters: 1 0.000506268 0.000130714 -0.000506429 0.999998 -0.00204435 -0.000131532 0.00204419 0.999998 -0.0232802 0.0935318 -0.234621
FixedParameters: 0 0 0

#Transform 82
Transform: AffineTransform_float_3_3
Parameters: 1 0.000519102 -0.00014572 -0.000519377 0.999997 -0.00245019 0.000144539 0.00245024 0.999997 -0.0102611 0.0409462 -0.203367
FixedParameters: 0 0 0

#Transform 83
Transform: AffineTransform_float_3_3
Parameters: 0.999999 0.00080721 -0.000171913 -0.000807571 0.999996 -0.00276166 0.000168942 0.00276183 0.999996 -0.0121026 0.0297608 -0.188266
FixedParameters: 0 0 0

#Transform 84
Transform: AffineTransform_float_3_3
Parameters: 0.999999 0.00094503 -0.000533718 -0.000946127 0.999996 -0.00236748 0.00053059 0.00236833 0.999997 -0.0195788 0.0510876 -0.187431
FixedParameters: 0 0 0

#Transform 85
Transform: AffineTransform_float_3_3
Parameters: 0.999999 0.000975113 -0.000176983 -0.000975516 0.999995 -0.00280296 0.000173993 0.00280312 0.999996 -0.00947367 0.0249877 -0.167629
FixedParameters: 0 0 0

#Transform 86
Transform: AffineTransform_float_3_3
Parameters: 0.999999 0.00101372 -0.000197951 -0.00101519 0.999995 -0.00308224 0.000194313 0.00308251 0.999995 -0.020732 0.0721449 -0.168622
FixedParameters: 0 0 0

#Transform 87
Transform: AffineTransform_float_3_3
Parameters: 0.999999 0.00104709 0.00012847 -0.00104654 0.999994 -0.00311047 -0.000132366 0.00311006 0.999995 -0.0463259 0.0741836 -0.145
FixedParameters: 0 0 0

#Transform 88
Transform: AffineTransform_float_3_3
Parameters: 0.999999 0.00106149 -0.000317641 -0.00106277 0.999993 -0.0033929 0.00031415 0.0033933 0.999994 -0.0429238 0.0769316 -0.161608
FixedParameters: 0 0 0

#Transform 89
Transform: AffineTransform_float_3_3
Parameters: 0.999999 0.00105455 -0.000212199 -0.00105506 0.999994 -0.00326957 0.000209018 0.00326975 0.999995 -0.0435034 0.103547 -0.186461
FixedParameters: 0 0 0

#Transform 90
Transform: AffineTransform_float_3_3
Parameters: 0.999999 0.00104916 -0.000127917 -0.00104909 0.999995 -0.00317372 0.000124849 0.0031737 0.999995 -0.0137572 0.060716 -0.209915
FixedParameters: 0 0 0

#Transform 91
Transform: AffineTransform_float_3_3
Parameters: 1 0.000549758 -0.000215426 -0.000550345 0.999994 -0.00340058 0.000213423 0.00340069 0.999994 -0.0114293 0.0953626 -0.230499
FixedParameters: 0 0 0

#Transform 92
Transform: AffineTransform_float_3_3
Parameters: 1 0.000781548 -0.000209374 -0.000782042 0.999995 -0.00327793 0.000206976 0.00327806 0.999995 -0.0189655 0.0314414 -0.207239
FixedParameters: 0 0 0

#Transform 93
Transform: AffineTransform_float_3_3
Parameters: 1 0.000754914 -0.000243486 -0.000755713 0.999992 -0.00374828 0.000240676 0.00374844 0.999993 -0.0264303 0.12261 -0.232718
FixedParameters: 0 0 0

#Transform 94
Transform: AffineTransform_float_3_3
Parameters: 0.999999 0.000889012 -0.000216904 -0.000890576 0.999994 -0.00336197 0.000213662 0.00336221 0.999995 -0.0319099 0.103096 -0.207854
FixedParameters: 0 0 0

#Transform 95
Transform: AffineTransform_float_3_3
Parameters: 0.999999 0.00108163 -0.000244311 -0.00108241 0.999992 -0.00370153 0.000240142 0.00370177 0.999993 -0.029043 0.0803194 -0.191859
FixedParameters: 0 0 0

#Transform 96
Transform: AffineTransform_float_3_3
Parameters: 0.999999 0.00089149 -0.000258447 -0.000893332 0.999992 -0.0039284 0.000254426 0.0039287 0.999992 -0.0195236 0.101272 -0.232701
FixedParameters: 0 0 0

#Transform 97
Transform: AffineTransform_float_3_3
Parameters: 0.999999 0.00106564 -0.000225319 -0.00106617 0.999994 -0.00344575 0.000221688 0.00344593 0.999994 -0.0266524 0.0566821 -0.17827
FixedParameters: 0 0 0

#Transform 98
Transform: AffineTransform_float_3_3
Parameters: 0.999999 0.0010055 -0.000280851 -0.00100654 0.99999 -0.004213 0.000276465 0.00421326 0.999991 -0.0190136 0.0953701 -0.201824
FixedParameters: 0 0 0

#Transform 99
Transform: AffineTransform_float_3_3
Parameters: 0.999999 0.000815127 -0.000234966 -0.000815802 0.999993 -0.00362155 0.000231911 0.00362172 0.999994 -0.0287413 0.103771 -0.187148
FixedParameters: 0 0 0

#Transform 100
Transform: AffineTransform_float_3_3
Parameters: 0.999999 0.000861666 -0.000259518 -0.00086254 0.999992 -0.00394835 0.000255687 0.00394857 0.999992 -0.0240322 0.0602483 -0.254018
FixedParameters: 0 0 0

#Transform 101
Transform: AffineTransform_float_3_3
Parameters: 1 0.000693327 -0.00043605 -0.000695613 0.999991 -0.00413073 0.000433414 0.0041311 0.999992 -0.01227 0.134217 -0.297439
FixedParameters: 0 0 0

#Transform 102
Transform: AffineTransform_float_3_3
Parameters: 0.999999 0.000775146 -0.000998572 -0.000780857 0.999985 -0.00551464 0.000994914 0.00551564 0.999984 -0.0378267 0.0949506 -0.626336
FixedParameters: 0 0 0

#Transform 103
Transform: AffineTransform_float_3_3
Parameters: 0.999999 0.00083452 -0.000932469 -0.000838523 0.999989 -0.00459851 0.000929074 0.00459956 0.999989 -0.0182069 0.130163 -0.510823
FixedParameters: 0 0 0

#Transform 104
Transform: AffineTransform_float_3_3
Parameters: 0.999999 0.000912346 -0.000919068 -0.000916068 0.99999 -0.00440065 0.000915125 0.00440083 0.99999 -0.0194108 0.166163 -0.48098
FixedParameters: 0 0 0

#Transform 105
Transform: AffineTransform_float_3_3
Parameters: 0.999998 0.00113634 -0.00094168 -0.00114047 0.999989 -0.00466704 0.000936395 0.0046676 0.999989 -0.0292917 0.113245 -0.472542
FixedParameters: 0 0 0

#Transform 106
Transform: AffineTransform_float_3_3
Parameters: 0.999998 0.00111371 -0.000914548 -0.00111814 0.99999 -0.00430172 0.000910124 0.00430325 0.99999 -0.0378804 0.110614 -0.389589
FixedParameters: 0 0 0

#Transform 107
Transform: AffineTransform_float_3_3
Parameters: 0.999999 0.00131338 -0.000989158 -0.00131886 0.999985 -0.00527716 0.000981846 0.00527808 0.999986 -0.0275922 0.141683 -0.395488
FixedParameters: 0 0 0

#Transform 108
Transform: AffineTransform_float_3_3
Parameters: 0.999999 0.00144358 -0.00100289 -0.00144937 0.999984 -0.00543765 0.000994856 0.00543878 0.999985 -0.0367587 0.153574 -0.395987
FixedParameters: 0 0 0

#Transform 109
Transform: AffineTransform_float_3_3
Parameters: 0.999998 0.00121131 -0.000960508 -0.00121696 0.999982 -0.0058635 0.00095342 0.00586511 0.999982 -0.0350659 0.114011 -0.403048
FixedParameters: 0 0 0

#Transform 110
Transform: AffineTransform_float_3_3
Parameters: 0.999999 0.00118957 -0.00100565 -0.00119551 0.999984 -0.00552593 0.000999241 0.00552763 0.999984 -0.039814 0.137574 -0.414817
FixedParameters: 0 0 0

#Transform 111
Transform: AffineTransform_float_3_3
Parameters: 0.999998 0.00117369 -0.000986384 -0.00117892 0.999986 -0.00526817 0.000980766 0.0052698 0.999986 -0.0278675 0.172105 -0.426046
FixedParameters: 0 0 0

#Transform 112
Transform: AffineTransform_float_3_3
Parameters: 0.999999 0.00118061 -0.000994924 -0.00118629 0.999984 -0.00538162 0.000988836 0.00538329 0.999985 -0.0403683 0.119608 -0.402382
FixedParameters: 0 0 0

#Transform 113
Transform: AffineTransform_float_3_3
Parameters: 0.999999 0.00119345 -0.0010102 -0.00119942 0.999984 -0.00558765 0.00100373 0.00558936 0.999984 -0.0434405 0.0879784 -0.414101
FixedParameters: 0 0 0

#Transform 114
Transform: AffineTransform_float_3_3
Parameters: 0.999999 0.00116667 -0.000978256 -0.00117195 0.999986 -0.00515769 0.000972649 0.00515831 0.999986 -0.0456645 0.186893 -0.379569
FixedParameters: 0 0 0

#Transform 115
Transform: AffineTransform_float_3_3
Parameters: 0.999999 0.00118621 -0.00107263 -0.00119182 0.999984 -0.00548303 0.00106635 0.00548482 0.999984 -0.0354143 0.142455 -0.338611
FixedParameters: 0 0 0

#Transform 116
Transform: AffineTransform_float_3_3
Parameters: 0.999999 0.00112989 -0.00102658 -0.00113638 0.999982 -0.00582355 0.00102041 0.00582516 0.999983 -0.0370586 0.202546 -0.359777
FixedParameters: 0 0 0

#Transform 117
Transform: AffineTransform_float_3_3
Parameters: 0.999998 0.00119433 -0.000955351 -0.00119955 0.999984 -0.0055917 0.000948864 0.00559326 0.999983 -0.040809 0.14854 -0.338483
FixedParameters: 0 0 0

#Transform 118
Transform: AffineTransform_float_3_3
Parameters: 0.999998 0.00123483 -0.00105976 -0.00124105 0.99998 -0.00625453 0.00105278 0.00625626 0.99998 -0.0464124 0.0975912 -0.376394
FixedParameters: 0 0 0

#Transform 119
Transform: AffineTransform_float_3_3
Parameters: 0.999999 0.00120338 -0.00102218 -0.00120967 0.999983 -0.00574788 0.0010152 0.00574962 0.999983 -0.03779 0.108309 -0.390628
FixedParameters: 0 0 0

#Transform 120
Transform: AffineTransform_float_3_3
Parameters: 0.999999 0.00121362 -0.000782634 -0.00121825 0.999982 -0.00587157 0.000775449 0.00587181 0.999983 -0.037514 0.136432 -0.372723
FixedParameters: 0 0 0

#Transform 121
Transform: AffineTransform_float_3_3
Parameters: 0.999999 0.00120037 -0.00101868 -0.00120673 0.999983 -0.00570109 0.00101178 0.00570185 0.999983 -0.0444559 0.117516 -0.370475
FixedParameters: 0 0 0

#Transform 122
Transform: AffineTransform_float_3_3
Parameters: 0.999998 0.00154979 -0.00107252 -0.00155644 0.999979 -0.00635913 0.00106305 0.00636042 0.999979 -0.0459701 0.140923 -0.395323
FixedParameters: 0 0 0

#Transform 123
Transform: AffineTransform_float_3_3
Parameters: 0.999998 0.00182628 -0.00101687 -0.00183131 0.999982 -0.00554997 0.00100734 0.00555163 0.999985 -0.0734395 0.0986266 -0.37344
FixedParameters: 0 0 0

#Transform 124
Transform: AffineTransform_float_3_3
Parameters: 0.999999 0.00130225 -0.00127399 -0.00131031 0.99998 -0.00623425 0.00126599 0.00623564 0.99998 -0.0436628 0.120313 -0.378077
FixedParameters: 0 0 0

#Transform 125
Transform: AffineTransform_float_3_3
Parameters: 0.999999 0.00129048 -0.00109474 -0.00129785 0.999977 -0.00671756 0.0010861 0.00671949 0.999977 -0.0382664 0.146703 -0.403324
FixedParameters: 0 0 0

#Transform 126
Transform: AffineTransform_float_3_3
Parameters: 0.999999 0.00134654 -0.000634308 -0.00135053 0.99998 -0.006253 0.000625734 0.00625401 0.99998 -0.0311834 0.140332 -0.398754
FixedParameters: 0 0 0

#Transform 127
Transform: AffineTransform_float_3_3
Parameters: 0.999999 0.00106974 -0.000994061 -0.00107569 0.999977 -0.00667883 0.000987492 0.00668013 0.999977 -0.0254451 0.128846 -0.410809
FixedParameters: 0 0 0

#Transform 128
Transform: AffineTransform_float_3_3
Parameters: 0.999998 0.00108727 -0.00108094 -0.00109422 0.999978 -0.00657478 0.00107428 0.00657532 0.999978 -0.0486735 0.149533 -0.428219
FixedParameters: 0 0 0

#Transform 129
Transform: AffineTransform_float_3_3
Parameters: 0.999998 0.00123123 -0.00107088 -0.00123776 0.999979 -0.00640664 0.00106369 0.00640839 0.999979 -0.038889 0.111841 -0.398644
FixedParameters: 0 0 0

#Transform 130
Transform: AffineTransform_float_3_3
Parameters: 0.999999 0.00138594 -0.0011229 -0.00139313 0.99998 -0.00624821 0.00111384 0.00624946 0.99998 -0.0376096 0.177932 -0.407281
FixedParameters: 0 0 0

#Transform 131
Transform: AffineTransform_float_3_3
Parameters: 0.999999 0.00121612 -0.00102557 -0.00122253 0.999983 -0.00579202 0.00101847 0.00579381 0.999983 -0.0264575 0.128979 -0.437061
FixedParameters: 0 0 0

#Transform 132
Transform: AffineTransform_float_3_3
Parameters: 0.999999 0.000846664 -0.00106076 -0.000854092 0.999974 -0.00716022 0.00105473 0.00716132 0.999973 -0.000676163 0.124546 -0.509766
FixedParameters: 0 0 0

#Transform 133
Transform: AffineTransform_float_3_3
Parameters: 0.999998 0.00103624 -0.00113717 -0.00104496 0.999972 -0.00735346 0.00112919 0.00735403 0.999972 -0.0109564 0.109573 -0.472705
FixedParameters: 0 0 0

#Transform 134
Transform: AffineTransform_float_3_3
Parameters: 0.999999 0.0011692 -0.00137135 -0.00117999 0.999965 -0.00826001 0.00136109 0.00826112 0.999965 -0.0142586 0.198814 -0.496012
FixedParameters: 0 0 0

#Transform 135
Transform: AffineTransform_float_3_3
Parameters: 0.999999 0.00136199 -0.00120119 -0.00137167 0.999966 -0.00814987 0.00118994 0.00815101 0.999967 -0.0234429 0.0964453 -0.513808
FixedParameters: 0 0 0

#Transform 136
Transform: AffineTransform_float_3_3
Parameters: 0.999999 0.00134185 -0.00117695 -0.0013518 0.999968 -0.00782436 0.00116654 0.00782548 0.999969 -0.0216755 0.147595 -0.488461
FixedParameters: 0 0 0

#Transform 137
Transform: AffineTransform_float_3_3
Parameters: 0.999997 0.00203537 -0.0016712 -0.00204941 0.999962 -0.00847158 0.00165367 0.00847453 0.999963 -0.0300424 0.190105 -0.473312
FixedParameters: 0 0 0

#Transform 138
Transform: AffineTransform_float_3_3
Parameters: 0.999997 0.0023245 -0.00129133 -0.00233519 0.99996 -0.00860738 0.00127151 0.00861046 0.999962 -0.0323342 0.230203 -0.459078
FixedParameters: 0 0 0

#Transform 139
Transform: AffineTransform_float_3_3
Parameters: 0.999997 0.00248355 -0.000858758 -0.00249197 0.999949 -0.00984277 0.000834551 0.00984506 0.999951 -0.0330001 0.140547 -0.504531
FixedParameters: 0 0 0

#Transform 140
Transform: AffineTransform_float_3_3
Parameters: 0.999997 0.00247334 -0.000904487 -0.0024817 0.999949 -0.00969226 0.0008801 0.0096948 0.999953 -0.0482106 0.166378 -0.494466
FixedParameters: 0 0 0

#Transform 141
Transform: AffineTransform_float_3_3
Parameters: 0.999994 0.00329088 -0.000968774 -0.00330053 0.999941 -0.0103381 0.000934836 0.0103407 0.999946 -0.047159 0.201694 -0.504043
FixedParameters: 0 0 0

#Transform 142
Transform: AffineTransform_float_3_3
Parameters: 0.999994 0.00342394 -0.00102244 -0.00343499 0.999933 -0.0110139 0.000983825 0.0110169 0.999939 -0.0430904 0.255578 -0.475988
FixedParameters: 0 0 0

#Transform 143
Transform: AffineTransform_float_3_3
Parameters: 0.999994 0.00339729 -0.00102964 -0.0034085 0.999932 -0.0111165 0.000991104 0.0111205 0.999937 -0.0534644 0.192034 -0.493016
FixedParameters: 0 0 0

#Transform 144
Transform: AffineTransform_float_3_3
Parameters: 0.999994 0.00339951 -0.000961562 -0.00341025 0.999928 -0.0115306 0.000922781 0.0115339 0.999933 -0.0276718 0.209521 -0.533431
FixedParameters: 0 0 0

#Transform 145
Transform: AffineTransform_float_3_3
Parameters: 0.999994 0.00339946 -0.00123362 -0.00341359 0.999927 -0.0116002 0.00119433 0.0116042 0.999932 -0.0500192 0.149792 -0.509118
FixedParameters: 0 0 0

#Transform 146
Transform: AffineTransform_float_3_3
Parameters: 0.999995 0.00304876 -0.00105778 -0.00306094 0.999928 -0.0115886 0.00102194 0.0115912 0.999933 -0.0276749 0.21052 -0.531829
FixedParameters: 0 0 0

#Transform 147
Transform: AffineTransform_float_3_3
Parameters: 0.999994 0.0033927 -0.00105447 -0.00340463 0.999929 -0.0114475 0.0010152 0.0114505 0.999934 -0.0300574 0.214124 -0.510043
FixedParameters: 0 0 0

#Transform 148
Transform: AffineTransform_float_3_3
Parameters: 0.999994 0.00338692 -0.00104722 -0.00339857 0.99993 -0.011353 0.00100867 0.0113569 0.999935 -0.0367652 0.203116 -0.485973
FixedParameters: 0 0 0

#Transform 149
Transform: AffineTransform_float_3_3
Parameters: 0.999994 0.00342569 -0.00107808 -0.00343814 0.999926 -0.0117521 0.00103752 0.0117562 0.99993 -0.0594798 0.193069 -0.531377
FixedParameters: 0 0 0

#Transform 150
Transform: AffineTransform_float_3_3
Parameters: 0.999994 0.00352559 -0.00083585 -0.00353439 0.999925 -0.0117172 0.000794121 0.0117199 0.999931 -0.0678362 0.206377 -0.572854
FixedParameters: 0 0 0

#Transform 151
Transform: AffineTransform_float_3_3
Parameters: 0.999994 0.00352119 -0.000551052 -0.00352741 0.999928 -0.01148 0.000510883 0.011482 0.999934 -0.0537174 0.189247 -0.541551
FixedParameters: 0 0 0

#Transform 152
Transform: AffineTransform_float_3_3
Parameters: 0.999994 0.00317632 -0.00113006 -0.00319045 0.999917 -0.0125155 0.00108968 0.0125185 0.999921 -0.0388504 0.216974 -0.603401
FixedParameters: 0 0 0

#Transform 153
Transform: AffineTransform_float_3_3
Parameters: 0.999995 0.00304373 -0.000642651 -0.00305188 0.999922 -0.0121269 0.000605658 0.0121292 0.999926 -0.0620218 0.142263 -0.59686
FixedParameters: 0 0 0

#Transform 154
Transform: AffineTransform_float_3_3
Parameters: 0.999994 0.00301846 -0.00109185 -0.00303141 0.999923 -0.0120521 0.00105563 0.0120547 0.999927 -0.0389042 0.211242 -0.542761
FixedParameters: 0 0 0

#Transform 155
Transform: AffineTransform_float_3_3
Parameters: 0.999995 0.00294009 -0.00113717 -0.0029545 0.999915 -0.0126806 0.00109913 0.0126833 0.999919 -0.0357679 0.203265 -0.565506
FixedParameters: 0 0 0

#Transform 156
Transform: AffineTransform_float_3_3
Parameters: 0.999997 0.0025558 -0.000609931 -0.00256414 0.999904 -0.0136622 0.000575409 0.013663 0.999906 -0.0212944 0.303051 -0.619671
FixedParameters: 0 0 0

#Transform 157
Transform: AffineTransform_float_3_3
Parameters: 0.999995 0.00306056 -0.000802362 -0.00307094 0.999904 -0.0135054 0.000760815 0.0135083 0.999909 -0.0503896 0.173477 -0.571311
FixedParameters: 0 0 0

#Transform 158
Transform: AffineTransform_float_3_3
Parameters: 0.999995 0.00301776 -0.000777633 -0.00302759 0.999909 -0.0131874 0.000737557 0.0131902 0.999912 -0.0663783 0.203516 -0.572064
FixedParameters: 0 0 0

#Transform 159
Transform: AffineTransform_float_3_3
Parameters: 0.999995 0.00313789 -0.000654412 -0.00314657 0.99991 -0.0130727 0.000612673 0.013075 0.999914 -0.0591633 0.227512 -0.539813
FixedParameters: 0 0 0

#Transform 160
Transform: AffineTransform_float_3_3
Parameters: 0.999994 0.00349166 -0.000804316 -0.00350214 0.999904 -0.0133988 0.000757427 0.013402 0.99991 -0.0731321 0.245519 -0.483826
FixedParameters: 0 0 0

#Transform 161
Transform: AffineTransform_float_3_3
Parameters: 0.999993 0.00372876 -0.000854309 -0.00374118 0.999895 -0.013989 0.000802587 0.0139925 0.999902 -0.075192 0.224896 -0.522163
FixedParameters: 0 0 0

#Transform 162
Transform: AffineTransform_float_3_3
Parameters: 0.999992 0.003749 -0.000866088 -0.00376076 0.999893 -0.0141386 0.000812852 0.0141411 0.999899 -0.078832 0.173785 -0.564579
FixedParameters: 0 0 0

#Transform 163
Transform: AffineTransform_float_3_3
Parameters: 0.999992 0.00389302 -0.0010696 -0.00390752 0.999894 -0.0140516 0.00101462 0.0140556 0.9999 -0.0768133 0.209944 -0.529947
FixedParameters: 0 0 0

#Transform 164
Transform: AffineTransform_float_3_3
Parameters: 0.999992 0.00383428 -0.000851582 -0.00384554 0.999894 -0.0140399 0.000797632 0.0140434 0.999901 -0.0713732 0.200588 -0.576199
FixedParameters: 0 0 0

#Transform 165
Transform: AffineTransform_float_3_3
Parameters: 0.999993 0.00358554 -0.00130602 -0.00360412 0.999887 -0.0145703 0.00125294 0.0145744 0.999893 -0.0566511 0.200474 -0.593386
FixedParameters: 0 0 0

#Transform 166
Transform: AffineTransform_float_3_3
Parameters: 0.999993 0.00374902 -0.000749382 -0.00375919 0.999891 -0.0143074 0.000695374 0.0143101 0.999898 -0.0606757 0.249361 -0.593234
FixedParameters: 0 0 0

#Transform 167
Transform: AffineTransform_float_3_3
Parameters: 0.999993 0.00340419 -0.0010282 -0.00341855 0.999899 -0.0138685 0.000981174 0.0138718 0.999903 -0.0494729 0.157923 -0.529994
FixedParameters: 0 0 0

#Transform 168
Transform: AffineTransform_float_3_3
Parameters: 0.999993 0.00360275 -0.00130412 -0.00362214 0.999888 -0.0145391 0.0012517 0.0145443 0.999893 -0.0527976 0.252613 -0.548711
FixedParameters: 0 0 0

#Transform 169
Transform: AffineTransform_float_3_3
Parameters: 0.999992 0.00385781 -0.00057833 -0.00386576 0.999886 -0.0146112 0.000521417 0.0146127 0.999893 -0.062737 0.229453 -0.567564
FixedParameters: 0 0 0

#Transform 170
Transform: AffineTransform_float_3_3
Parameters: 0.999994 0.00358318 -0.00098355 -0.00359726 0.999888 -0.0144977 0.000932011 0.0145008 0.999894 -0.0608876 0.248734 -0.584699
FixedParameters: 0 0 0

#Transform 171
Transform: AffineTransform_float_3_3
Parameters: 0.999992 0.00394601 -0.00119037 -0.00396406 0.999882 -0.0148619 0.00113182 0.0148656 0.999888 -0.0808439 0.194592 -0.586765
FixedParameters: 0 0 0

#Transform 172
Transform: AffineTransform_float_3_3
Parameters: 0.999992 0.00380252 -0.000883705 -0.00381516 0.999878 -0.0151257 0.000826345 0.0151291 0.999885 -0.0730194 0.187963 -0.606586
FixedParameters: 0 0 0

#Transform 173
Transform: AffineTransform_float_3_3
Parameters: 0.999992 0.00377359 -0.000741211 -0.00378342 0.999887 -0.0145497 0.000686038 0.0145523 0.999894 -0.0753937 0.182088 -0.574379
FixedParameters: 0 0 0

#Transform 174
Transform: AffineTransform_float_3_3
Parameters: 0.999992 0.0040363 -0.000931947 -0.00404952 0.999885 -0.0146401 0.000872395 0.0146441 0.999892 -0.0590539 0.256937 -0.571048
FixedParameters: 0 0 0

#Transform 175
Transform: AffineTransform_float_3_3
Parameters: 0.999992 0.00391339 -0.000819831 -0.00392572 0.999871 -0.0155718 0.000759495 0.0155748 0.999878 -0.060923 0.239894 -0.595694
FixedParameters: 0 0 0

#Transform 176
Transform: AffineTransform_float_3_3
Parameters: 0.999992 0.00393752 -0.000617443 -0.00394696 0.999875 -0.0152744 0.000557121 0.0152771 0.999883 -0.0689658 0.214772 -0.594443
FixedParameters: 0 0 0

#Transform 177
Transform: AffineTransform_float_3_3
Parameters: 0.999991 0.00404021 -0.00136232 -0.00406046 0.999877 -0.0151683 0.00130102 0.0151732 0.999884 -0.0799682 0.247315 -0.517065
FixedParameters: 0 0 0

#Transform 178
Transform: AffineTransform_float_3_3
Parameters: 0.99999 0.00426373 -0.00118808 -0.00428229 0.999859 -0.01625 0.00111915 0.0162556 0.999868 -0.0699865 0.238721 -0.553197
FixedParameters: 0 0 0

#Transform 179
Transform: AffineTransform_float_3_3
Parameters: 0.99999 0.00415191 -0.00142241 -0.00417327 0.999864 -0.0159244 0.00135586 0.0159297 0.999872 -0.0790706 0.255035 -0.567259
FixedParameters: 0 0 0

#Transform 180
Transform: AffineTransform_float_3_3
Parameters: 0.99999 0.00423051 -0.00136552 -0.00425054 0.999877 -0.015149 0.00130066 0.0151553 0.999884 -0.0659836 0.179607 -0.512557
FixedParameters: 0 0 0

#Transform 181
Transform: AffineTransform_float_3_3
Parameters: 0.99999 0.0042067 -0.00137146 -0.00422707 0.999875 -0.0152354 0.00130676 0.0152408 0.999883 -0.0599544 0.286049 -0.540761
FixedParameters: 0 0 0

#Transform 182
Transform: AffineTransform_float_3_3
Parameters: 0.99999 0.00434094 -0.00137 -0.00436135 0.999875 -0.0151718 0.0013035 0.0151773 0.999884 -0.0652287 0.2238 -0.506083
FixedParameters: 0 0 0

#Transform 183
Transform: AffineTransform_float_3_3
Parameters: 0.999988 0.00455637 -0.00143854 -0.00457905 0.999861 -0.016001 0.00136544 0.0160071 0.999871 -0.0719899 0.232041 -0.514943
FixedParameters: 0 0 0

#Transform 184
Transform: AffineTransform_float_3_3
Parameters: 0.999987 0.00477324 -0.00142349 -0.00479518 0.999865 -0.0157312 0.00134845 0.0157386 0.999875 -0.0594087 0.203469 -0.519518
FixedParameters: 0 0 0

#Transform 185
Transform: AffineTransform_float_3_3
Parameters: 0.999988 0.00454235 -0.00137991 -0.00456291 0.999873 -0.0152367 0.00131078 0.0152425 0.999883 -0.0679742 0.216689 -0.545546
FixedParameters: 0 0 0

#Transform 186
Transform: AffineTransform_float_3_3
Parameters: 0.999989 0.0044518 -0.00141306 -0.00447355 0.999867 -0.0157011 0.00134247 0.015708 0.999876 -0.0808591 0.194606 -0.591632
FixedParameters: 0 0 0

#Transform 187
Transform: AffineTransform_float_3_3
Parameters: 0.999988 0.00452518 -0.00161469 -0.00455048 0.999863 -0.0159139 0.00154211 0.0159204 0.999872 -0.0801826 0.196542 -0.602093
FixedParameters: 0 0 0

#Transform 188
Transform: AffineTransform_float_3_3
Parameters: 0.999986 0.00499056 -0.00174731 -0.00501684 0.999864 -0.0157083 0.00166912 0.0157158 0.999875 -0.0776919 0.256141 -0.591552
FixedParameters: 0 0 0

#Transform 189
Transform: AffineTransform_float_3_3
