#Insight Transform File V1.0
#Transform 0
Transform: AffineTransform_float_3_3
Parameters: 0.999993 -0.000636529 -0.00368393 0.000651135 0.999993 0.00374421 0.00368115 -0.00374687 0.999986 0.0222512 -0.0226189 -0.107354
FixedParameters: 0 0 0

#Transform 1
Transform: AffineTransform_float_3_3
Parameters: 0.999993 -0.00057889 -0.00375485 0.00059781 0.999988 0.00489604 0.003752 -0.00489765 0.999981 0.0188351 -0.031207 -0.0961524
FixedParameters: 0 0 0

#Transform 2
Transform: AffineTransform_float_3_3
Parameters: 0.999994 -0.000479156 -0.00359333 0.000491206 0.999994 0.00335307 0.00359124 -0.00335542 0.999988 0.0183962 0.0312436 -0.180992
FixedParameters: 0 0 0

#Transform 3
Transform: AffineTransform_float_3_3
Parameters: 0.999995 -0.000278057 -0.00315691 0.000285571 0.999997 0.00247423 0.00315567 -0.00247487 0.999992 0.00824569 -0.0419436 -0.142037
FixedParameters: 0 0 0

#Transform 4
Transform: AffineTransform_float_3_3
Parameters: 0.999994 -0.000324801 -0.00320966 0.000333092 0.999997 0.00270548 0.00320799 -0.0027065 0.999991 0.0210006 -0.0271365 -0.160917
FixedParameters: 0 0 0

#Transform 5
Transform: AffineTransform_float_3_3
Parameters: 0.999997 -0.000329695 -0.00263359 0.000335166 0.999998 0.00198754 0.00263343 -0.00198923 0.999994 0.00821503 0.000934728 -0.216872
FixedParameters: 0 0 0

#Transform 6
Transform: AffineTransform_float_3_3
Parameters: 0.999998 0.000120402 -0.00159739 -0.000117853 0.999998 0.00172165 0.00159775 -0.00172219 0.999998 -0.0169964 -0.0645844 -0.254003
FixedParameters: 0 0 0

#Transform 7
Transform: AffineTransform_float_3_3
Parameters: 0.999999 9.00827e-05 -0.00132265 -8.89081e-05 0.999999 0.000833877 0.00132285 -0.000833582 0.999999 -0.0126671 0.0201479 -0.336343
FixedParameters: 0 0 0

#Transform 8
Transform: AffineTransform_float_3_3
Parameters: 0.999999 0.000104305 -0.00174742 -0.00010186 0.999999 0.00156639 0.00174781 -0.00156596 0.999997 -0.0055433 -0.0614019 -0.29761
FixedParameters: 0 0 0

#Transform 9
Transform: AffineTransform_float_3_3
Parameters: 0.999999 0.000853707 -0.0012351 -0.000844121 0.999967 0.00802809 0.00124214 -0.00802635 0.999967 -0.00650075 -0.0321754 -0.130463
FixedParameters: 0 0 0

#Transform 10
Transform: AffineTransform_float_3_3
Parameters: 0.999999 0.00102017 -0.00116718 -0.00100168 0.999864 0.0164565 0.00118413 -0.0164559 0.999864 -0.0191219 0.0930873 0.603562
FixedParameters: 0 0 0

#Transform 11
Transform: AffineTransform_float_3_3
Parameters: 0.999997 -0.000601185 -0.0021694 0.000616769 0.999973 0.00728815 0.00216482 -0.00729037 0.999971 0.0565559 0.0891415 0.433981
FixedParameters: 0 0 0

#Transform 12
Transform: AffineTransform_float_3_3
Parameters: 1 0.00044751 0.000476709 -0.000448782 0.999997 0.00247484 -0.000474845 -0.00247521 0.999997 -0.00662656 -0.0218265 0.453176
FixedParameters: 0 0 0

#Transform 13
Transform: AffineTransform_float_3_3
Parameters: 0.999999 0.000215701 -0.000687539 -0.000214818 0.999999 0.00134508 0.000688072 -0.00134483 0.999999 0.000944129 -0.0484968 0.0453828
FixedParameters: 0 0 0

#Transform 14
Transform: AffineTransform_float_3_3
Parameters: 1 -0.000538849 -0.000211766 0.000539088 0.999998 -0.00178942 0.000212447 0.00178926 0.999999 0.00823982 -0.0240288 -0.476184
FixedParameters: 0 0 0

#Transform 15
Transform: AffineTransform_float_3_3
Parameters: 1 -0.000296747 0.000203854 0.00029725 1 -0.00116556 -0.000203262 0.00116569 1 -3.85002e-05 -0.0502164 -0.176445
FixedParameters: 0 0 0

#Transform 16
Transform: AffineTransform_float_3_3
Parameters: 1 0.000294711 -0.000379009 -0.00029607 0.999994 -0.00348698 0.000378281 0.00348724 0.999994 -0.0137187 -0.117197 -0.497325
FixedParameters: 0 0 0

#Transform 17
Transform: AffineTransform_float_3_3
Parameters: 1 -0.000428754 9.81365e-05 0.000429111 0.999987 -0.00518492 -9.60314e-05 0.00518499 0.999987 -0.0144305 -0.0235537 -0.718537
FixedParameters: 0 0 0

#Transform 18
Transform: AffineTransform_float_3_3
Parameters: 0.999999 -0.00154993 0.00117618 0.00155668 0.999982 -0.00583022 -0.00116726 0.00583262 0.999982 -0.00546759 -0.0405264 -0.904339
FixedParameters: 0 0 0

#Transform 19
Transform: AffineTransform_float_3_3
Parameters: 0.999999 -0.00088267 -0.000361731 0.000882455 0.999998 -0.00167406 0.000363438 0.00167348 0.999999 0.00781675 0.042823 -0.120238
FixedParameters: 0 0 0

#Transform 20
Transform: AffineTransform_float_3_3
Parameters: 1 -2.00791e-05 -6.34447e-05 2.00906e-05 1 9.10459e-05 6.34411e-05 -9.10485e-05 1 0.0141348 0.00162932 -0.0542101
FixedParameters: 0 0 0

#Transform 21
Transform: AffineTransform_float_3_3
Parameters: 0.999997 0.00083838 -0.00255469 -0.000829133 0.999994 0.003565 0.0025575 -0.00356281 0.999991 -0.0174529 0.083041 0.446508
FixedParameters: 0 0 0

#Transform 22
Transform: AffineTransform_float_3_3
Parameters: 0.999984 0.00341995 -0.0045262 -0.00337183 0.999937 0.0107686 0.00456252 -0.0107531 0.999932 -0.0293972 -0.0488494 0.674916
FixedParameters: 0 0 0

#Transform 23
Transform: AffineTransform_float_3_3
Parameters: 0.999999 0.000913566 -0.000363929 -0.000911015 0.999976 0.00694924 0.000369396 -0.00694874 0.999975 -0.0164116 0.0285426 0.477043
FixedParameters: 0 0 0

#Transform 24
Transform: AffineTransform_float_3_3
Parameters: 1 0.000631321 -0.00021003 -0.000630879 0.999999 0.00111603 0.000210345 -0.00111575 1 -0.0201871 -0.0107816 0.252346
FixedParameters: 0 0 0

#Transform 25
Transform: AffineTransform_float_3_3
Parameters: 1 0.000569919 -0.000290193 -0.000569937 1 -3.12868e-05 0.000290157 3.16175e-05 1 -0.0223079 0.0269318 0.208605
FixedParameters: 0 0 0

#Transform 26
Transform: AffineTransform_float_3_3
Parameters: 1 0.000304382 -0.000219866 -0.00030458 1 -0.000449653 0.000219592 0.000449787 1 -0.0173211 -0.00338432 0.211282
FixedParameters: 0 0 0

#Transform 27
Transform: AffineTransform_float_3_3
Parameters: 1 0.00052266 -0.000242403 -0.000523084 1 -0.00103803 0.000241197 0.00103729 1 -0.0308091 -0.00786505 0.185503
FixedParameters: 0 0 0

#Transform 28
Transform: AffineTransform_float_3_3
Parameters: 1 0.000650633 -8.14138e-05 -0.000650773 0.999999 -0.00104686 7.99511e-05 0.00104697 1 -0.0210435 -0.00341632 0.157598
FixedParameters: 0 0 0

#Transform 29
Transform: AffineTransform_float_3_3
Parameters: 1 0.000542272 -0.00028885 -0.000543014 0.999994 -0.00357784 0.000286297 0.00357808 0.999993 -0.0297285 -0.0630927 0.0641402
FixedParameters: 0 0 0

#Transform 30
Transform: AffineTransform_float_3_3
Parameters: 1 0.000160323 0.00044434 -0.000159426 0.999996 -0.00302669 -0.000444708 0.00302644 0.999996 -0.0204146 0.050367 0.0756636
FixedParameters: 0 0 0

#Transform 31
Transform: AffineTransform_float_3_3
Parameters: 0.999999 0.000448736 -0.000588967 -0.000450766 0.999993 -0.00368881 0.000586826 0.00368942 0.999993 -0.00840486 -0.0524225 0.0656282
FixedParameters: 0 0 0

#Transform 32
Transform: AffineTransform_float_3_3
Parameters: 0.999999 0.000470545 -0.000509106 -0.000471196 0.999999 -0.00177945 0.00050815 0.00177898 0.999999 -0.0138556 0.0159592 0.206492
FixedParameters: 0 0 0

#Transform 33
Transform: AffineTransform_float_3_3
Parameters: 0.999999 0.000879515 -0.00118562 -0.000886413 0.999983 -0.00583808 0.00118031 0.00583931 0.999982 -0.0140656 -0.0548224 -0.0105316
FixedParameters: 0 0 0

#Transform 34
Transform: AffineTransform_float_3_3
Parameters: 1 0.000330528 -0.000368551 -0.000332545 0.999988 -0.00475567 0.000367222 0.00475595 0.999988 -0.0124461 -0.060309 -0.00955057
FixedParameters: 0 0 0

#Transform 35
Transform: AffineTransform_float_3_3
Parameters: 0.999999 0.000276281 -0.000724663 -0.000280474 0.999986 -0.00541063 0.000722946 0.00541018 0.999985 -0.00168515 -0.0786964 -0.0117039
FixedParameters: 0 0 0

#Transform 36
Transform: AffineTransform_float_3_3
Parameters: 1 0.000313656 -0.000162657 -0.000314815 0.999985 -0.00534768 0.000160873 0.00534777 0.999985 0.00444708 0.0120121 0.00806743
FixedParameters: 0 0 0

#Transform 37
Transform: AffineTransform_float_3_3
Parameters: 1 0.00016702 -0.000311278 -0.00016824 0.999992 -0.00415953 0.000310915 0.00415967 0.999992 -6.03355e-05 -0.0538264 0.0344356
FixedParameters: 0 0 0

#Transform 38
Transform: AffineTransform_float_3_3
Parameters: 1 0.000348492 -0.000152466 -0.000349472 0.999989 -0.00465663 0.0001501 0.00465673 0.999989 -0.00424244 -0.0250905 0.0485526
FixedParameters: 0 0 0

#Transform 39
Transform: AffineTransform_float_3_3
Parameters: 1 0.000452435 -0.000154743 -0.000453343 0.99999 -0.0044385 0.000152701 0.00443862 0.99999 -0.0055493 -0.0277522 0.0531569
FixedParameters: 0 0 0

#Transform 40
Transform: AffineTransform_float_3_3
Parameters: 1 0.000359866 -0.000149127 -0.000360778 0.99999 -0.00443094 0.000146918 0.00443104 0.99999 -0.00342971 -0.0282263 0.0314867
FixedParameters: 0 0 0

#Transform 41
Transform: AffineTransform_float_3_3
Parameters: 1 0.00033154 -0.000157414 -0.000332557 0.999988 -0.00499322 0.000155874 0.0049932 0.999987 -0.00445357 -0.0709026 0.0391056
FixedParameters: 0 0 0

#Transform 42
Transform: AffineTransform_float_3_3
Parameters: 1 -9.53006e-05 -0.000318459 9.43802e-05 0.999986 -0.00529183 0.000318946 0.00529188 0.999986 0.00385347 0.0149886 0.0208175
FixedParameters: 0 0 0

#Transform 43
Transform: AffineTransform_float_3_3
Parameters: 0.999997 -0.000890946 -0.00233994 0.000881244 0.99999 -0.00440738 0.00234421 0.00440614 0.999988 0.0461183 0.00130816 0.053998
FixedParameters: 0 0 0

#Transform 44
Transform: AffineTransform_float_3_3
Parameters: 0.999992 -0.0014831 -0.00384276 0.00146624 0.999989 -0.00447143 0.00384909 0.00446581 0.999983 0.0681361 0.0468036 0.102878
FixedParameters: 0 0 0

#Transform 45
Transform: AffineTransform_float_3_3
Parameters: 1 -4.50108e-05 -0.00117383 4.42235e-05 1 -0.00118444 0.00117383 0.00118444 0.999998 -0.0229989 0.0172879 0.387779
FixedParameters: 0 0 0

#Transform 46
Transform: AffineTransform_float_3_3
Parameters: 0.999999 0.00018737 -0.000747998 -0.00019155 0.999982 -0.0059556 0.000746683 0.00595509 0.999982 0.0123747 -0.00704866 -0.00191956
FixedParameters: 0 0 0

#Transform 47
Transform: AffineTransform_float_3_3
Parameters: 1 0.000229218 -0.00104869 -0.000234327 0.99999 -0.00457841 0.00104831 0.00457809 0.999989 -0.00886656 -0.0740292 0.0606655
FixedParameters: 0 0 0

#Transform 48
Transform: AffineTransform_float_3_3
Parameters: 1 0.000157238 -0.00103271 -0.000161023 0.999993 -0.00391517 0.00103254 0.00391569 0.999992 -0.0118573 -0.0265636 0.0483033
FixedParameters: 0 0 0

#Transform 49
Transform: AffineTransform_float_3_3
Parameters: 1 0.000301313 -0.000969337 -0.000304936 0.999992 -0.00415751 0.00096876 0.00415729 0.999991 -0.00548287 -0.0304481 -0.0105911
FixedParameters: 0 0 0

#Transform 50
Transform: AffineTransform_float_3_3
Parameters: 1 0.000222583 -0.000993592 -0.000226515 0.999989 -0.00471602 0.000992171 0.00471572 0.999988 -0.00404144 -0.0462295 0.0713104
FixedParameters: 0 0 0

#Transform 51
Transform: AffineTransform_float_3_3
Parameters: 1 0.000277127 -0.00105917 -0.000282183 0.999988 -0.00500817 0.00105786 0.00500801 0.999987 -0.0114567 -0.0245008 0.0565793
FixedParameters: 0 0 0

#Transform 52
Transform: AffineTransform_float_3_3
Parameters: 0.999999 0.000229807 -0.00078839 -0.000233691 0.999989 -0.00469941 0.000787908 0.00469892 0.999988 -0.0154188 -0.0398166 0.0416283
FixedParameters: 0 0 0

#Transform 53
Transform: AffineTransform_float_3_3
Parameters: 0.999999 0.000606495 -0.0010748 -0.000611188 0.999989 -0.00478282 0.00107156 0.00478336 0.999988 -0.0177021 -0.035199 0.055438
FixedParameters: 0 0 0

#Transform 54
Transform: AffineTransform_float_3_3
Parameters: 1 0.000650088 -0.000971572 -0.000655188 0.99999 -0.00441808 0.000968714 0.00441947 0.99999 -0.0214842 -0.0591807 0.0997534
FixedParameters: 0 0 0

#Transform 55
Transform: AffineTransform_float_3_3
Parameters: 1 0.000448092 -0.000965608 -0.000451799 0.999991 -0.00419385 0.000963797 0.0041949 0.999991 -0.0094714 0.0101589 0.117564
FixedParameters: 0 0 0

#Transform 56
Transform: AffineTransform_float_3_3
Parameters: 0.999999 0.000299638 -0.000640297 -0.000302525 0.999991 -0.0040822 0.000638916 0.00408268 0.999991 -0.0017626 0.0279452 0.0870842
FixedParameters: 0 0 0

#Transform 57
Transform: AffineTransform_float_3_3
Parameters: 0.999999 0.000381196 -0.000685992 -0.000383209 0.999993 -0.00390128 0.000684034 0.00390195 0.999992 -0.0192311 -0.028316 0.0772864
FixedParameters: 0 0 0

#Transform 58
Transform: AffineTransform_float_3_3
Parameters: 0.999998 0.000470288 -0.00188431 -0.000480372 0.999984 -0.00550695 0.00188199 0.00550844 0.999983 -0.0302702 -0.0846062 -0.413626
FixedParameters: 0 0 0

#Transform 59
Transform: AffineTransform_float_3_3
Parameters: 0.999999 -8.51915e-05 -0.00103331 8.06947e-05 0.999988 -0.00476433 0.00103363 0.00476452 0.999988 0.00513778 -0.0282994 -0.243125
FixedParameters: 0 0 0

#Transform 60
Transform: AffineTransform_float_3_3
Parameters: 0.999999 0.000106444 -0.00144386 -0.000115154 0.999984 -0.00563803 0.0014426 0.00563782 0.999983 0.0033651 0.180125 -0.126721
FixedParameters: 0 0 0

#Transform 61
Transform: AffineTransform_float_3_3
Parameters: 0.999997 0.000165063 -0.00215797 -0.000175617 0.999988 -0.00485732 0.00215655 0.00485778 0.999986 -0.00228178 -0.0261122 0.0509257
FixedParameters: 0 0 0

#Transform 62
Transform: AffineTransform_float_3_3
Parameters: 0.999998 0.000222052 -0.00196229 -0.000228899 0.999993 -0.00386058 0.00196139 0.00386097 0.99999 0.00754171 -0.0613951 0.0726682
FixedParameters: 0 0 0

#Transform 63
Transform: AffineTransform_float_3_3
Parameters: 1 0.000269136 -0.00107928 -0.000273397 0.999992 -0.00396807 0.0010782 0.00396885 0.999991 -0.00515101 -0.00947694 -0.0934602
FixedParameters: 0 0 0

#Transform 64
Transform: AffineTransform_float_3_3
Parameters: 1 0.000276256 -0.000614193 -0.00027824 0.999991 -0.0043808 0.000612587 0.00438128 0.99999 -0.0124028 -0.00984093 -0.0459211
FixedParameters: 0 0 0

#Transform 65
Transform: AffineTransform_float_3_3
Parameters: 1 -1.56917e-05 -0.00108703 9.50102e-06 0.999988 -0.00485321 0.00108683 0.00485339 0.999987 -0.00823693 -0.0491707 0.00951484
FixedParameters: 0 0 0

#Transform 66
Transform: AffineTransform_float_3_3
Parameters: 1 -0.000185444 -0.000653345 0.000181673 0.999985 -0.0055029 0.0006537 0.00550283 0.999984 -0.00910042 -0.0404607 -0.0238222
FixedParameters: 0 0 0

#Transform 67
Transform: AffineTransform_float_3_3
Parameters: 1 -0.000181916 -0.000456137 0.000179243 0.999984 -0.00567411 0.000457468 0.00567406 0.999984 -0.0113469 0.000601104 -0.00595235
FixedParameters: 0 0 0

#Transform 68
Transform: AffineTransform_float_3_3
Parameters: 0.999999 -0.000246935 -0.000817711 0.000241887 0.999978 -0.00652784 0.000819424 0.00652782 0.999979 -0.00637306 -0.0779502 -0.0582053
FixedParameters: 0 0 0

#Transform 69
Transform: AffineTransform_float_3_3
Parameters: 0.999999 -0.000212035 -0.00074423 0.00020782 0.999983 -0.00592384 0.000745672 0.00592276 0.999982 -0.00951305 0.0379612 -0.0901628
FixedParameters: 0 0 0

#Transform 70
Transform: AffineTransform_float_3_3
Parameters: 0.999999 -0.000210711 -0.000738945 0.00020654 0.999983 -0.00590296 0.000740382 0.00590287 0.999983 -0.00800656 0.0112318 -0.0702611
FixedParameters: 0 0 0

#Transform 71
Transform: AffineTransform_float_3_3
Parameters: 1 0.000142543 -0.000554444 -0.000145453 0.999982 -0.00598724 0.000553715 0.00598655 0.999982 -0.00973654 -0.000223141 -0.0986962
FixedParameters: 0 0 0

#Transform 72
Transform: AffineTransform_float_3_3
Parameters: 1 -5.32389e-05 -0.00066285 4.95097e-05 0.999985 -0.00547528 0.000663735 0.00547536 0.999985 -0.0104705 -0.0488947 -0.0268008
FixedParameters: 0 0 0

#Transform 73
Transform: AffineTransform_float_3_3
Parameters: 1 -0.000187922 -0.00104358 0.000182701 0.999987 -0.00507862 0.00104499 0.0050785 0.999986 -0.00677027 -0.0381236 0.0118433
FixedParameters: 0 0 0

#Transform 74
Transform: AffineTransform_float_3_3
Parameters: 1 -0.000176804 -0.000554785 0.000173231 0.999985 -0.00545068 0.000556076 0.0054506 0.999985 -0.00928283 -0.0494228 -0.0404218
FixedParameters: 0 0 0

#Transform 75
Transform: AffineTransform_float_3_3
Parameters: 1 -0.000202812 -0.000580734 0.000199469 0.999983 -0.00593966 0.000582152 0.00593959 0.999982 -0.0100271 -0.0433953 -0.0197068
FixedParameters: 0 0 0

#Transform 76
Transform: AffineTransform_float_3_3
Parameters: 0.999999 -0.000200779 -0.000788143 0.000196328 0.999984 -0.0056444 0.000788566 0.00564432 0.999983 -0.0112176 0.000907218 -0.0268018
FixedParameters: 0 0 0

#Transform 77
Transform: AffineTransform_float_3_3
Parameters: 0.999999 -0.00035017 -0.000781633 0.000345675 0.999984 -0.00573123 0.000783702 0.00573091 0.999983 -0.00667544 -0.0568554 -0.0668121
FixedParameters: 0 0 0

#Transform 78
Transform: AffineTransform_float_3_3
Parameters: 1 -0.000209235 -0.000355915 0.000207283 0.99998 -0.00634707 0.000356446 0.00634706 0.99998 -0.0117208 -0.0256984 -0.027813
FixedParameters: 0 0 0

#Transform 79
Transform: AffineTransform_float_3_3
Parameters: 1 -0.000422371 -0.000655849 0.000419321 0.999984 -0.00566429 0.000657804 0.00566397 0.999983 -0.00980076 -0.0480547 0.0392002
FixedParameters: 0 0 0

#Transform 80
Transform: AffineTransform_float_3_3
Parameters: 1 -0.000217472 -0.000358229 0.000215403 0.999979 -0.00650985 0.000358835 0.00650983 0.999978 -0.0121615 -0.0236448 -0.0183777
FixedParameters: 0 0 0

#Transform 81
Transform: AffineTransform_float_3_3
Parameters: 1 0.000118065 -0.000977961 -0.000126862 0.999967 -0.00814688 0.000976409 0.00814742 0.999966 -0.0249385 -0.0694187 -0.135338
FixedParameters: 0 0 0

#Transform 82
Transform: AffineTransform_float_3_3
Parameters: 1 -0.000201267 -0.000607734 0.000197603 0.999982 -0.00587526 0.000608213 0.0058752 0.999982 -0.00800238 -0.00968399 0.0388831
FixedParameters: 0 0 0

#Transform 83
Transform: AffineTransform_float_3_3
Parameters: 1 -0.000191685 -0.000389253 0.00018956 0.999982 -0.00595295 0.000389611 0.00595293 0.999982 -0.00752352 0.0727001 -0.00722116
FixedParameters: 0 0 0

#Transform 84
Transform: AffineTransform_float_3_3
Parameters: 1 -0.000452919 -0.000645654 0.000450038 0.999985 -0.00558481 0.000647905 0.00558546 0.999984 -0.0103107 -0.00546679 -0.0145482
FixedParameters: 0 0 0

#Transform 85
Transform: AffineTransform_float_3_3
Parameters: 1 -0.000193356 -0.000389712 0.0001912 0.999982 -0.0059859 0.000390103 0.00598588 0.999982 -0.0245217 -0.00379694 -0.0191924
FixedParameters: 0 0 0

#Transform 86
Transform: AffineTransform_float_3_3
Parameters: 1 -0.000238968 -0.000402541 0.000236103 0.999976 -0.00688669 0.0004033 0.00688664 0.999976 -0.0248792 -0.0246254 -0.0181182
FixedParameters: 0 0 0

#Transform 87
Transform: AffineTransform_float_3_3
Parameters: 1 -0.000276981 -0.000396094 0.000274331 0.999978 -0.00665055 0.000397449 0.00665047 0.999978 -0.0123302 -0.00932087 0.00136487
FixedParameters: 0 0 0

#Transform 88
Transform: AffineTransform_float_3_3
Parameters: 1 -0.000562678 -0.000372482 0.000559431 0.99998 -0.00629319 0.000375499 0.00629288 0.99998 -0.00872514 0.00186857 0.044711
FixedParameters: 0 0 0

#Transform 89
Transform: AffineTransform_float_3_3
Parameters: 1 -0.000292428 -0.000537155 0.000287995 0.999969 -0.0077903 0.000539383 0.00778929 0.99997 -0.00871879 -0.0374473 -0.141781
FixedParameters: 0 0 0

#Transform 90
Transform: AffineTransform_float_3_3
Parameters: 1 -0.000693654 -0.000374815 0.000691962 0.999976 -0.00690637 0.000378838 0.00690607 0.999976 0.001988 -0.0134492 -0.046637
FixedParameters: 0 0 0

#Transform 91
Transform: AffineTransform_float_3_3
Parameters: 0.999999 -0.000626747 -0.000644153 0.000622068 0.99998 -0.00629523 0.000647861 0.00629463 0.99998 -0.0124248 0.00729636 -0.071499
FixedParameters: 0 0 0

#Transform 92
Transform: AffineTransform_float_3_3
Parameters: 1 -0.000405928 -0.000397675 0.000403867 0.999974 -0.00720382 0.000399748 0.00720369 0.999974 -0.0157182 -0.0414254 -0.128172
FixedParameters: 0 0 0

#Transform 93
Transform: AffineTransform_float_3_3
Parameters: 1 -0.000696034 -0.000375444 0.000694297 0.999975 -0.0069533 0.000379565 0.006953 0.999975 -0.00996315 -0.0194202 -0.171692
FixedParameters: 0 0 0

#Transform 94
Transform: AffineTransform_float_3_3
Parameters: 0.999999 0.000218166 -0.000898229 -0.000224188 0.999978 -0.00663587 0.000896774 0.00663552 0.999977 -0.0278887 -0.0694205 -0.262008
FixedParameters: 0 0 0

#Transform 95
Transform: AffineTransform_float_3_3
Parameters: 0.999998 5.86982e-05 -0.00177232 -6.81086e-05 0.999985 -0.00533444 0.00177162 0.00533434 0.999984 -0.0398975 -0.0470415 -0.195418
FixedParameters: 0 0 0

#Transform 96
Transform: AffineTransform_float_3_3
Parameters: 1 0.000208856 -6.87227e-05 -0.000209046 0.999991 -0.00435749 6.79845e-05 0.0043574 0.99999 -0.069299 -0.0813711 -0.161653
FixedParameters: 0 0 0

#Transform 97
Transform: AffineTransform_float_3_3
Parameters: 1 0.000940193 -0.000532853 -0.000942107 0.999995 -0.00305221 0.000529613 0.00305223 0.999996 -0.0599741 -0.0788065 -0.0293271
FixedParameters: 0 0 0

#Transform 98
Transform: AffineTransform_float_3_3
Parameters: 1 0.000125966 8.46958e-05 -0.00012607 0.999993 -0.00360049 -8.41642e-05 0.0036004 0.999993 -0.0316916 -0.0243824 -0.17926
FixedParameters: 0 0 0

#Transform 99
Transform: AffineTransform_float_3_3
Parameters: 1 -0.000768291 0.000131061 0.000769342 0.999993 -0.00370924 -0.000128046 0.00370947 0.999993 -0.0259641 -0.0904467 -0.12135
FixedParameters: 0 0 0

#Transform 100
Transform: AffineTransform_float_3_3
Parameters: 0.999999 -0.000895143 -0.000653197 0.000892085 0.999988 -0.00469159 0.000657358 0.00469162 0.999988 -0.00425962 0.00473809 -0.158875
FixedParameters: 0 0 0

#Transform 101
Transform: AffineTransform_float_3_3
Parameters: 0.999999 0.000150999 -0.000721764 -0.000152656 1 -0.00116769 0.000721309 0.00116791 0.999999 -0.0139558 0.0224471 0.215968
FixedParameters: 0 0 0

#Transform 102
Transform: AffineTransform_float_3_3
Parameters: 1 0.000236873 -0.000422715 -0.000236492 0.999998 0.00166257 0.000422462 -0.00166241 0.999998 -0.0248549 -0.0366461 0.377429
FixedParameters: 0 0 0

#Transform 103
Transform: AffineTransform_float_3_3
Parameters: 0.999996 0.000371044 -0.00255553 -0.000361646 0.999993 0.00358232 0.00255693 -0.00358144 0.999991 0.00951663 -0.0170783 0.533701
FixedParameters: 0 0 0

#Transform 104
Transform: AffineTransform_float_3_3
Parameters: 0.999998 -0.000258999 -0.00155987 0.000264639 0.999995 0.00334371 0.00155878 -0.00334468 0.999993 -0.0538367 0.0428349 0.687807
FixedParameters: 0 0 0

#Transform 105
Transform: AffineTransform_float_3_3
Parameters: 0.999998 -0.000188824 -0.00188821 0.000198183 0.999987 0.0050443 0.00188661 -0.00504432 0.999985 0.0213677 0.0329293 0.657512
FixedParameters: 0 0 0

#Transform 106
Transform: AffineTransform_float_3_3
Parameters: 1 0.000242126 0.00103427 -0.000242975 0.999999 0.000852899 -0.00103389 -0.000852248 0.999999 -0.0010291 -0.031969 0.420393
FixedParameters: 0 0 0

#Transform 107
Transform: AffineTransform_float_3_3
Parameters: 1 0.000527484 0.000415456 -0.000527851 0.999999 -0.000757752 -0.000416202 0.000757262 0.999999 0.00316989 -0.0217993 0.30993
FixedParameters: 0 0 0

#Transform 108
Transform: AffineTransform_float_3_3
Parameters: 1 0.000246732 0.000342985 -0.000246407 0.999999 -0.00183894 -0.000344038 0.00183873 0.999998 0.0048626 -0.0300911 0.285014
FixedParameters: 0 0 0

#Transform 109
Transform: AffineTransform_float_3_3
Parameters: 1 -7.70932e-05 0.000637052 7.77802e-05 0.999999 -0.00129905 -0.000636898 0.0012991 0.999999 0.0106302 -2.93614e-05 0.302684
FixedParameters: 0 0 0

#Transform 110
Transform: AffineTransform_float_3_3
Parameters: 1 0.000429312 0.000496033 -0.000428902 0.999999 -0.00138082 -0.000496252 0.00138132 0.999999 0.00974043 -0.0235911 0.291459
FixedParameters: 0 0 0

#Transform 111
Transform: AffineTransform_float_3_3
Parameters: 1 0.000266817 -2.13339e-05 -0.000266794 1 0.000532655 2.16182e-05 -0.000532644 1 -9.13613e-05 -0.00198503 0.228134
FixedParameters: 0 0 0

#Transform 112
Transform: AffineTransform_float_3_3
Parameters: 1 0.000418425 0.000397406 -0.000417674 0.999999 -0.000875071 -0.000397144 0.000874727 0.999999 0.00284337 0.0908402 0.30364
FixedParameters: 0 0 0

#Transform 113
Transform: AffineTransform_float_3_3
Parameters: 0.999999 0.000111611 0.000704305 -0.000110398 0.999997 -0.00223886 -0.000704994 0.00223872 0.999997 -0.0041781 -0.0305318 0.15855
FixedParameters: 0 0 0

#Transform 114
Transform: AffineTransform_float_3_3
Parameters: 1 -0.000164134 -0.000132068 0.000164726 0.999999 -0.00174722 0.000132389 0.00174723 0.999999 0.00474416 0.0341886 0.225122
FixedParameters: 0 0 0

#Transform 115
Transform: AffineTransform_float_3_3
Parameters: 1 0.000118572 -0.00121474 -0.000122648 0.999996 -0.0029994 0.00121443 0.00299884 0.999995 0.021275 -0.0287975 0.144385
FixedParameters: 0 0 0

#Transform 116
Transform: AffineTransform_float_3_3
Parameters: 1 -0.000305163 -0.000573291 0.000302723 0.999991 -0.00406212 0.000574851 0.00406189 0.999991 0.0145241 0.062108 0.121362
FixedParameters: 0 0 0

#Transform 117
Transform: AffineTransform_float_3_3
Parameters: 0.999999 -0.000264108 -0.000798568 0.000262398 0.999995 -0.0029764 0.000798481 0.00297626 0.999995 0.0188144 0.0256015 0.0729447
FixedParameters: 0 0 0

#Transform 118
Transform: AffineTransform_float_3_3
Parameters: 1 -0.000180143 -0.00030982 0.000179427 0.999996 -0.00299362 0.000310342 0.00299356 0.999996 0.00974776 -0.0419707 0.125529
FixedParameters: 0 0 0

#Transform 119
Transform: AffineTransform_float_3_3
Parameters: 1 -0.000270328 -0.000393702 0.000269621 0.999993 -0.00357769 0.000393932 0.0035776 0.999993 0.00943384 0.0487247 0.113041
FixedParameters: 0 0 0

#Transform 120
Transform: AffineTransform_float_3_3
Parameters: 1 -0.000408712 -0.000555859 0.000407565 0.999995 -0.00292365 0.000557737 0.0029233 0.999995 0.0195571 0.0111768 0.15886
FixedParameters: 0 0 0

#Transform 121
Transform: AffineTransform_float_3_3
Parameters: 1 -0.000275722 -0.000557239 0.00027394 0.999994 -0.00349202 0.000557456 0.00349184 0.999993 0.0127889 0.00329082 0.1368
FixedParameters: 0 0 0

#Transform 122
Transform: AffineTransform_float_3_3
Parameters: 1 -0.000287233 -0.000414188 0.000286227 0.999993 -0.003893 0.000415511 0.00389288 0.999993 0.0127618 -0.0172755 0.104405
FixedParameters: 0 0 0

#Transform 123
Transform: AffineTransform_float_3_3
Parameters: 1 -0.000266965 -0.000337781 0.000265714 0.999993 -0.00357669 0.000339031 0.00357657 0.999993 0.0122833 0.00309143 0.105621
FixedParameters: 0 0 0

#Transform 124
Transform: AffineTransform_float_3_3
Parameters: 1 -0.000320305 -8.90531e-05 0.00031979 0.999993 -0.00385793 8.97272e-05 0.0038579 0.999993 0.006719 -0.0114482 0.0964642
FixedParameters: 0 0 0

#Transform 125
Transform: AffineTransform_float_3_3
Parameters: 1 -0.000335503 -0.000427646 0.000333688 0.999988 -0.00484572 0.000429579 0.00484555 0.999988 0.00518781 0.0549158 0.0667971
FixedParameters: 0 0 0

#Transform 126
Transform: AffineTransform_float_3_3
Parameters: 1 -0.000298513 -0.000417345 0.000297325 0.999992 -0.0041157 0.000418788 0.00411557 0.999992 0.0131132 -0.0059037 0.100707
FixedParameters: 0 0 0

#Transform 127
Transform: AffineTransform_float_3_3
Parameters: 1 -0.000266409 -0.000187434 0.000266199 0.999993 -0.00374505 0.000188673 0.00374501 0.999993 0.00853331 -0.01327 0.145066
FixedParameters: 0 0 0

#Transform 128
Transform: AffineTransform_float_3_3
Parameters: 1 -0.000412742 -0.000143523 0.0004128 0.999992 -0.00413988 0.000145985 0.00413982 0.999992 0.00120893 0.0329192 0.126596
FixedParameters: 0 0 0

#Transform 129
Transform: AffineTransform_float_3_3
Parameters: 1 -0.000283145 -0.000413007 0.000282186 0.999992 -0.00381211 0.000414353 0.00381198 0.999992 0.00213958 -0.00896517 0.137982
FixedParameters: 0 0 0

#Transform 130
Transform: AffineTransform_float_3_3
Parameters: 1 -0.000548871 -0.000393062 0.000548181 0.999993 -0.00355279 0.000395257 0.00355248 0.999993 0.000135326 0.0586704 0.174297
FixedParameters: 0 0 0

#Transform 131
Transform: AffineTransform_float_3_3
Parameters: 1 -0.000604373 -0.000397316 0.000603352 0.999992 -0.00399758 0.000400241 0.00399722 0.999992 -0.000861859 0.0537515 0.155915
FixedParameters: 0 0 0

#Transform 132
Transform: AffineTransform_float_3_3
Parameters: 1 -0.000251406 -0.000209732 0.000251139 0.999994 -0.00341604 0.000210793 0.003416 0.999994 -0.00253008 0.0556123 0.163787
FixedParameters: 0 0 0

#Transform 133
Transform: AffineTransform_float_3_3
Parameters: 1 -0.000533518 -0.000271656 0.000532828 0.999995 -0.00330794 0.000273534 0.00330772 0.999995 0.0114223 0.0220881 0.181673
FixedParameters: 0 0 0

#Transform 134
Transform: AffineTransform_float_3_3
Parameters: 1 -0.000196941 -0.000360128 0.000195009 0.99999 -0.00446109 0.00036082 0.00446101 0.99999 -0.002293 0.13348 0.138977
FixedParameters: 0 0 0

#Transform 135
Transform: AffineTransform_float_3_3
Parameters: 1 -0.000166938 -6.21307e-05 0.000166723 0.999991 -0.00421648 6.36289e-05 0.00421646 0.999991 -0.00757768 -0.00700254 0.10953
FixedParameters: 0 0 0

#Transform 136
Transform: AffineTransform_float_3_3
Parameters: 1 -0.000187949 0.000184095 0.000189115 0.999988 -0.00494291 -0.00018338 0.00494295 0.999988 -0.0110502 0.0335287 -0.00108509
FixedParameters: 0 0 0

#Transform 137
Transform: AffineTransform_float_3_3
Parameters: 1 -0.000113145 0.000168226 0.000114071 0.999988 -0.0047892 -0.000168285 0.00478932 0.999989 -0.00771454 0.0489019 0.029063
FixedParameters: 0 0 0

#Transform 138
Transform: AffineTransform_float_3_3
Parameters: 1 -0.000192621 -0.000235235 0.000191773 0.999989 -0.00452514 0.000235919 0.00452511 0.999989 -0.00466025 0.0569159 0.0590256
FixedParameters: 0 0 0

#Transform 139
Transform: AffineTransform_float_3_3
Parameters: 1 -0.000344115 -0.000115964 0.00034332 0.999991 -0.00428594 0.000117014 0.00428589 0.999991 -0.00590289 -0.0330209 0.0911794
FixedParameters: 0 0 0

#Transform 140
Transform: AffineTransform_float_3_3
Parameters: 1 9.79709e-05 0.000154689 -9.70618e-05 0.999989 -0.00484478 -0.000155789 0.0048447 0.999989 -0.0152861 -0.0166185 0.0105647
FixedParameters: 0 0 0

#Transform 141
Transform: AffineTransform_float_3_3
Parameters: 1 4.11813e-06 0.00016728 -3.28426e-06 0.99999 -0.00444368 -0.000167268 0.00444364 0.99999 -0.0155728 0.00574652 0.0477763
FixedParameters: 0 0 0

#Transform 142
Transform: AffineTransform_float_3_3
Parameters: 1 3.12835e-05 0.000160529 -3.13812e-05 0.999989 -0.00473941 -0.000160827 0.0047393 0.999989 -0.0197625 -0.00752914 0.0595897
FixedParameters: 0 0 0

#Transform 143
Transform: AffineTransform_float_3_3
Parameters: 1 0.000444027 0.000138474 -0.000443299 0.99999 -0.0045997 -0.000140507 0.00460039 0.999989 -0.0279901 -0.0292874 -0.0107775
FixedParameters: 0 0 0

#Transform 144
Transform: AffineTransform_float_3_3
Parameters: 1 -9.73779e-05 0.00051031 9.91227e-05 0.999994 -0.00349419 -0.000510118 0.0034942 0.999994 -0.0319888 -0.0133276 0.0572425
FixedParameters: 0 0 0

#Transform 145
Transform: AffineTransform_float_3_3
Parameters: 0.999999 -4.61134e-05 0.00129353 5.00406e-05 0.999995 -0.00339088 -0.00129354 0.00339087 0.999994 -0.026573 0.0197375 0.046828
FixedParameters: 0 0 0

#Transform 146
Transform: AffineTransform_float_3_3
Parameters: 1 -5.34545e-05 0.00056322 5.45714e-05 0.999997 -0.00265906 -0.000563226 0.00265903 0.999997 -0.0388737 0.0525301 0.055918
FixedParameters: 0 0 0

#Transform 147
Transform: AffineTransform_float_3_3
Parameters: 0.999999 -2.645e-05 0.000732055 2.79198e-05 0.999998 -0.00230637 -0.000732123 0.00230632 0.999997 -0.0358115 -0.000434838 0.0759295
FixedParameters: 0 0 0

#Transform 148
Transform: AffineTransform_float_3_3
Parameters: 0.999999 -7.81672e-05 0.00123704 8.32438e-05 0.999992 -0.0039872 -0.00123693 0.00398727 0.999992 -0.0346099 -0.00209667 0.0520202
FixedParameters: 0 0 0

#Transform 149
Transform: AffineTransform_float_3_3
Parameters: 1 -8.65596e-05 0.00103253 9.08974e-05 0.999993 -0.00390878 -0.00103133 0.00390876 0.999992 -0.036965 0.00671336 0.0455777
FixedParameters: 0 0 0

#Transform 150
Transform: AffineTransform_float_3_3
Parameters: 0.999999 -0.000130514 0.000742099 0.000133429 0.99999 -0.00445716 -0.00074171 0.00445716 0.99999 -0.0425763 -0.0235828 0.0663258
FixedParameters: 0 0 0

#Transform 151
Transform: AffineTransform_float_3_3
Parameters: 1 -0.000238433 0.000955712 0.000243295 0.99999 -0.00452668 -0.00095531 0.00452707 0.99999 -0.0414028 0.027342 0.0420055
FixedParameters: 0 0 0

#Transform 152
Transform: AffineTransform_float_3_3
Parameters: 0.999999 -0.000190226 0.00131548 0.000195904 0.999989 -0.00470456 -0.00131439 0.00470484 0.999988 -0.0376901 0.0164025 0.037999
FixedParameters: 0 0 0

#Transform 153
Transform: AffineTransform_float_3_3
Parameters: 1 -0.000381397 0.000286116 0.000382489 0.999994 -0.00345257 -0.000285019 0.00345276 0.999994 -0.0442703 -0.0290974 0.133312
FixedParameters: 0 0 0

#Transform 154
Transform: AffineTransform_float_3_3
Parameters: 1 -0.000326216 0.000523258 0.000327631 0.999992 -0.00404655 -0.000522246 0.00404676 0.999991 -0.0363021 0.045948 0.0530976
FixedParameters: 0 0 0

#Transform 155
Transform: AffineTransform_float_3_3
Parameters: 1 -0.000128828 0.000510047 0.000130316 0.999992 -0.0041375 -0.000509716 0.0041375 0.999992 -0.0376147 0.0105444 0.0247919
FixedParameters: 0 0 0

#Transform 156
Transform: AffineTransform_float_3_3
Parameters: 1 -0.00040819 0.000530095 0.000410528 0.999992 -0.00392628 -0.000528568 0.00392663 0.999992 -0.0362832 0.0106563 0.0591748
FixedParameters: 0 0 0

#Transform 157
Transform: AffineTransform_float_3_3
Parameters: 0.999999 -0.000125961 0.00091604 0.000129682 0.99999 -0.00457905 -0.000915703 0.00457905 0.999989 -0.0347293 -0.00421831 0.0156566
FixedParameters: 0 0 0

#Transform 158
Transform: AffineTransform_float_3_3
Parameters: 0.999999 -0.000121923 0.000779877 0.000124938 0.99999 -0.0043269 -0.000779594 0.00432701 0.999991 -0.0401925 0.00176415 0.0183737
FixedParameters: 0 0 0

#Transform 159
Transform: AffineTransform_float_3_3
Parameters: 0.999999 -0.000448696 0.000887607 0.000451603 0.99999 -0.00431174 -0.00088547 0.00431143 0.999991 -0.0325317 0.0103025 0.0787773
FixedParameters: 0 0 0

#Transform 160
Transform: AffineTransform_float_3_3
Parameters: 0.999999 -0.000452416 0.00078277 0.000455576 0.99999 -0.00442326 -0.000780535 0.0044238 0.99999 -0.0324858 0.088843 0.0702496
FixedParameters: 0 0 0

#Transform 161
Transform: AffineTransform_float_3_3
Parameters: 1 -0.000310224 0.000514424 0.000313097 0.99999 -0.0045088 -0.000513502 0.00450905 0.999989 -0.0288962 -0.00104956 0.0382086
FixedParameters: 0 0 0

#Transform 162
Transform: AffineTransform_float_3_3
Parameters: 0.999999 -0.000287883 0.00091893 0.000291904 0.999988 -0.00473696 -0.000918129 0.00473638 0.999989 -0.0388449 0.0477767 0.0105262
FixedParameters: 0 0 0

#Transform 163
Transform: AffineTransform_float_3_3
Parameters: 1 -0.000152686 0.000662112 0.000155382 0.999988 -0.00481332 -0.000661615 0.00481345 0.999988 -0.0321858 -0.00746647 0.0034687
FixedParameters: 0 0 0

#Transform 164
Transform: AffineTransform_float_3_3
Parameters: 1 -0.000115041 0.00038941 0.000116137 0.999993 -0.00370888 -0.000389146 0.00370887 0.999993 -0.0275743 0.062591 0.13395
FixedParameters: 0 0 0

#Transform 165
Transform: AffineTransform_float_3_3
Parameters: 0.999999 0.00109679 -0.000842096 -0.00109436 0.999996 0.0026437 0.000844695 -0.00264291 0.999996 -0.0454217 0.0455958 0.404487
FixedParameters: 0 0 0

#Transform 166
Transform: AffineTransform_float_3_3
Parameters: 0.999998 0.00167952 0.000806592 -0.00168081 0.999996 0.00256328 -0.000802393 -0.0025649 0.999997 -0.0672257 -0.0614109 0.334496
FixedParameters: 0 0 0

#Transform 167
Transform: AffineTransform_float_3_3
Parameters: 0.999999 0.000768439 0.000358045 -0.000768578 0.999999 0.000193266 -0.000357747 -0.000193816 1 -0.0549131 0.0536849 0.274134
FixedParameters: 0 0 0

#Transform 168
Transform: AffineTransform_float_3_3
Parameters: 0.999999 0.000620085 0.000272132 -0.000619493 0.999996 -0.00254671 -0.000273549 0.0025463 0.999997 -0.0474577 -0.0246667 0.111515
FixedParameters: 0 0 0

#Transform 169
Transform: AffineTransform_float_3_3
Parameters: 0.999999 0.000790495 0.00138914 -0.000784753 0.99999 -0.00444589 -0.00139265 0.00444541 0.999989 -0.0561803 -0.0610631 0.00431736
FixedParameters: 0 0 0

#Transform 170
Transform: AffineTransform_float_3_3
Parameters: 0.999999 0.000607381 0.0013262 -0.000602555 0.999994 -0.00358634 -0.00132787 0.00358544 0.999992 -0.0531486 -0.00451062 0.0264777
FixedParameters: 0 0 0

#Transform 171
Transform: AffineTransform_float_3_3
Parameters: 1 0.000402677 0.00108506 -0.000399083 0.999994 -0.00339596 -0.00108606 0.00339586 0.999993 -0.0500042 -0.00302805 0.0588316
FixedParameters: 0 0 0

#Transform 172
Transform: AffineTransform_float_3_3
Parameters: 0.999999 0.000572001 0.00125357 -0.000567016 0.999991 -0.00423228 -0.00125596 0.00423162 0.999991 -0.0521671 -0.0204675 0.0144115
FixedParameters: 0 0 0

#Transform 173
Transform: AffineTransform_float_3_3
Parameters: 1 0.000596284 0.000958136 -0.000593607 0.999994 -0.00336496 -0.00096042 0.0033646 0.999994 -0.0544515 -0.0562668 0.0377862
FixedParameters: 0 0 0

#Transform 174
Transform: AffineTransform_float_3_3
Parameters: 0.999999 0.000468476 0.00119747 -0.00046424 0.999993 -0.00373042 -0.00119939 0.00372914 0.999993 -0.0478493 -0.0289287 0.0265804
FixedParameters: 0 0 0

#Transform 175
Transform: AffineTransform_float_3_3
Parameters: 0.999999 0.000571894 0.00126236 -0.000566802 0.999991 -0.00424542 -0.00126477 0.00424475 0.99999 -0.0567582 0.00606681 -0.0158472
FixedParameters: 0 0 0

#Transform 176
Transform: AffineTransform_float_3_3
Parameters: 1 0.000553197 0.000797018 -0.000550389 0.999991 -0.00405629 -0.000798981 0.00405617 0.999991 -0.0563061 -0.0491598 0.0365789
FixedParameters: 0 0 0

#Transform 177
Transform: AffineTransform_float_3_3
Parameters: 0.999999 0.000551253 0.001256 -0.000545991 0.999989 -0.00466786 -0.00125788 0.0046662 0.999989 -0.0506313 0.0207496 -0.00623822
FixedParameters: 0 0 0

#Transform 178
Transform: AffineTransform_float_3_3
Parameters: 1 0.000542803 0.000910463 -0.000539316 0.99999 -0.00441195 -0.00091289 0.00441069 0.99999 -0.0487318 -0.0260287 0.0128687
FixedParameters: 0 0 0

#Transform 179
Transform: AffineTransform_float_3_3
Parameters: 0.999999 0.000410162 0.00108568 -0.000406562 0.999992 -0.00384393 -0.00108724 0.00384388 0.999992 -0.0508999 -0.0197052 0.0638038
FixedParameters: 0 0 0

#Transform 180
Transform: AffineTransform_float_3_3
Parameters: 0.999998 0.000181249 0.00155337 -0.000174223 0.999991 -0.00438972 -0.00155357 0.00438892 0.999989 -0.0351939 -0.0276007 -0.0382933
FixedParameters: 0 0 0

#Transform 181
Transform: AffineTransform_float_3_3
Parameters: 0.999999 -0.000172511 0.00151397 0.000178587 0.999993 -0.00393522 -0.00151406 0.00393558 0.999991 -0.0370199 0.0192835 -0.00880479
FixedParameters: 0 0 0

#Transform 182
Transform: AffineTransform_float_3_3
Parameters: 0.999999 0.00020346 0.00139437 -0.000197872 0.999993 -0.00372663 -0.00139529 0.00372692 0.999992 -0.0380588 0.0185047 -0.0495935
FixedParameters: 0 0 0

#Transform 183
Transform: AffineTransform_float_3_3
Parameters: 0.999999 0.000139548 0.00137523 -0.000132271 0.999988 -0.00503485 -0.00137552 0.00503522 0.999987 -0.0334014 -0.009694 -0.0935545
FixedParameters: 0 0 0

#Transform 184
Transform: AffineTransform_float_3_3
Parameters: 0.999999 -9.86643e-05 0.00150034 0.000106259 0.999988 -0.00476391 -0.00150019 0.0047641 0.999988 -0.0345407 -0.00802498 -0.0514827
FixedParameters: 0 0 0

#Transform 185
Transform: AffineTransform_float_3_3
Parameters: 0.999999 -0.000342366 0.00149553 0.00034814 0.999991 -0.00419255 -0.00149417 0.00419237 0.99999 -0.0352392 0.00400063 -0.00933007
FixedParameters: 0 0 0

#Transform 186
Transform: AffineTransform_float_3_3
Parameters: 0.999999 -0.000243692 0.00123005 0.000249872 0.99999 -0.00443717 -0.00122859 0.00443765 0.99999 -0.036919 -0.00769837 -0.0514995
FixedParameters: 0 0 0

#Transform 187
Transform: AffineTransform_float_3_3
