# transform file /out/sourcedata/freesurfer/sub-v1s5x0050748_ses-1/mri/transforms/cc_up.lta
# created by oesteban on Tue Mar 10 06:36:45 2026

type      = 0 # LINEAR_VOX_TO_VOX
nxforms   = 1
mean      = 130.0000 123.0000 115.0000
sigma     = 10000.0000
1 4 4
9.979832172393799e-01 4.884220659732819e-02 4.054443538188934e-02 -1.223222827911377e+01 
-4.880194738507271e-02 9.988064765930176e-01 -1.982646062970161e-03 2.672839355468750e+01 
-4.059288278222084e-02 0.000000000000000e+00 9.991757273674011e-01 2.039616775512695e+01 
0.000000000000000e+00 0.000000000000000e+00 0.000000000000000e+00 1.000000000000000e+00 
src volume info
valid = 1  # volume info valid
filename = /out/sourcedata/freesurfer/sub-v1s5x0050748_ses-1/mri/norm.mgz
volume = 256 256 256
voxelsize = 1.000000000000000e+00 1.000000000000000e+00 1.000000000000000e+00
xras   = -1.000000000000000e+00 9.313225746154785e-10 3.725290298461914e-09
yras   = -3.725290298461914e-09 1.490116119384766e-08 -1.000000000000000e+00
zras   = 0.000000000000000e+00 1.000000119209290e+00 0.000000000000000e+00
cras   = -3.795768737792969e+00 1.603930664062500e+01 1.772592926025391e+01
dst volume info
valid = 1  # volume info valid
filename = /out/sourcedata/freesurfer/sub-v1s5x0050748_ses-1/mri/norm.mgz
volume = 256 256 256
voxelsize = 1.000000000000000e+00 1.000000000000000e+00 1.000000000000000e+00
xras   = -1.000000000000000e+00 9.313225746154785e-10 3.725290298461914e-09
yras   = -3.725290298461914e-09 1.490116119384766e-08 -1.000000000000000e+00
zras   = 0.000000000000000e+00 1.000000119209290e+00 0.000000000000000e+00
cras   = -3.795768737792969e+00 1.603930664062500e+01 1.772592926025391e+01
