#Insight Transform File V1.0
#Transform 0
Transform: AffineTransform_float_3_3
Parameters: 1 -0.000290339 0.000103923 0.000290166 0.999999 0.00148542 -0.000104654 -0.00148536 0.999999 0.00397364 -0.0564473 0.0897179
FixedParameters: 0 0 0

#Transform 1
Transform: AffineTransform_float_3_3
Parameters: 1 -0.000107143 0.000110813 0.000106923 0.999998 0.00160864 -0.000111026 -0.00160862 0.999998 0.00217953 -0.0648246 0.0999956
FixedParameters: 0 0 0

#Transform 2
Transform: AffineTransform_float_3_3
Parameters: 1 -9.31776e-05 0.000266481 9.25632e-05 0.999999 0.001409 -0.000266611 -0.00140896 0.999999 -0.0116946 0.00820323 0.0849815
FixedParameters: 0 0 0

#Transform 3
Transform: AffineTransform_float_3_3
Parameters: 1 9.40716e-05 0.000110437 -9.42935e-05 0.999998 0.00162708 -0.000109999 -0.00162711 0.999998 -0.0162744 -0.0329546 0.0778324
FixedParameters: 0 0 0

#Transform 4
Transform: AffineTransform_float_3_3
Parameters: 1 -9.83057e-05 0.000101711 9.81419e-05 0.999999 0.00147624 -0.00010187 -0.00147623 0.999999 -0.000483632 -0.0515681 0.0461266
FixedParameters: 0 0 0

#Transform 5
Transform: AffineTransform_float_3_3
Parameters: 1 -8.02771e-05 -0.000350661 8.12414e-05 1 0.00118007 0.000350602 -0.00118013 0.999999 0.0196752 -0.0382033 0.0422053
FixedParameters: 0 0 0

#Transform 6
Transform: AffineTransform_float_3_3
Parameters: 1 -1.12531e-05 -0.000319117 1.24435e-05 0.999998 0.00165064 0.000319209 -0.00165065 0.999998 0.0110655 -0.0995775 0.0668489
FixedParameters: 0 0 0

#Transform 7
Transform: AffineTransform_float_3_3
Parameters: 1 -8.59166e-05 0.000156369 8.56483e-05 0.999999 0.00129449 -0.000156459 -0.00129448 0.999999 -0.0142179 -0.0374259 0.0175976
FixedParameters: 0 0 0

#Transform 8
Transform: AffineTransform_float_3_3
Parameters: 1 -6.98635e-05 -0.000354499 7.05891e-05 0.999999 0.00102232 0.000354488 -0.00102236 1 0.0207208 -0.00238742 0.0252161
FixedParameters: 0 0 0

#Transform 9
Transform: AffineTransform_float_3_3
Parameters: 1 -6.7086e-05 -3.63173e-05 6.71586e-05 0.999999 0.0010006 3.61827e-05 -0.00100061 0.999999 -0.0102857 -0.00572217 0.052758
FixedParameters: 0 0 0

#Transform 10
Transform: AffineTransform_float_3_3
Parameters: 1 5.39711e-05 -0.000355575 -5.45676e-05 0.999999 -0.000838807 0.000355485 0.000838846 0.999999 0.0181374 0.111021 -0.0450314
FixedParameters: 0 0 0

#Transform 11
Transform: AffineTransform_float_3_3
Parameters: 1 3.9589e-05 -0.000227622 -3.98673e-05 1 -0.000611526 0.000227573 0.000611544 1 0.0195561 0.0475769 0.022154
FixedParameters: 0 0 0

#Transform 12
Transform: AffineTransform_float_3_3
Parameters: 1 -2.43896e-05 0.000310324 2.41495e-05 1 0.000386863 -0.000310343 -0.000386848 1 -0.00738673 0.0459155 0.0333805
FixedParameters: 0 0 0

#Transform 13
Transform: AffineTransform_float_3_3
Parameters: 1 -4.86085e-05 -8.56386e-05 4.8732e-05 0.999999 0.000720935 8.55683e-05 -0.000720943 0.999999 0.0106858 0.0308485 0.0358719
FixedParameters: 0 0 0

#Transform 14
Transform: AffineTransform_float_3_3
Parameters: 1 8.3607e-05 -0.000128007 -8.35766e-05 1 0.000118876 0.000128027 -0.000118855 1 0.00961455 0.0345558 0.0299574
FixedParameters: 0 0 0

#Transform 15
Transform: AffineTransform_float_3_3
Parameters: 1 5.24476e-05 -0.000190593 -5.27529e-05 0.999999 -0.000801079 0.000190509 0.000801099 0.999999 0.00722676 0.0526326 -0.0388423
FixedParameters: 0 0 0

#Transform 16
Transform: AffineTransform_float_3_3
Parameters: 1 5.24476e-05 -0.000190593 -5.27529e-05 0.999999 -0.000801079 0.000190509 0.000801099 0.999999 0.0113221 0.0624685 0.0126207
FixedParameters: 0 0 0

#Transform 17
Transform: AffineTransform_float_3_3
Parameters: 1 4.99905e-05 -0.000424035 -5.06563e-05 0.999999 -0.000785122 0.000423957 0.000785165 0.999999 0.0242469 0.106325 0.00235843
FixedParameters: 0 0 0

#Transform 18
Transform: AffineTransform_float_3_3
Parameters: 1 3.27237e-06 -7.42258e-06 -3.27311e-06 1 -4.94994e-05 7.42227e-06 4.94995e-05 1 0.00293493 0.028487 0.0111347
FixedParameters: 0 0 0

#Transform 19
Transform: AffineTransform_float_3_3
Parameters: 1 3.66416e-05 7.59221e-05 -3.65594e-05 1 -0.000541259 -7.59616e-05 0.000541253 1 -0.00403276 0.0606157 -0.0474058
FixedParameters: 0 0 0

#Transform 20
Transform: AffineTransform_float_3_3
Parameters: 1 -6.46851e-06 -0.000129327 6.49098e-06 1 8.68427e-05 0.000129325 -8.68443e-05 1 0.00452521 -0.00150392 -0.023312
FixedParameters: 0 0 0

#Transform 21
Transform: AffineTransform_float_3_3
Parameters: 1 3.57869e-06 -0.000139759 -3.59671e-06 1 -6.4463e-05 0.000139759 6.4464e-05 1 0.00729173 0.0404213 -0.0251836
FixedParameters: 0 0 0

#Transform 22
Transform: AffineTransform_float_3_3
Parameters: 1 -2.22067e-05 -0.000112997 2.22798e-05 1 0.000323756 0.000112983 -0.000323761 1 0.00797345 0.0197224 0.00657722
FixedParameters: 0 0 0

#Transform 23
Transform: AffineTransform_float_3_3
Parameters: 1 -7.79075e-06 -0.000127954 7.81807e-06 1 0.000106751 0.000127952 -0.000106753 1 0.0137526 0.0172604 -6.07218e-06
FixedParameters: 0 0 0

#Transform 24
Transform: AffineTransform_float_3_3
Parameters: 1 -0.000102678 -0.000109878 0.000102757 1 0.000358359 0.000109804 -0.000358381 1 0.00719852 0.0442572 -0.0421497
FixedParameters: 0 0 0

#Transform 25
Transform: AffineTransform_float_3_3
Parameters: 1 -1.05015e-05 -0.000125141 1.05384e-05 1 0.000147564 0.000125138 -0.000147567 1 0.0158869 -0.0019151 -0.0065452
FixedParameters: 0 0 0

#Transform 26
Transform: AffineTransform_float_3_3
Parameters: 1 -2.0487e-05 -0.000114781 2.05554e-05 1 0.000297875 0.000114769 -0.000297879 1 0.00292582 0.0703312 -0.0187534
FixedParameters: 0 0 0

#Transform 27
Transform: AffineTransform_float_3_3
Parameters: 1 -4.37759e-05 0.00032928 4.33303e-05 1 0.000676611 -0.000329339 -0.000676582 0.999999 -0.0197305 -0.0256115 0.00674528
FixedParameters: 0 0 0

#Transform 28
Transform: AffineTransform_float_3_3
Parameters: 1 9.86133e-05 0.000568882 -9.87148e-05 0.999999 0.000958787 -0.000568574 -0.000958954 1 -0.0316305 0.0144364 -0.0685685
FixedParameters: 0 0 0

#Transform 29
Transform: AffineTransform_float_3_3
Parameters: 1 1.03444e-06 1.0013e-05 -1.03415e-06 1 -1.46857e-05 -1.0013e-05 1.46857e-05 1 0.00225798 0.0348344 0.00456188
FixedParameters: 0 0 0

#Transform 30
Transform: AffineTransform_float_3_3
Parameters: 1 1.98898e-05 0.000382573 -1.96862e-05 1 -0.00026617 -0.000382583 0.000266155 1 -0.0232548 0.0602584 -0.0891748
FixedParameters: 0 0 0

#Transform 31
Transform: AffineTransform_float_3_3
Parameters: 1 -1.60875e-05 0.000201025 1.59848e-05 1 0.000255307 -0.000201034 -0.0002553 1 -0.00770928 0.0606712 -0.0551518
FixedParameters: 0 0 0

#Transform 32
Transform: AffineTransform_float_3_3
Parameters: 1 2.09441e-07 -0.000163469 -2.14616e-07 1 -1.58379e-05 0.000163469 1.5838e-05 1 0.0145843 0.0890884 -0.0796459
FixedParameters: 0 0 0

#Transform 33
Transform: AffineTransform_float_3_3
Parameters: 0.999999 -0.000133604 -0.000817182 0.000135104 0.999998 0.00196007 0.000816947 -0.00196017 0.999997 0.0481965 0.00076126 0.0776551
FixedParameters: 0 0 0

#Transform 34
Transform: AffineTransform_float_3_3
Parameters: 1 0.00020777 -0.000391465 -0.000206259 0.999996 0.0026659 0.000392122 -0.00266562 0.999997 0.0209086 -0.00196706 0.0488469
FixedParameters: 0 0 0

#Transform 35
Transform: AffineTransform_float_3_3
Parameters: 1 -1.5161e-05 -0.00027074 1.61868e-05 0.999997 0.00270792 0.000271197 -0.0027079 0.999997 0.00859382 -0.026531 0.0312928
FixedParameters: 0 0 0

#Transform 36
Transform: AffineTransform_float_3_3
Parameters: 1 0.000206379 0.000116273 -0.00020658 0.999996 0.0026307 -0.000115781 -0.00263071 0.999996 -0.00999881 -0.0846147 0.00119631
FixedParameters: 0 0 0

#Transform 37
Transform: AffineTransform_float_3_3
Parameters: 1 -3.84311e-05 0.0001045 3.84029e-05 0.999996 0.00275484 -0.000104184 -0.00275487 0.999996 -0.00518972 -0.0403959 0.00191449
FixedParameters: 0 0 0

#Transform 38
Transform: AffineTransform_float_3_3
Parameters: 1 0.000204411 -0.000161065 -0.000204135 0.999996 0.00264977 0.000161568 -0.00264959 0.999996 0.00590385 -0.0568527 0.000316168
FixedParameters: 0 0 0

#Transform 39
Transform: AffineTransform_float_3_3
Parameters: 0.999999 0.000232189 -0.000594189 -0.000231329 0.999997 0.00221247 0.000594583 -0.002213 0.999998 0.0271197 -0.00701532 -0.00533358
FixedParameters: 0 0 0

#Transform 40
Transform: AffineTransform_float_3_3
Parameters: 1 3.2646e-06 -2.12686e-05 -3.89505e-06 0.999998 0.00203501 2.05718e-05 -0.00203489 0.999998 0.0076698 -0.0215847 0.0188832
FixedParameters: 0 0 0

#Transform 41
Transform: AffineTransform_float_3_3
Parameters: 1 -0.000182741 0.000418953 0.000181521 0.999999 0.00178136 -0.000419339 -0.00178122 0.999999 -0.01985 -0.0413412 -0.0381318
FixedParameters: 0 0 0

#Transform 42
Transform: AffineTransform_float_3_3
Parameters: 1 -0.000196811 0.000575128 0.000195774 0.999998 0.00199768 -0.000575663 -0.00199754 0.999998 -0.0136472 -0.0512053 0.0193437
FixedParameters: 0 0 0

#Transform 43
Transform: AffineTransform_float_3_3
Parameters: 1 -0.000166854 0.00040255 0.000165748 0.999999 0.00154344 -0.000402932 -0.00154332 0.999998 -0.0186105 -0.00477572 -0.0572303
FixedParameters: 0 0 0

#Transform 44
Transform: AffineTransform_float_3_3
Parameters: 1 -0.000207325 0.000532565 0.000206294 0.999997 0.0021516 -0.000533206 -0.00215147 0.999997 -0.00347871 -0.0281543 -0.0248856
FixedParameters: 0 0 0

#Transform 45
Transform: AffineTransform_float_3_3
Parameters: 1 -0.000119644 0.000425623 0.000118311 0.999998 0.00188654 -0.000425809 -0.00188646 0.999998 -0.015632 -0.00317683 -0.0388088
FixedParameters: 0 0 0

#Transform 46
Transform: AffineTransform_float_3_3
Parameters: 1 0.000100466 0.000383254 -0.000101322 0.999999 0.00129324 -0.00038385 -0.00129326 0.999999 -0.0186879 0.0302867 -0.0225597
FixedParameters: 0 0 0

#Transform 47
Transform: AffineTransform_float_3_3
Parameters: 1 0.000131928 0.000132925 -0.000132143 0.999999 0.00184202 -0.000132175 -0.00184207 0.999999 -0.0128823 0.00597741 -0.0226039
FixedParameters: 0 0 0

#Transform 48
Transform: AffineTransform_float_3_3
Parameters: 1 -5.31779e-06 6.63823e-05 5.41412e-06 0.999997 0.00234779 -6.70013e-05 -0.00234775 0.999998 -0.00228275 -0.017395 -0.0102025
FixedParameters: 0 0 0

#Transform 49
Transform: AffineTransform_float_3_3
Parameters: 1 -0.000179375 0.000460772 0.00017805 0.999999 0.0017335 -0.000461129 -0.00173336 0.999999 -0.00992543 0.0309276 -0.0353679
FixedParameters: 0 0 0

#Transform 50
Transform: AffineTransform_float_3_3
Parameters: 1 -0.000164874 1.61823e-05 0.000164962 0.999999 0.00149276 -1.65431e-05 -0.00149276 0.999999 0.00863989 0.0380905 -0.0321141
FixedParameters: 0 0 0

#Transform 51
Transform: AffineTransform_float_3_3
Parameters: 1 -0.000101639 -4.9242e-05 0.000101692 1 0.000542109 4.91317e-05 -0.000542119 1 0.0196035 0.0351074 -0.0641288
FixedParameters: 0 0 0

#Transform 52
Transform: AffineTransform_float_3_3
Parameters: 1 -0.000129729 -2.02095e-05 0.000129767 0.999999 0.000964178 1.9959e-05 -0.000964183 0.999999 -0.00271051 0.0445594 -0.066588
FixedParameters: 0 0 0

#Transform 53
Transform: AffineTransform_float_3_3
Parameters: 1 -0.000118159 0.0002115 0.000117818 0.999999 0.000806363 -0.00021169 -0.000806313 0.999999 -0.000990194 0.0558515 -0.022741
FixedParameters: 0 0 0

#Transform 54
Transform: AffineTransform_float_3_3
Parameters: 1 -9.41719e-06 0.000227831 9.95295e-06 0.999999 0.00129359 -0.000227738 -0.00129366 0.999999 -0.00367772 -0.00170957 -0.0551514
FixedParameters: 0 0 0

#Transform 55
Transform: AffineTransform_float_3_3
Parameters: 1 -0.000142659 9.39236e-05 0.000142577 1 0.00116542 -9.41244e-05 -0.00116541 1 0.00780829 0.0879125 -0.0243973
FixedParameters: 0 0 0

#Transform 56
Transform: AffineTransform_float_3_3
Parameters: 1 2.60645e-05 2.77021e-06 -2.59349e-05 0.999999 0.00131955 -2.57005e-06 -0.00131956 0.999999 0.0122496 0.0085441 -0.0180591
FixedParameters: 0 0 0

#Transform 57
Transform: AffineTransform_float_3_3
Parameters: 1 -0.00014219 -7.20971e-06 0.000142343 1 0.00115231 7.01343e-06 -0.00115233 1 0.00605595 0.0163622 -0.0586038
FixedParameters: 0 0 0

#Transform 58
Transform: AffineTransform_float_3_3
Parameters: 1 -1.26577e-05 -9.1806e-05 1.3043e-05 0.999999 0.00135362 9.19027e-05 -0.00135363 0.999999 0.0146151 0.0315495 -0.0429517
FixedParameters: 0 0 0

#Transform 59
Transform: AffineTransform_float_3_3
Parameters: 1 -0.000157654 -0.000121058 0.000157136 0.999999 0.00137716 0.00012077 -0.00137714 0.999999 0.0100659 0.021884 -0.0664413
FixedParameters: 0 0 0

#Transform 60
Transform: AffineTransform_float_3_3
Parameters: 1 -0.000156117 7.15562e-06 0.000156234 0.999999 0.00136136 -7.4493e-06 -0.00136137 0.999999 0.00233888 0.0123178 -0.0520249
FixedParameters: 0 0 0

#Transform 61
Transform: AffineTransform_float_3_3
Parameters: 1 -0.00012615 -2.39057e-05 0.000126193 0.999999 0.000910423 2.36757e-05 -0.000910429 0.999999 0.0233853 0.0842969 -0.0583005
FixedParameters: 0 0 0

#Transform 62
Transform: AffineTransform_float_3_3
Parameters: 1 -0.000169917 2.13784e-05 0.000169986 0.999999 0.00156841 -2.178e-05 -0.00156841 0.999999 0.00748217 0.00667151 -0.0203518
FixedParameters: 0 0 0

#Transform 63
Transform: AffineTransform_float_3_3
Parameters: 1 -0.000137416 -1.20685e-05 0.000137646 1 0.00108164 1.197e-05 -0.00108065 1 0.00723558 0.0607954 -0.062665
FixedParameters: 0 0 0

#Transform 64
Transform: AffineTransform_float_3_3
Parameters: 1 -8.70547e-06 -3.13046e-05 8.75666e-06 0.999999 0.000817295 3.12901e-05 -0.000817296 0.999999 0.00582986 0.034559 -0.0409058
FixedParameters: 0 0 0

#Transform 65
Transform: AffineTransform_float_3_3
Parameters: 1 -8.87591e-05 -0.000158269 8.88672e-05 1 0.000341522 0.000158208 -0.00034155 1 0.0162308 0.0802266 -0.104943
FixedParameters: 0 0 0

#Transform 66
Transform: AffineTransform_float_3_3
Parameters: 1 -0.000143383 -5.97817e-06 0.000143534 1 0.00117023 5.77399e-06 -0.00117024 1 0.0107657 0.0265997 -0.0544108
FixedParameters: 0 0 0

#Transform 67
Transform: AffineTransform_float_3_3
Parameters: 1 -9.23156e-05 1.10717e-05 9.24205e-05 0.999999 0.00142662 -1.12037e-05 -0.00142663 0.999999 0.00978789 0.00901679 -0.0419504
FixedParameters: 0 0 0

#Transform 68
Transform: AffineTransform_float_3_3
Parameters: 1 5.77996e-05 -7.39571e-05 -5.75588e-05 1 0.00115417 7.41546e-05 -0.00115517 1 0.0233662 0.0598209 -0.0476583
FixedParameters: 0 0 0

#Transform 69
Transform: AffineTransform_float_3_3
Parameters: 1 -4.70221e-05 3.28115e-05 4.70564e-05 0.999999 0.00155974 -3.28267e-05 -0.00155975 0.999999 0.0176259 0.0312993 -0.0631674
FixedParameters: 0 0 0

#Transform 70
Transform: AffineTransform_float_3_3
Parameters: 1 -0.000149838 1.3764e-05 0.00014994 0.999999 0.0012679 -1.40125e-05 -0.0012679 0.999999 0.0230974 0.102094 -0.0725221
FixedParameters: 0 0 0

#Transform 71
Transform: AffineTransform_float_3_3
Parameters: 1 -0.000147517 1.13697e-05 0.000147625 0.999999 0.00123306 -1.16021e-05 -0.00123306 0.999999 0.0158005 -0.0131141 -0.0630532
FixedParameters: 0 0 0

#Transform 72
Transform: AffineTransform_float_3_3
Parameters: 1 1.66622e-05 -0.000255456 -1.64707e-05 0.999999 0.00177778 0.000254804 -0.00177765 0.999999 0.0306013 0.0755059 0.062898
FixedParameters: 0 0 0

#Transform 73
Transform: AffineTransform_float_3_3
Parameters: 1 0.000121388 -0.000258649 -0.000121183 0.999998 0.00190455 0.000259321 -0.00190544 0.999998 0.0116156 -0.0315624 -0.0340657
FixedParameters: 0 0 0

#Transform 74
Transform: AffineTransform_float_3_3
Parameters: 1 0.00027129 -4.52818e-05 -0.00027085 0.999999 0.0018174 4.65303e-05 -0.00181739 0.999999 -0.00428652 6.56943e-05 0.00153168
FixedParameters: 0 0 0

#Transform 75
Transform: AffineTransform_float_3_3
Parameters: 1 3.69008e-05 -3.94322e-05 -3.74672e-05 0.999999 0.00187576 3.98491e-05 -0.00187571 0.999998 0.000323246 0.0199773 -0.0425754
FixedParameters: 0 0 0

#Transform 76
Transform: AffineTransform_float_3_3
Parameters: 1 -2.10236e-05 -3.30321e-05 2.14271e-05 0.999998 0.00196281 3.32121e-05 -0.00196283 0.999998 -0.00645847 0.0233096 -0.045342
FixedParameters: 0 0 0

#Transform 77
Transform: AffineTransform_float_3_3
Parameters: 1 -0.000188138 -4.01876e-05 0.000187572 0.999999 0.0018387 4.07631e-05 -0.00183874 0.999999 0.00326563 0.0122055 -0.0192579
FixedParameters: 0 0 0

#Transform 78
Transform: AffineTransform_float_3_3
Parameters: 1 6.74926e-05 -0.000650899 -6.72923e-05 0.999999 0.000912391 0.000651169 -0.000912227 1 0.0290485 0.102582 -0.0519182
FixedParameters: 0 0 0

#Transform 79
Transform: AffineTransform_float_3_3
Parameters: 1 -0.000198082 -0.00010737 0.000197792 0.999998 0.00198429 0.000106862 -0.00198429 0.999998 0.00468849 -0.0280102 -0.0120114
FixedParameters: 0 0 0

#Transform 80
Transform: AffineTransform_float_3_3
Parameters: 1 -0.00013442 -0.000182331 0.00013493 1 0.00102524 0.000182186 -0.00102529 1 0.00750045 0.0898809 -0.0737033
FixedParameters: 0 0 0

#Transform 81
Transform: AffineTransform_float_3_3
Parameters: 1 -0.000197158 -0.000117373 0.000196905 0.999998 0.00196997 0.000116875 -0.00196997 0.999998 0.0147573 0.0196695 -0.0346096
FixedParameters: 0 0 0

#Transform 82
Transform: AffineTransform_float_3_3
Parameters: 0.999999 0.000249182 -0.000784411 -0.000247835 0.999999 0.00140094 0.000785253 -0.00140049 0.999998 0.0381131 0.0631157 -0.0649238
FixedParameters: 0 0 0

#Transform 83
Transform: AffineTransform_float_3_3
Parameters: 0.999999 0.00031795 -0.000785698 -0.000316682 0.999999 0.0013906 0.000786659 -0.00139104 0.999998 0.039831 0.074963 -0.00818414
FixedParameters: 0 0 0

#Transform 84
Transform: AffineTransform_float_3_3
Parameters: 1 -0.000167751 -0.000252496 0.000167666 0.999999 0.00152113 0.000252131 -0.00152116 0.999999 0.00503749 0.0431731 -0.0478933
FixedParameters: 0 0 0

#Transform 85
Transform: AffineTransform_float_3_3
Parameters: 1 1.0053e-05 -0.000457344 -9.39099e-06 0.999998 0.00165462 0.000457522 -0.00165455 0.999998 0.0120599 0.0399442 -0.0444341
FixedParameters: 0 0 0

#Transform 86
Transform: AffineTransform_float_3_3
Parameters: 1 -0.000204134 -0.000321349 0.000204745 0.999998 0.00206487 0.000320782 -0.00206495 0.999998 0.0135406 0.00404339 -0.0285423
FixedParameters: 0 0 0

#Transform 87
Transform: AffineTransform_float_3_3
Parameters: 1 -0.000200171 -0.000325447 0.00020076 0.999998 0.00200514 0.000324921 -0.00200523 0.999998 0.00433469 -0.0166453 -0.0462953
FixedParameters: 0 0 0

#Transform 88
Transform: AffineTransform_float_3_3
Parameters: 1 -3.76339e-05 -0.000146741 3.72312e-05 0.999999 0.00152959 0.000146773 -0.00152954 0.999999 0.00106752 0.0533284 -0.00131125
FixedParameters: 0 0 0

#Transform 89
Transform: AffineTransform_float_3_3
Parameters: 1 -0.000164049 0.000253788 0.000163427 0.999999 0.00149357 -0.000254146 -0.0014935 0.999999 -0.0307184 0.0110882 -0.0417037
FixedParameters: 0 0 0

#Transform 90
Transform: AffineTransform_float_3_3
Parameters: 1 -0.000107869 -7.2656e-05 0.000107238 0.999999 0.00151981 7.24748e-05 -0.00151977 0.999999 -0.00881325 0.0820237 -0.0385687
FixedParameters: 0 0 0

#Transform 91
Transform: AffineTransform_float_3_3
Parameters: 1 -0.00016908 -0.000357768 0.000169327 0.999999 0.0015353 0.000357394 -0.00153537 0.999999 -0.00287359 0.0838975 -0.0550221
FixedParameters: 0 0 0

#Transform 92
Transform: AffineTransform_float_3_3
Parameters: 1 0.000267198 -0.000307515 -0.000267338 0.999998 0.00231857 0.000308189 -0.00231824 0.999998 -0.00629854 0.00150236 -0.0298527
FixedParameters: 0 0 0

#Transform 93
Transform: AffineTransform_float_3_3
Parameters: 1 -0.000208297 0.000272153 0.000207397 0.999997 0.0021544 -0.000272786 -0.00215431 0.999997 -0.0272516 -0.0154501 -0.0476122
FixedParameters: 0 0 0

#Transform 94
Transform: AffineTransform_float_3_3
Parameters: 1 -2.34009e-05 0.00023944 2.27251e-05 0.999998 0.00169678 -0.000239386 -0.00169677 0.999998 -0.00917113 0.109534 -0.0368999
FixedParameters: 0 0 0

#Transform 95
Transform: AffineTransform_float_3_3
Parameters: 1 -0.000201136 -0.000165563 0.000201091 0.999998 0.00202726 0.000165025 -0.00202728 0.999998 0.0137639 -0.0132681 -0.0499694
FixedParameters: 0 0 0

#Transform 96
Transform: AffineTransform_float_3_3
Parameters: 1 -0.000182529 -0.000616378 0.000183803 0.999998 0.00172394 0.000616025 -0.0017241 0.999999 0.0140694 0.0394796 -0.0908208
FixedParameters: 0 0 0

#Transform 97
Transform: AffineTransform_float_3_3
Parameters: 1 -0.000230225 -0.000237969 0.000230816 0.999997 0.00246123 0.000237243 -0.0024613 0.999997 0.00300216 0.00169273 -0.0463863
FixedParameters: 0 0 0

#Transform 98
Transform: AffineTransform_float_3_3
Parameters: 1 -0.000300695 -0.000562728 0.00030194 0.999997 0.0024979 0.000562634 -0.00249821 0.999996 0.00207395 0.034712 -0.0711033
FixedParameters: 0 0 0

#Transform 99
Transform: AffineTransform_float_3_3
Parameters: 1 -0.000218919 -0.000241591 0.000219447 0.999998 0.00229146 0.000240996 -0.00229153 0.999998 0.0120485 0.0533306 -0.0248551
FixedParameters: 0 0 0

#Transform 100
Transform: AffineTransform_float_3_3
Parameters: 0.999999 -0.000202842 -0.000595194 0.000203557 0.999998 0.00203258 0.000594659 -0.00203271 0.999998 0.024199 0.0522277 -0.0698461
FixedParameters: 0 0 0

#Transform 101
Transform: AffineTransform_float_3_3
Parameters: 0.999999 0.000103055 -0.00067861 -0.000101246 0.999999 0.00185894 0.000679268 -0.00185875 0.999998 0.0242884 0.0260764 -0.0438528
FixedParameters: 0 0 0

#Transform 102
Transform: AffineTransform_float_3_3
Parameters: 1 -3.24899e-05 -0.000395517 3.28001e-05 0.999999 0.0014687 0.000395567 -0.00146867 0.999999 0.0139163 0.0549513 -0.0459653
FixedParameters: 0 0 0

#Transform 103
Transform: AffineTransform_float_3_3
Parameters: 1 -0.000173422 -0.000555498 0.000174338 0.999999 0.00158978 0.00055608 -0.00158998 0.999998 0.0222239 0.0649984 -0.0664512
FixedParameters: 0 0 0

#Transform 104
Transform: AffineTransform_float_3_3
Parameters: 1 -0.000209746 -0.000464359 0.000210034 0.999997 0.00214268 0.00046474 -0.00214283 0.999997 0.017621 0.0188982 -0.0512153
FixedParameters: 0 0 0

#Transform 105
Transform: AffineTransform_float_3_3
Parameters: 1 3.28791e-05 -0.000425326 -3.18856e-05 0.999998 0.00200754 0.000425733 -0.00200747 0.999998 0.011823 0.030624 -0.0816794
FixedParameters: 0 0 0

#Transform 106
Transform: AffineTransform_float_3_3
Parameters: 0.999999 0.000126303 -0.000621573 -0.000125298 0.999999 0.00149494 0.000621106 -0.00149465 0.999998 0.0235546 0.0546124 0.00174032
FixedParameters: 0 0 0

#Transform 107
Transform: AffineTransform_float_3_3
Parameters: 1 8.3094e-05 -0.000357382 -8.23501e-05 0.999998 0.00203938 0.000357997 -0.00203927 0.999998 0.0103953 0.0584201 -0.079985
FixedParameters: 0 0 0

#Transform 108
Transform: AffineTransform_float_3_3
Parameters: 1 5.41404e-05 -0.000450817 -5.34768e-05 0.999997 0.00247188 0.000451506 -0.00247172 0.999997 0.0139373 0.0108004 -0.0601296
FixedParameters: 0 0 0

#Transform 109
Transform: AffineTransform_float_3_3
Parameters: 1 0.000101151 -0.000487878 -0.000100283 0.999998 0.00176029 0.000488511 -0.00176012 0.999999 0.0192935 0.0496407 -0.106838
FixedParameters: 0 0 0

#Transform 110
Transform: AffineTransform_float_3_3
Parameters: 1 6.90387e-05 -0.000422137 -6.78565e-05 0.999997 0.00224784 0.000421866 -0.00224766 0.999998 0.0272975 0.0395142 -0.111714
FixedParameters: 0 0 0

#Transform 111
Transform: AffineTransform_float_3_3
Parameters: 1 8.20686e-05 -0.000464922 -8.08765e-05 0.999998 0.00204973 0.000465533 -0.00204961 0.999998 0.015898 0.0133826 -0.102623
FixedParameters: 0 0 0

#Transform 112
Transform: AffineTransform_float_3_3
Parameters: 1 8.24525e-05 -0.000172684 -8.24582e-05 0.999998 0.00205776 0.000172312 -0.00205761 0.999998 0.0095266 -0.00294035 -0.0861408
FixedParameters: 0 0 0

#Transform 113
Transform: AffineTransform_float_3_3
Parameters: 1 5.98715e-05 -0.00014917 -5.97356e-05 0.999997 0.00239819 0.000148877 -0.00239806 0.999997 0.0173525 0.0333694 -0.0765822
FixedParameters: 0 0 0

#Transform 114
Transform: AffineTransform_float_3_3
Parameters: 1 0.000149967 -0.000242916 -0.000149326 1 0.00104038 0.00024237 -0.00104024 1 0.0197121 0.0987393 -0.109232
FixedParameters: 0 0 0

#Transform 115
Transform: AffineTransform_float_3_3
Parameters: 1 0.000226917 -0.00104607 -0.000227431 1 -0.000180734 0.00104698 0.00018116 1 0.0669284 0.118977 -0.118996
FixedParameters: 0 0 0

#Transform 116
Transform: AffineTransform_float_3_3
Parameters: 1 0.000157024 -0.000613848 -0.000156962 0.999999 0.000908826 0.000614213 -0.000909553 1 0.0349019 0.0826225 -0.11076
FixedParameters: 0 0 0

#Transform 117
Transform: AffineTransform_float_3_3
Parameters: 1 -6.05712e-05 -0.000517905 6.06434e-05 0.999999 0.00102321 0.000517928 -0.00102319 1 0.0391973 0.132368 -0.0706457
FixedParameters: 0 0 0

#Transform 118
Transform: AffineTransform_float_3_3
Parameters: 1 2.98471e-05 -0.000622452 -2.87767e-05 0.999999 0.00154376 0.000622688 -0.00154366 0.999998 0.0375129 0.0448764 -0.0796561
FixedParameters: 0 0 0

#Transform 119
Transform: AffineTransform_float_3_3
Parameters: 0.999999 0.000104054 -0.00075646 -0.000103319 0.999998 0.00170272 0.000756118 -0.00170236 0.999999 0.0395817 0.0907129 -0.0928358
FixedParameters: 0 0 0

#Transform 120
Transform: AffineTransform_float_3_3
Parameters: 1 5.31148e-05 -0.000579913 -5.2352e-05 0.999999 0.00139171 0.000580205 -0.00139159 0.999999 0.0363946 0.0903091 -0.106277
FixedParameters: 0 0 0

#Transform 121
Transform: AffineTransform_float_3_3
Parameters: 1 0.000148222 -0.000604571 -0.000147948 0.999999 0.0010432 0.000605027 -0.00104295 1 0.0339667 0.120518 -0.0894082
FixedParameters: 0 0 0

#Transform 122
Transform: AffineTransform_float_3_3
Parameters: 0.999999 0.000147055 -0.00073925 -0.000146487 0.999999 0.00105242 0.000739706 -0.00105213 0.999999 0.0340618 0.144015 -0.0748654
FixedParameters: 0 0 0

#Transform 123
Transform: AffineTransform_float_3_3
Parameters: 0.999999 0.000246352 -0.000726567 -0.000245386 0.999999 0.00125009 0.000727327 -0.00124967 0.999999 0.0308538 0.0863422 -0.0653566
FixedParameters: 0 0 0

#Transform 124
Transform: AffineTransform_float_3_3
Parameters: 1 0.000154653 -0.000476382 -0.000154732 0.999999 0.000954422 0.000475836 -0.00095413 1 0.030202 0.0727677 -0.0795674
FixedParameters: 0 0 0

#Transform 125
Transform: AffineTransform_float_3_3
Parameters: 1 0.000187225 -0.00112303 -0.000187414 1 0.000416647 0.0011232 -0.000416141 1 0.0548457 0.104565 -0.0983765
FixedParameters: 0 0 0

#Transform 126
Transform: AffineTransform_float_3_3
Parameters: 0.999999 0.000286035 -0.00135024 -0.000284395 0.999999 0.0010478 0.00135091 -0.00104793 0.999999 0.065317 0.0986037 -0.0453551
FixedParameters: 0 0 0

#Transform 127
Transform: AffineTransform_float_3_3
Parameters: 0.999999 0.000341885 -0.00126934 -0.000341556 1 0.000598981 0.0012697 -0.000599023 0.999999 0.0591179 0.116959 -0.0712056
FixedParameters: 0 0 0

#Transform 128
Transform: AffineTransform_float_3_3
Parameters: 0.999999 0.000142296 -0.000823779 -0.000141302 1 0.0011202 0.000824243 -0.00111991 0.999999 0.0289899 0.0456064 -0.0990872
FixedParameters: 0 0 0

#Transform 129
Transform: AffineTransform_float_3_3
Parameters: 0.999999 0.00013562 -0.000816768 -0.000134477 1 0.00122173 0.000816255 -0.00122139 0.999999 0.0301658 0.0852273 -0.087477
FixedParameters: 0 0 0

#Transform 130
Transform: AffineTransform_float_3_3
Parameters: 0.999999 -5.57536e-05 -0.0012925 5.76857e-05 0.999999 0.00151185 0.00129249 -0.00151185 0.999998 0.0333541 0.0633483 -0.0923759
FixedParameters: 0 0 0

#Transform 131
Transform: AffineTransform_float_3_3
Parameters: 0.999999 0.000227245 -0.00173779 -0.000224908 0.999999 0.00128058 0.0017384 -0.00127964 0.999997 0.0611137 0.168483 -0.0970152
FixedParameters: 0 0 0

#Transform 132
Transform: AffineTransform_float_3_3
Parameters: 0.999999 0.000164212 -0.0013797 -0.000163269 0.999999 0.000749237 0.00137996 -0.0007487 0.999999 0.0461048 0.0914154 -0.101103
FixedParameters: 0 0 0

#Transform 133
Transform: AffineTransform_float_3_3
Parameters: 0.999999 0.000146855 -0.00175705 -0.000145628 0.999999 0.000989148 0.00175737 -0.000988464 0.999998 0.0565404 0.175556 -0.054113
FixedParameters: 0 0 0

#Transform 134
Transform: AffineTransform_float_3_3
Parameters: 0.999998 7.96034e-05 -0.00195148 -7.78033e-05 0.999999 0.00105421 0.0019516 -0.00105473 0.999997 0.0597361 0.0777738 -0.0478716
FixedParameters: 0 0 0

#Transform 135
Transform: AffineTransform_float_3_3
Parameters: 0.999998 0.000117453 -0.00216461 -0.000114625 0.999999 0.0014161 0.00216491 -0.00141636 0.999996 0.0731614 0.159278 -0.0853956
FixedParameters: 0 0 0

#Transform 136
Transform: AffineTransform_float_3_3
Parameters: 0.999998 0.000117527 -0.00187062 -0.000115263 0.999999 0.00143399 0.00187113 -0.00143333 0.999997 0.0646998 0.116936 -0.0728681
FixedParameters: 0 0 0

#Transform 137
Transform: AffineTransform_float_3_3
Parameters: 0.999999 0.000102108 -0.00165104 -9.9722e-05 0.999998 0.00168198 0.0016505 -0.00168234 0.999998 0.0518472 0.0997494 -0.119409
FixedParameters: 0 0 0

#Transform 138
Transform: AffineTransform_float_3_3
Parameters: 0.999999 7.53423e-05 -0.00161845 -7.25099e-05 0.999998 0.00209582 0.00161908 -0.0020953 0.999997 0.0581869 0.0942703 -0.055901
FixedParameters: 0 0 0

#Transform 139
Transform: AffineTransform_float_3_3
Parameters: 0.999999 9.39093e-05 -0.00138161 -9.17658e-05 0.999999 0.00182355 0.0013812 -0.00182402 0.999998 0.0338869 0.106832 -0.108294
FixedParameters: 0 0 0

#Transform 140
Transform: AffineTransform_float_3_3
Parameters: 0.999999 7.83109e-05 -0.00144251 -7.51984e-05 0.999998 0.00205972 0.00144215 -0.00205923 0.999997 0.0384633 0.115722 -0.100061
FixedParameters: 0 0 0

#Transform 141
Transform: AffineTransform_float_3_3
Parameters: 0.999999 2.19433e-05 -0.0013185 -1.77687e-05 0.999996 0.00292733 0.00131821 -0.00292697 0.999995 0.0297691 0.0292347 -0.097147
FixedParameters: 0 0 0

#Transform 142
Transform: AffineTransform_float_3_3
Parameters: 0.999999 6.17175e-05 -0.001598 -5.83009e-05 0.999997 0.00230543 0.0015986 -0.00230495 0.999996 0.0449132 0.0877316 -0.0931088
FixedParameters: 0 0 0

#Transform 143
Transform: AffineTransform_float_3_3
Parameters: 0.999999 3.66445e-05 -0.00140137 -3.27605e-05 0.999996 0.002699 0.00140115 -0.00269857 0.999996 0.0369422 0.0625605 -0.0693786
FixedParameters: 0 0 0

#Transform 144
Transform: AffineTransform_float_3_3
Parameters: 0.999999 4.76008e-05 -0.00146324 -4.38806e-05 0.999997 0.00252921 0.00146293 -0.00252876 0.999996 0.0380602 0.101158 -0.128547
FixedParameters: 0 0 0

#Transform 145
Transform: AffineTransform_float_3_3
Parameters: 1 1.65072e-05 -0.00108977 -1.3471e-05 0.999995 0.00301771 0.00109045 -0.00301743 0.999995 0.0195094 0.0109126 -0.0825714
FixedParameters: 0 0 0

#Transform 146
Transform: AffineTransform_float_3_3
Parameters: 1 1.12808e-05 -0.0010843 -8.03518e-06 0.999996 0.00309733 0.00108487 -0.00309808 0.999994 0.0146097 0.072762 -0.110536
FixedParameters: 0 0 0

#Transform 147
Transform: AffineTransform_float_3_3
Parameters: 1 -9.46847e-08 -0.00107225 3.70641e-06 0.999995 0.00327153 0.00107296 -0.0032713 0.999994 0.0238754 0.0647778 -0.0726587
FixedParameters: 0 0 0

#Transform 148
Transform: AffineTransform_float_3_3
Parameters: 1 6.04817e-06 -0.00101842 -2.97539e-06 0.999995 0.00317985 0.00101916 -0.0031796 0.999995 0.0177868 0.0316104 -0.0896157
FixedParameters: 0 0 0

#Transform 149
Transform: AffineTransform_float_3_3
Parameters: 1 8.07787e-06 -0.00108087 -4.67977e-06 0.999995 0.0031471 0.0010815 -0.00314686 0.999994 0.0235643 0.0759317 -0.0893147
FixedParameters: 0 0 0

#Transform 150
Transform: AffineTransform_float_3_3
Parameters: 0.999998 5.9494e-06 -0.00152957 -6.57336e-07 0.999995 0.00316582 0.00153032 -0.00316551 0.999994 0.0470689 0.107568 -0.0733063
FixedParameters: 0 0 0

#Transform 151
Transform: AffineTransform_float_3_3
Parameters: 0.999999 1.37442e-05 -0.00135903 -9.98311e-06 0.999995 0.00305118 0.00135885 -0.00305076 0.999995 0.0319284 0.0648112 -0.13672
FixedParameters: 0 0 0

#Transform 152
Transform: AffineTransform_float_3_3
Parameters: 0.999998 -7.25676e-05 -0.0015129 7.84668e-05 0.999994 0.0034014 0.00151325 -0.00340132 0.999993 0.0394245 0.031721 -0.11898
FixedParameters: 0 0 0

#Transform 153
Transform: AffineTransform_float_3_3
Parameters: 0.999999 2.87761e-05 -0.00129755 -2.49923e-05 0.999996 0.0028239 0.0012973 -0.00282352 0.999995 0.0299648 0.122691 -0.135222
FixedParameters: 0 0 0

#Transform 154
Transform: AffineTransform_float_3_3
Parameters: 1 -1.38907e-05 -0.00102556 1.77683e-05 0.999994 0.00348335 0.00102629 -0.00348316 0.999994 0.0189734 0.0428226 -0.102342
FixedParameters: 0 0 0

#Transform 155
Transform: AffineTransform_float_3_3
Parameters: 1 3.80301e-05 -0.000994888 -3.53643e-05 0.999996 0.00269315 0.000994536 -0.00269282 0.999996 0.0175087 0.0997112 -0.125788
FixedParameters: 0 0 0

#Transform 156
Transform: AffineTransform_float_3_3
Parameters: 0.999999 3.91504e-05 -0.00138901 -3.55033e-05 0.999996 0.00266015 0.00138973 -0.00266078 0.999996 0.0398665 0.149444 -0.106729
FixedParameters: 0 0 0

#Transform 157
Transform: AffineTransform_float_3_3
Parameters: 1 1.27309e-05 -0.00105374 -9.85707e-06 0.999995 0.00307525 0.00105433 -0.00307598 0.999994 0.0193737 0.0585899 -0.112794
FixedParameters: 0 0 0

#Transform 158
Transform: AffineTransform_float_3_3
Parameters: 0.999999 4.45578e-05 -0.00119878 -4.21038e-05 0.999997 0.00258514 0.00119939 -0.00258578 0.999996 0.029367 0.121682 -0.103075
FixedParameters: 0 0 0

#Transform 159
Transform: AffineTransform_float_3_3
Parameters: 1 -8.90614e-06 -0.000893315 1.16607e-05 0.999995 0.00341031 0.000892905 -0.00341104 0.999994 0.0226306 0.0593701 -0.0955859
FixedParameters: 0 0 0

#Transform 160
Transform: AffineTransform_float_3_3
Parameters: 1 -3.89747e-05 1.26781e-05 3.8984e-05 0.999993 0.0038873 -1.1913e-05 -0.0038873 0.999993 -0.026053 0.0626983 -0.112737
FixedParameters: 0 0 0

#Transform 161
Transform: AffineTransform_float_3_3
Parameters: 0.999999 -3.87252e-06 -0.000660439 6.0075e-06 0.999994 0.00334134 0.000661241 -0.00334119 0.999994 -0.00400209 -0.0123479 -0.134839
FixedParameters: 0 0 0

#Transform 162
Transform: AffineTransform_float_3_3
Parameters: 1 -0.000230939 -0.000777366 0.000233294 0.999993 0.00361939 0.000776534 -0.00361952 0.999993 0.0201062 0.0852037 -0.0993517
FixedParameters: 0 0 0

#Transform 163
Transform: AffineTransform_float_3_3
Parameters: 0.999999 -9.10555e-06 -0.000587709 1.09151e-05 0.999994 0.00342238 0.000587417 -0.00342317 0.999994 0.0118205 0.0772434 -0.190602
FixedParameters: 0 0 0

#Transform 164
Transform: AffineTransform_float_3_3
Parameters: 0.999999 -3.90787e-05 -0.00109947 4.34554e-05 0.999992 0.00386548 0.00109916 -0.00386521 0.999992 0.0348637 0.0838259 -0.147453
FixedParameters: 0 0 0

#Transform 165
Transform: AffineTransform_float_3_3
Parameters: 0.999999 -7.72856e-05 -0.00065236 7.96614e-05 0.999994 0.00346742 0.00065166 -0.00346731 0.999994 0.00611006 0.0896441 -0.152025
FixedParameters: 0 0 0

#Transform 166
Transform: AffineTransform_float_3_3
Parameters: 1 -0.000109982 -0.000880255 0.000113036 0.999993 0.00359142 0.000880303 -0.00359139 0.999993 0.0260579 0.104457 -0.147303
FixedParameters: 0 0 0

#Transform 167
Transform: AffineTransform_float_3_3
Parameters: 1 -5.06863e-05 -0.000612618 5.26507e-05 0.999992 0.00405118 0.000612189 -0.00405098 0.999991 0.0153278 0.0388418 -0.145372
FixedParameters: 0 0 0

#Transform 168
Transform: AffineTransform_float_3_3
Parameters: 0.999999 4.77453e-06 -0.000614189 -1.69384e-06 0.999992 0.00403186 0.000614323 -0.00403166 0.999991 0.0163746 0.102336 -0.186029
FixedParameters: 0 0 0

#Transform 169
Transform: AffineTransform_float_3_3
Parameters: 0.999999 -5.88406e-05 -0.000594597 6.12437e-05 0.999991 0.00431258 0.000594333 -0.0043124 0.99999 0.0138645 0.0238609 -0.148818
FixedParameters: 0 0 0

#Transform 170
Transform: AffineTransform_float_3_3
Parameters: 1 0.000221719 -0.000740433 -0.000218736 0.999992 0.00403717 0.000741213 -0.00403651 0.999991 0.0204958 0.0983598 -0.17381
FixedParameters: 0 0 0

#Transform 171
Transform: AffineTransform_float_3_3
Parameters: 1 0.000290688 -0.000628836 -0.000289051 0.999992 0.00384329 0.00063 -0.00384356 0.999993 0.0149782 0.0590392 -0.12203
FixedParameters: 0 0 0

#Transform 172
Transform: AffineTransform_float_3_3
Parameters: 0.999999 8.14947e-05 -0.00057041 -7.90872e-05 0.999992 0.0038723 0.000570152 -0.00387193 0.999993 0.00998034 0.0839639 -0.144321
FixedParameters: 0 0 0

#Transform 173
Transform: AffineTransform_float_3_3
Parameters: 0.999999 7.5486e-05 -0.000607837 -7.3327e-05 0.999991 0.00412969 0.000607717 -0.00412926 0.999992 0.0127709 0.0451437 -0.170381
FixedParameters: 0 0 0

#Transform 174
Transform: AffineTransform_float_3_3
Parameters: 0.999999 0.000154857 -0.000435221 -0.000153201 0.999988 0.0047952 0.000435304 -0.00479568 0.999989 0.00562312 0.039234 -0.165738
FixedParameters: 0 0 0

#Transform 175
Transform: AffineTransform_float_3_3
Parameters: 0.999999 -7.42462e-05 -0.000567027 7.71397e-05 0.999989 0.00471346 0.000566831 -0.00471332 0.999988 0.0139426 0.0450003 -0.168099
FixedParameters: 0 0 0

#Transform 176
Transform: AffineTransform_float_3_3
Parameters: 1 0.000159177 -0.000567197 -0.000156397 0.999989 0.00472922 0.000568086 -0.00472873 0.999988 0.00317344 0.0458299 -0.139533
FixedParameters: 0 0 0

#Transform 177
Transform: AffineTransform_float_3_3
Parameters: 1 0.000164522 -0.000572745 -0.000161782 0.99999 0.00464859 0.000573658 -0.0046481 0.999989 0.0111462 0.0540135 -0.186377
FixedParameters: 0 0 0

#Transform 178
Transform: AffineTransform_float_3_3
Parameters: 1 -0.000188403 -0.000576029 0.000190943 0.999989 0.0045738 0.000574681 -0.00457376 0.99999 0.0140048 0.0209948 -0.16261
FixedParameters: 0 0 0

#Transform 179
Transform: AffineTransform_float_3_3
Parameters: 1 0.000194789 -0.000604466 -0.000192583 0.999992 0.00418973 0.000605222 -0.00418917 0.999991 0.0084025 0.0691666 -0.188649
FixedParameters: 0 0 0

#Transform 180
Transform: AffineTransform_float_3_3
Parameters: 1 -0.000136133 -0.000773032 0.000139482 0.999989 0.00456979 0.000772174 -0.00456968 0.99999 0.0230217 0.0271683 -0.159528
FixedParameters: 0 0 0

#Transform 181
Transform: AffineTransform_float_3_3
Parameters: 1 0.000153435 -0.000561173 -0.000150613 0.999988 0.00481582 0.000562167 -0.00481533 0.999989 0.0116433 0.0330335 -0.156752
FixedParameters: 0 0 0

#Transform 182
Transform: AffineTransform_float_3_3
Parameters: 0.999999 -0.000152208 -0.000606372 0.000154355 0.999991 0.00413232 0.00060536 -0.00413223 0.999992 0.0213098 0.0796404 -0.111307
FixedParameters: 0 0 0

#Transform 183
Transform: AffineTransform_float_3_3
Parameters: 1 -7.89128e-05 2.3179e-05 7.88556e-05 0.999984 0.00564597 -2.39105e-05 -0.00564584 0.999984 -0.00450027 0.0677615 -0.104266
FixedParameters: 0 0 0

#Transform 184
Transform: AffineTransform_float_3_3
Parameters: 1 6.75991e-05 -0.000158758 -6.70142e-05 0.999982 0.00611341 0.000159175 -0.00611309 0.999982 -0.00336356 -0.00827408 -0.0905508
FixedParameters: 0 0 0

#Transform 185
Transform: AffineTransform_float_3_3
Parameters: 1 4.03207e-05 -0.000153512 -3.94006e-05 0.999979 0.00652408 0.00015389 -0.00652379 0.999979 -0.00185079 -0.0397924 -0.0848212
FixedParameters: 0 0 0

#Transform 186
Transform: AffineTransform_float_3_3
Parameters: 1 3.58561e-05 0.000380654 -3.88465e-05 0.999979 0.00658039 -0.000380215 -0.00658035 0.999979 -0.04351 0.0567596 -0.028177
FixedParameters: 0 0 0

#Transform 187
Transform: AffineTransform_float_3_3
Parameters: 0.999999 -0.000580116 0.00097936 0.000573347 0.999972 0.0074095 -0.000984273 -0.00740888 0.999972 -0.0750674 -0.0844915 0.0509015
FixedParameters: 0 0 0

#Transform 188
Transform: AffineTransform_float_3_3
Parameters: 0.999999 -0.000389122 0.00092733 0.000383008 0.999979 0.00643521 -0.000929574 -0.00643488 0.999979 -0.0589919 0.0510311 0.083476
FixedParameters: 0 0 0

#Transform 189
Transform: AffineTransform_float_3_3
Parameters: 0.999999 -0.000174115 0.00149534 0.000162442 0.999972 0.00749332 -0.00149625 -0.00749339 0.999971 -0.0873885 -0.0864959 0.146054
FixedParameters: 0 0 0

#Transform 190
