# transform file /out/sourcedata/freesurfer/sub-v1s5x0050746_ses-1/mri/transforms/cc_up.lta
# created by oesteban on Tue Mar 10 06:03:04 2026

type      = 0 # LINEAR_VOX_TO_VOX
nxforms   = 1
mean      = 124.0000 108.0000 115.0000
sigma     = 10000.0000
1 4 4
9.966791272163391e-01 -4.884468391537666e-02 6.515311449766159e-02 2.734523296356201e+00 
4.874065518379211e-02 9.988064169883728e-01 3.186186542734504e-03 3.171767425537109e+01 
-6.523097306489944e-02 0.000000000000000e+00 9.978702068328857e-01 3.333174133300781e+01 
0.000000000000000e+00 0.000000000000000e+00 0.000000000000000e+00 1.000000000000000e+00 
src volume info
valid = 1  # volume info valid
filename = /out/sourcedata/freesurfer/sub-v1s5x0050746_ses-1/mri/norm.mgz
volume = 256 256 256
voxelsize = 1.000000000000000e+00 1.000000000000000e+00 1.000000000000000e+00
xras   = -9.999999403953552e-01 -1.734588295221329e-08 9.313225746154785e-10
yras   = 9.313225746154785e-10 7.450580596923828e-09 -1.000000000000000e+00
zras   = 9.778887033462524e-09 1.000000119209290e+00 0.000000000000000e+00
cras   = -7.513732910156250e-01 5.933853149414062e+00 9.806968688964844e+00
dst volume info
valid = 1  # volume info valid
filename = /out/sourcedata/freesurfer/sub-v1s5x0050746_ses-1/mri/norm.mgz
volume = 256 256 256
voxelsize = 1.000000000000000e+00 1.000000000000000e+00 1.000000000000000e+00
xras   = -9.999999403953552e-01 -1.734588295221329e-08 9.313225746154785e-10
yras   = 9.313225746154785e-10 7.450580596923828e-09 -1.000000000000000e+00
zras   = 9.778887033462524e-09 1.000000119209290e+00 0.000000000000000e+00
cras   = -7.513732910156250e-01 5.933853149414062e+00 9.806968688964844e+00
