# transform file transforms/talairach.lta
# created by oesteban on Tue Mar 10 05:06:56 2026

type      = 0 # LINEAR_VOX_TO_VOX
nxforms   = 1
mean      = 124.0000 108.0000 116.0000
sigma     = 10000.0000
1 4 4
1.086504101753235e+00 -6.598731130361557e-02 7.447833567857742e-02 -1.047469043731689e+01 
3.683010488748550e-02 1.197085738182068e+00 1.177405379712582e-02 -1.124564647674561e+01 
-7.958903163671494e-02 -5.030745640397072e-03 9.985132813453674e-01 4.035731792449951e+00 
0.000000000000000e+00 0.000000000000000e+00 0.000000000000000e+00 1.000000000000000e+00 
src volume info
valid = 1  # volume info valid
filename = nu.mgz
volume = 256 256 256
voxelsize = 1.000000000000000e+00 1.000000000000000e+00 1.000000000000000e+00
xras   = -9.999999403953552e-01 -1.734588295221329e-08 9.313225746154785e-10
yras   = 9.313225746154785e-10 7.450580596923828e-09 -1.000000000000000e+00
zras   = 9.778887033462524e-09 1.000000119209290e+00 0.000000000000000e+00
cras   = -7.513732910156250e-01 5.933853149414062e+00 9.806968688964844e+00
dst volume info
valid = 1  # volume info valid
filename = /opt/freesurfer/average/RB_all_2020-01-02.gca
volume = 256 256 256
voxelsize = 1.000000000000000e+00 1.000000000000000e+00 1.000000000000000e+00
xras   = -1.000000000000000e+00 0.000000000000000e+00 0.000000000000000e+00
yras   = 0.000000000000000e+00 0.000000000000000e+00 -1.000000000000000e+00
zras   = 0.000000000000000e+00 1.000000000000000e+00 0.000000000000000e+00
cras   = 0.000000000000000e+00 0.000000000000000e+00 0.000000000000000e+00
