type      = 0 # LINEAR_VOX_TO_VOX
nxforms   = 1
mean      = 0.0000 0.0000 0.0000
sigma     = 1.0000
1 4 4
1.105835914611816e+00 -5.178999900817871e-02 5.429799482226372e-02 -1.016961669921875e+01 
5.123399570584297e-02 1.135231971740723e+00 2.593200281262398e-02 -7.827865600585938e+00 
-3.772101551294327e-02 -5.667899176478386e-02 1.085837125778198e+00 -7.054595947265625e+00 
0.000000000000000e+00 0.000000000000000e+00 0.000000000000000e+00 1.000000000000000e+00 
src volume info
valid = 1  # volume info valid
filename = /out/sourcedata/freesurfer/sub-v1s5x0050746_ses-1/mri/orig.mgz
volume = 256 256 256
voxelsize = 1.000000000000000e+00 1.000000000000000e+00 1.000000000000000e+00
xras   = -9.999999403953552e-01 -1.734588295221329e-08 9.313225746154785e-10
yras   = 9.313225746154785e-10 7.450580596923828e-09 -1.000000000000000e+00
zras   = 9.778887033462524e-09 1.000000119209290e+00 0.000000000000000e+00
cras   = -7.513732910156250e-01 5.933853149414062e+00 9.806968688964844e+00
dst volume info
valid = 1  # volume info valid
filename = /opt/freesurfer/average/mni305.cor.mgz
volume = 256 256 256
voxelsize = 1.000000000000000e+00 1.000000000000000e+00 1.000000000000000e+00
xras   = -1.000000000000000e+00 0.000000000000000e+00 0.000000000000000e+00
yras   = 0.000000000000000e+00 0.000000000000000e+00 -1.000000000000000e+00
zras   = 0.000000000000000e+00 1.000000000000000e+00 0.000000000000000e+00
cras   = 0.000000000000000e+00 0.000000000000000e+00 0.000000000000000e+00
subject fsaverage
fscale 0.100000
