#Insight Transform File V1.0
#Transform 0
Transform: AffineTransform_float_3_3
Parameters: 0.999999 0.000406508 -0.000663217 -0.000405689 0.999999 0.00146807 0.00066458 -0.00146844 0.999998 0.03955 -0.0333462 -0.0532967
FixedParameters: 0 0 0

#Transform 1
Transform: AffineTransform_float_3_3
Parameters: 1 4.52252e-05 -0.000294896 -4.5429e-05 0.999999 0.00143114 0.000295171 -0.00143103 0.999999 0.0350321 -0.0670289 -0.0903686
FixedParameters: 0 0 0

#Transform 2
Transform: AffineTransform_float_3_3
Parameters: 1 5.53701e-05 -0.000666338 -5.45925e-05 0.999999 0.00136982 0.000666634 -0.00136967 0.999999 0.0264082 -0.00450778 0.0338586
FixedParameters: 0 0 0

#Transform 3
Transform: AffineTransform_float_3_3
Parameters: 1 -0.000159697 -0.00065937 0.000159974 0.999999 0.000965892 0.000659208 -0.000966046 1 0.0205321 -0.0456954 -0.0662945
FixedParameters: 0 0 0

#Transform 4
Transform: AffineTransform_float_3_3
Parameters: 1 -0.000148836 -0.000138433 0.000148112 0.999999 0.000980853 0.000138125 -0.000980813 0.999999 0.0136849 -0.0302937 -0.0324996
FixedParameters: 0 0 0

#Transform 5
Transform: AffineTransform_float_3_3
Parameters: 1 9.76025e-05 -0.00021748 -9.72639e-05 0.999999 0.000778012 0.000217631 -0.000777969 0.999999 0.0231538 -0.00062675 0.0878121
FixedParameters: 0 0 0

#Transform 6
Transform: AffineTransform_float_3_3
Parameters: 1 0.000167208 -0.000360426 -0.000167245 1 -5.11219e-05 0.000360409 5.12424e-05 1 0.0305466 -0.0426492 -0.0961912
FixedParameters: 0 0 0

#Transform 7
Transform: AffineTransform_float_3_3
Parameters: 1 9.16237e-05 -0.000464456 -9.18658e-05 0.999999 0.000890431 0.000463804 -0.000891313 1 0.0176714 0.0224384 0.0503529
FixedParameters: 0 0 0

#Transform 8
Transform: AffineTransform_float_3_3
Parameters: 1 9.22218e-05 -0.000116776 -9.20283e-05 0.999999 0.000827435 0.000116929 -0.000827413 0.999999 0.00390556 -0.0244319 0.0142183
FixedParameters: 0 0 0

#Transform 9
Transform: AffineTransform_float_3_3
Parameters: 1 -0.00025831 -0.000120044 0.000258321 1 4.79206e-05 0.000120019 -4.79827e-05 1 0.0172949 -0.0519702 -0.0779001
FixedParameters: 0 0 0

#Transform 10
Transform: AffineTransform_float_3_3
Parameters: 1 -0.000168998 -5.39149e-05 0.000169016 1 0.000172432 5.38566e-05 -0.00017245 1 0.00514708 -0.0195048 0.101583
FixedParameters: 0 0 0

#Transform 11
Transform: AffineTransform_float_3_3
Parameters: 1 -0.000280101 0.000293022 0.000279309 1 -0.000347113 -0.000292844 0.000347358 1 0.00169596 0.0238231 -0.0586572
FixedParameters: 0 0 0

#Transform 12
Transform: AffineTransform_float_3_3
Parameters: 1 -0.000150825 8.9528e-05 0.000150816 1 5.13122e-05 -8.95435e-05 -5.12852e-05 1 0.0142235 -0.0113135 0.0528063
FixedParameters: 0 0 0

#Transform 13
Transform: AffineTransform_float_3_3
Parameters: 1 -9.27624e-05 -0.000185956 9.18618e-05 1 0.00025449 0.000185892 -0.000254443 1 0.00974069 0.000639294 0.0682154
FixedParameters: 0 0 0

#Transform 14
Transform: AffineTransform_float_3_3
Parameters: 1 -7.50313e-05 -0.00012227 7.49752e-05 1 -0.000229215 0.000122304 0.000229197 1 0.00903959 -0.0551121 -0.0704863
FixedParameters: 0 0 0

#Transform 15
Transform: AffineTransform_float_3_3
Parameters: 1 -0.000118515 -8.55279e-05 0.000118546 1 0.000185746 8.54839e-05 -0.000185766 1 0.00072281 0.0156156 0.075798
FixedParameters: 0 0 0

#Transform 16
Transform: AffineTransform_float_3_3
Parameters: 1 -1.7984e-05 7.03783e-05 1.80149e-05 1 -0.000219394 -7.03705e-05 0.000219397 1 -0.0028056 0.0245724 -0.0598845
FixedParameters: 0 0 0

#Transform 17
Transform: AffineTransform_float_3_3
Parameters: 1 -0.000117095 -0.000206724 0.000117045 1 -0.000119502 0.000206752 0.000119453 1 0.00412352 -0.0421926 -0.0603102
FixedParameters: 0 0 0

#Transform 18
Transform: AffineTransform_float_3_3
Parameters: 1 -0.000132143 -0.000209678 0.000132171 1 6.48659e-05 0.000209661 -6.49214e-05 1 0.0101439 0.0542225 0.0458583
FixedParameters: 0 0 0

#Transform 19
Transform: AffineTransform_float_3_3
Parameters: 1 -9.62351e-05 -0.000118514 9.61433e-05 1 -0.000387424 0.000118588 0.000387401 1 0.0175841 -0.0466448 -0.0813783
FixedParameters: 0 0 0

#Transform 20
Transform: AffineTransform_float_3_3
Parameters: 1 -0.000115121 -0.000122717 0.000115083 1 -0.000156228 0.000122753 0.0001562 1 -0.00344513 -0.0149584 0.0194958
FixedParameters: 0 0 0

#Transform 21
Transform: AffineTransform_float_3_3
Parameters: 1 0.000190685 -0.000169821 -0.000190839 1 -0.000452627 0.000169649 0.000452692 1 0.00486591 -0.00894101 -0.0252683
FixedParameters: 0 0 0

#Transform 22
Transform: AffineTransform_float_3_3
Parameters: 1 7.11786e-05 -0.000119453 -7.13058e-05 1 -0.000532331 0.000119377 0.000532348 1 0.010426 -0.044881 -0.0919577
FixedParameters: 0 0 0

#Transform 23
Transform: AffineTransform_float_3_3
Parameters: 1 5.7541e-06 2.64229e-05 -5.73275e-06 1 -0.000404314 -2.64276e-05 0.000404314 1 0.00646825 0.0305827 0.0732977
FixedParameters: 0 0 0

#Transform 24
Transform: AffineTransform_float_3_3
Parameters: 1 -8.13441e-05 0.000118532 8.05229e-05 0.999999 -0.000688912 -0.000119424 0.000688984 1 0.0109079 0.0522557 -0.110681
FixedParameters: 0 0 0

#Transform 25
Transform: AffineTransform_float_3_3
Parameters: 1 -0.000156183 0.000518531 0.000156729 1 -0.00060606 -0.000518317 0.000605226 0.999999 0.0136723 0.00849112 -0.00700454
FixedParameters: 0 0 0

#Transform 26
Transform: AffineTransform_float_3_3
Parameters: 1 8.59659e-05 0.000452168 -8.47173e-05 0.999999 -0.00143933 -0.000452251 0.00143925 0.999999 0.0136468 0.0377998 -0.00750432
FixedParameters: 0 0 0

#Transform 27
Transform: AffineTransform_float_3_3
Parameters: 1 -0.000232143 2.94377e-06 0.000232144 1 -0.000167432 -2.86605e-06 0.000167434 1 0.0290817 -0.139069 -0.375005
FixedParameters: 0 0 0

#Transform 28
Transform: AffineTransform_float_3_3
Parameters: 1 -0.000506604 -2.94895e-06 0.000507442 0.999997 0.00233422 2.07159e-06 -0.00233426 0.999997 -0.00445102 -0.111121 -0.331267
FixedParameters: 0 0 0

#Transform 29
Transform: AffineTransform_float_3_3
Parameters: 1 -0.00052494 0.000240853 0.000525369 1 0.00106268 -0.000241791 -0.0010625 1 -0.000762262 0.0355872 -0.198119
FixedParameters: 0 0 0

#Transform 30
Transform: AffineTransform_float_3_3
Parameters: 0.999999 -0.000500019 0.000728365 0.000500018 0.999999 0.000682538 -0.000728867 -0.000681915 1 0.0178021 -0.0722635 -0.146617
FixedParameters: 0 0 0

#Transform 31
Transform: AffineTransform_float_3_3
Parameters: 0.999999 -0.000485468 0.000682867 0.000485752 1 0.000513858 -0.000682363 -0.000513248 0.999999 0.024123 -0.0729037 -0.212951
FixedParameters: 0 0 0

#Transform 32
Transform: AffineTransform_float_3_3
Parameters: 0.999999 -0.000684764 0.000600187 0.000683852 0.999999 0.000691261 -0.000601109 -0.000691435 0.999999 0.0105411 -0.0858051 -0.215983
FixedParameters: 0 0 0

#Transform 33
Transform: AffineTransform_float_3_3
Parameters: 0.999999 -0.000397386 0.000888786 0.000398345 1 -0.000581499 -0.000889122 0.000581158 1 -0.0150887 -0.000339817 -0.167388
FixedParameters: 0 0 0

#Transform 34
Transform: AffineTransform_float_3_3
Parameters: 0.999999 -0.000348242 0.000902867 0.000349234 0.999999 -0.0011763 -0.000901877 0.00117602 0.999999 -0.0126804 0.0104287 -0.195551
FixedParameters: 0 0 0

#Transform 35
Transform: AffineTransform_float_3_3
Parameters: 0.999999 -0.000473488 0.000657603 0.000475187 0.999999 -0.00138789 -0.000657086 0.00138749 0.999999 -0.00466051 -0.0142319 -0.208741
FixedParameters: 0 0 0

#Transform 36
Transform: AffineTransform_float_3_3
Parameters: 0.999999 -0.000426962 0.000831973 0.000427874 0.999999 -0.00122172 -0.000831745 0.0012215 0.999999 0.00438137 0.052062 -0.109466
FixedParameters: 0 0 0

#Transform 37
Transform: AffineTransform_float_3_3
Parameters: 0.999999 -0.000207808 0.000673018 0.000209204 0.999999 -0.00184765 -0.000672926 0.001848 0.999998 -0.00723764 0.000315918 -0.179513
FixedParameters: 0 0 0

#Transform 38
Transform: AffineTransform_float_3_3
Parameters: 0.999999 -0.000322504 0.000661291 0.000323388 0.999999 -0.00145376 -0.000661192 0.00145425 0.999999 -0.0100896 0.0218319 -0.124501
FixedParameters: 0 0 0

#Transform 39
Transform: AffineTransform_float_3_3
Parameters: 1 -0.000287887 0.000543208 0.000288813 0.999998 -0.00185764 -0.000542815 0.00185801 0.999998 -0.0116947 0.0384494 -0.0789844
FixedParameters: 0 0 0

#Transform 40
Transform: AffineTransform_float_3_3
Parameters: 0.999999 -0.000290462 0.000746117 0.000292123 0.999998 -0.00185239 -0.00074473 0.00185291 0.999998 0.00385023 -0.0263805 -0.174375
FixedParameters: 0 0 0

#Transform 41
Transform: AffineTransform_float_3_3
Parameters: 1 -0.000302024 0.000511396 0.000303701 0.999998 -0.00168206 -0.000511201 0.00168235 0.999998 -0.000872289 0.0173951 -0.0995284
FixedParameters: 0 0 0

#Transform 42
Transform: AffineTransform_float_3_3
Parameters: 1 -0.000268754 0.000448087 0.000270519 0.999998 -0.00207753 -0.000447628 0.00207776 0.999998 -0.0191314 0.046231 -0.110212
FixedParameters: 0 0 0

#Transform 43
Transform: AffineTransform_float_3_3
Parameters: 0.999999 -0.000246835 0.000637976 0.000248709 0.999997 -0.00236668 -0.000637319 0.00236706 0.999997 -0.00618862 -0.00343833 -0.177411
FixedParameters: 0 0 0

#Transform 44
Transform: AffineTransform_float_3_3
Parameters: 1 -0.000217851 0.00108087 0.000221696 0.999996 -0.00276895 -0.00108018 0.00276958 0.999995 -0.0194373 0.0681233 -0.0690314
FixedParameters: 0 0 0

#Transform 45
Transform: AffineTransform_float_3_3
Parameters: 1 -0.000201922 0.0011413 0.000205426 0.999996 -0.00296873 -0.00114046 0.00296843 0.999995 -0.0129434 0.0580562 -0.131082
FixedParameters: 0 0 0

#Transform 46
Transform: AffineTransform_float_3_3
Parameters: 1 -0.000361932 0.000941319 0.000365899 0.999993 -0.00388338 -0.00093938 0.00388428 0.999992 -0.00431931 0.0381227 -0.235217
FixedParameters: 0 0 0

#Transform 47
Transform: AffineTransform_float_3_3
Parameters: 0.999999 -0.000448337 0.0013408 0.000454442 0.99999 -0.0043091 -0.00133945 0.00430962 0.99999 -0.0224456 0.115988 -0.0562613
FixedParameters: 0 0 0

#Transform 48
Transform: AffineTransform_float_3_3
Parameters: 0.999999 -0.000392862 0.00142158 0.000399453 0.999989 -0.00462158 -0.00142031 0.00462213 0.999988 -0.0104647 0.0401288 -0.0810361
FixedParameters: 0 0 0

#Transform 49
Transform: AffineTransform_float_3_3
Parameters: 1 -0.000415115 0.00110461 0.000420514 0.999985 -0.00547103 -0.00110181 0.00547239 0.999984 -0.00147824 0.0949306 -0.152169
FixedParameters: 0 0 0

#Transform 50
Transform: AffineTransform_float_3_3
Parameters: 1 -0.000316828 0.00108675 0.000322623 0.999989 -0.00475607 -0.00108495 0.00475706 0.999988 0.00575111 0.101129 -0.0346148
FixedParameters: 0 0 0

#Transform 51
Transform: AffineTransform_float_3_3
Parameters: 0.999999 -0.00047962 0.00108344 0.00048423 0.999989 -0.00469293 -0.0010813 0.00469331 0.999988 0.00617007 0.0761267 -0.143328
FixedParameters: 0 0 0

#Transform 52
Transform: AffineTransform_float_3_3
Parameters: 1 -0.000431534 0.00109925 0.000437407 0.999986 -0.00527383 -0.00109657 0.00527413 0.999985 0.02222 0.0136958 -0.204259
FixedParameters: 0 0 0

#Transform 53
Transform: AffineTransform_float_3_3
Parameters: 0.999999 -0.000403626 0.00116056 0.000409849 0.999984 -0.00561516 -0.00115857 0.00561552 0.999983 0.00652547 0.0815513 -0.0627295
FixedParameters: 0 0 0

#Transform 54
Transform: AffineTransform_float_3_3
Parameters: 0.999999 -0.000525229 0.00111503 0.000532452 0.999983 -0.0058993 -0.00111102 0.00589982 0.999982 0.0217072 0.0890478 -0.244156
FixedParameters: 0 0 0

#Transform 55
Transform: AffineTransform_float_3_3
Parameters: 0.999998 -0.000401635 0.00152402 0.000411659 0.999978 -0.00660686 -0.00152112 0.00660774 0.999977 0.00729841 0.0956176 -0.0584343
FixedParameters: 0 0 0

#Transform 56
Transform: AffineTransform_float_3_3
Parameters: 0.999999 -0.000359481 0.00140561 0.000367846 0.999981 -0.00616503 -0.00140308 0.00616562 0.99998 0.0181012 0.097383 -0.00659507
FixedParameters: 0 0 0

#Transform 57
Transform: AffineTransform_float_3_3
Parameters: 0.999998 -0.000244069 0.00158849 0.000255636 0.999971 -0.00756202 -0.00158706 0.00756261 0.999971 0.0116978 0.0652187 -0.235378
FixedParameters: 0 0 0

#Transform 58
Transform: AffineTransform_float_3_3
Parameters: 0.999999 -0.000267288 0.00133941 0.000276385 0.999974 -0.00726846 -0.00133728 0.00726887 0.999973 0.0116128 0.104557 -0.0713738
FixedParameters: 0 0 0

#Transform 59
Transform: AffineTransform_float_3_3
Parameters: 0.999998 -0.000225202 0.00155246 0.000236816 0.99997 -0.00778629 -0.00155106 0.00778683 0.999968 -0.0032513 0.142804 -0.170268
FixedParameters: 0 0 0

#Transform 60
Transform: AffineTransform_float_3_3
Parameters: 0.999999 -0.000355944 0.00128183 0.000364886 0.999971 -0.00757425 -0.00127886 0.00757484 0.99997 0.000715082 0.125984 -0.0950578
FixedParameters: 0 0 0

#Transform 61
Transform: AffineTransform_float_3_3
Parameters: 0.999998 -0.000392951 0.00159207 0.000403516 0.999974 -0.00720948 -0.00158915 0.00720954 0.999973 -0.000854848 0.176098 -0.0300926
FixedParameters: 0 0 0

#Transform 62
Transform: AffineTransform_float_3_3
Parameters: 0.999999 -0.000616295 0.00154902 0.000629265 0.999968 -0.00794537 -0.00154424 0.00794597 0.999967 0.013101 0.0753695 -0.216346
FixedParameters: 0 0 0

#Transform 63
Transform: AffineTransform_float_3_3
Parameters: 0.999998 -0.000543922 0.00191195 0.000558664 0.999971 -0.0076546 -0.00190785 0.00765561 0.999969 0.00705629 0.170849 -0.0201581
FixedParameters: 0 0 0

#Transform 64
Transform: AffineTransform_float_3_3
Parameters: 0.999999 -0.00050518 0.00167628 0.000518228 0.999968 -0.00796101 -0.00167213 0.00796156 0.999967 0.00993505 0.128609 -0.164669
FixedParameters: 0 0 0

#Transform 65
Transform: AffineTransform_float_3_3
Parameters: 0.999999 -0.000260899 0.00117816 0.000270487 0.999966 -0.0082058 -0.00117546 0.00820603 0.999966 0.0086181 0.142288 -0.153716
FixedParameters: 0 0 0

#Transform 66
Transform: AffineTransform_float_3_3
Parameters: 0.999999 -0.000590175 0.00115718 0.000599045 0.999972 -0.00750126 -0.00115187 0.00750213 0.999971 0.000139462 0.0783525 -0.0660229
FixedParameters: 0 0 0

#Transform 67
Transform: AffineTransform_float_3_3
Parameters: 0.999998 -0.000249853 0.00157016 0.0002631 0.999966 -0.00831077 -0.00156841 0.0083104 0.999964 0.00988185 0.0462778 -0.270244
FixedParameters: 0 0 0

#Transform 68
Transform: AffineTransform_float_3_3
Parameters: 0.999999 -0.000677165 0.00117721 0.000686768 0.999966 -0.00826853 -0.00117151 0.00826866 0.999965 0.000889972 0.112288 -0.167328
FixedParameters: 0 0 0

#Transform 69
Transform: AffineTransform_float_3_3
Parameters: 0.999999 -0.000692706 0.00159172 0.000705792 0.999967 -0.00810185 -0.00158536 0.00810283 0.999965 0.00103675 0.151715 -0.102192
FixedParameters: 0 0 0

#Transform 70
Transform: AffineTransform_float_3_3
Parameters: 0.999999 -0.000633301 0.00119172 0.000643267 0.999961 -0.00879655 -0.0011853 0.00879766 0.999961 0.012213 0.0851193 -0.263526
FixedParameters: 0 0 0

#Transform 71
Transform: AffineTransform_float_3_3
Parameters: 0.999997 -0.000648816 0.00198489 0.000666211 0.999962 -0.00864565 -0.00197955 0.00864728 0.999961 0.00142213 0.120293 -0.115477
FixedParameters: 0 0 0

#Transform 72
Transform: AffineTransform_float_3_3
Parameters: 0.999998 -0.000676059 0.0017605 0.00069053 0.999965 -0.00830965 -0.00175481 0.00831096 0.999964 -0.00239173 0.056211 -0.20597
FixedParameters: 0 0 0

#Transform 73
Transform: AffineTransform_float_3_3
Parameters: 0.999999 -0.000630566 0.00140886 0.000643417 0.999961 -0.00883962 -0.00140355 0.00884009 0.99996 0.00041893 0.0761571 -0.21758
FixedParameters: 0 0 0

#Transform 74
Transform: AffineTransform_float_3_3
Parameters: 0.999998 -0.000687042 0.00218062 0.000705054 0.999966 -0.00819967 -0.00217506 0.00820081 0.999964 -0.00579457 0.164666 -0.0249467
FixedParameters: 0 0 0

#Transform 75
Transform: AffineTransform_float_3_3
Parameters: 0.999998 -0.000679508 0.00164522 0.000692904 0.999966 -0.00826291 -0.00163952 0.00826399 0.999965 0.018382 0.0506065 -0.257135
FixedParameters: 0 0 0

#Transform 76
Transform: AffineTransform_float_3_3
Parameters: 0.999998 -0.000664631 0.00186501 0.000682174 0.999956 -0.00932668 -0.00185866 0.00932824 0.999954 0.00503159 0.108984 -0.136305
FixedParameters: 0 0 0

#Transform 77
Transform: AffineTransform_float_3_3
Parameters: 0.999998 -0.000607955 0.00179998 0.000624576 0.999958 -0.00912722 -0.00179407 0.0091274 0.999957 -0.00152245 0.168332 -0.144898
FixedParameters: 0 0 0

#Transform 78
Transform: AffineTransform_float_3_3
Parameters: 0.999999 -0.000538069 0.00122306 0.00054984 0.99995 -0.00994529 -0.00121742 0.00994631 0.999949 0.00284157 0.0770045 -0.294146
FixedParameters: 0 0 0

#Transform 79
Transform: AffineTransform_float_3_3
Parameters: 0.999999 -0.000599651 0.00149319 0.000612973 0.999957 -0.00921418 -0.00148834 0.00921478 0.999957 -0.00334828 0.184238 -0.103442
FixedParameters: 0 0 0

#Transform 80
Transform: AffineTransform_float_3_3
Parameters: 0.999998 -0.00060617 0.00132986 0.00061831 0.999958 -0.00912887 -0.00132401 0.00913016 0.999958 0.000502563 0.117899 -0.240987
FixedParameters: 0 0 0

#Transform 81
Transform: AffineTransform_float_3_3
Parameters: 0.999999 -0.000606701 0.00141675 0.000619396 0.999958 -0.00912651 -0.00141104 0.00912699 0.999957 -0.0137993 0.0448598 -0.23943
FixedParameters: 0 0 0

#Transform 82
Transform: AffineTransform_float_3_3
Parameters: 0.999998 -0.000130123 0.00173133 0.000146045 0.999957 -0.0092704 -0.00172989 0.00927095 0.999955 -0.00276736 0.137642 -0.132865
FixedParameters: 0 0 0

#Transform 83
Transform: AffineTransform_float_3_3
Parameters: 0.999999 -0.000306949 0.00131046 0.000318886 0.999958 -0.00920363 -0.0013079 0.00920417 0.999957 0.00210872 0.0810202 -0.331591
FixedParameters: 0 0 0

#Transform 84
Transform: AffineTransform_float_3_3
Parameters: 0.999999 -0.000576553 0.00121042 0.000588194 0.999955 -0.00948106 -0.0012042 0.00948206 0.999954 0.00376419 0.109929 -0.156929
FixedParameters: 0 0 0

#Transform 85
Transform: AffineTransform_float_3_3
Parameters: 0.999998 -3.39753e-06 0.00169203 1.9332e-05 0.999955 -0.00953731 -0.00169147 0.00953746 0.999953 -0.0237104 0.209082 -0.181306
FixedParameters: 0 0 0

#Transform 86
Transform: AffineTransform_float_3_3
Parameters: 0.999999 -0.000520452 0.00121234 0.000532229 0.999954 -0.00954073 -0.00120696 0.0095416 0.999954 -0.00372692 0.00867391 -0.501983
FixedParameters: 0 0 0

#Transform 87
Transform: AffineTransform_float_3_3
Parameters: 0.999999 -0.000282016 0.00140552 0.0002919 0.999977 -0.00678216 -0.00140293 0.00678255 0.999976 -0.0258082 -0.0026861 -0.412979
FixedParameters: 0 0 0

#Transform 88
Transform: AffineTransform_float_3_3
Parameters: 0.999999 -0.000800437 0.000802575 0.000806107 0.999977 -0.00675717 -0.00079707 0.00675763 0.999977 -0.0042877 0.0759714 -0.304126
FixedParameters: 0 0 0

#Transform 89
Transform: AffineTransform_float_3_3
Parameters: 0.999999 -0.000892289 0.0012889 0.000901078 0.999975 -0.0070131 -0.00128254 0.00701388 0.999975 0.0040904 0.0256912 -0.257476
FixedParameters: 0 0 0

#Transform 90
Transform: AffineTransform_float_3_3
Parameters: 0.999999 -0.00086243 0.000879067 0.000868036 0.999982 -0.0060133 -0.000873837 0.00601403 0.999982 0.0266725 -0.00429055 -0.360211
FixedParameters: 0 0 0

#Transform 91
Transform: AffineTransform_float_3_3
Parameters: 1 -0.000310048 0.000916914 0.000317069 0.999974 -0.00727036 -0.000914302 0.00727131 0.999973 0.00887712 -0.00144029 -0.379416
FixedParameters: 0 0 0

#Transform 92
Transform: AffineTransform_float_3_3
Parameters: 0.999998 -0.000528199 0.00146107 0.000539128 0.999973 -0.00728724 -0.00145709 0.00728842 0.999972 0.00487999 0.0991185 -0.272317
FixedParameters: 0 0 0

#Transform 93
Transform: AffineTransform_float_3_3
Parameters: 0.999998 -0.000509641 0.00146753 0.000520959 0.999969 -0.00782453 -0.0014636 0.00782474 0.999968 -0.00480066 0.112656 -0.191292
FixedParameters: 0 0 0

#Transform 94
Transform: AffineTransform_float_3_3
Parameters: 1 -0.0005166 0.000726653 0.000521999 0.999979 -0.00656862 -0.000722531 0.00656857 0.999978 0.0029546 -0.0302962 -0.438631
FixedParameters: 0 0 0

#Transform 95
Transform: AffineTransform_float_3_3
Parameters: 0.999999 -0.000827517 0.00106719 0.000835933 0.999972 -0.00741653 -0.00106156 0.00741763 0.999972 -0.0330581 -0.135749 -0.723128
FixedParameters: 0 0 0

#Transform 96
Transform: AffineTransform_float_3_3
Parameters: 0.999997 -0.00151068 0.00181429 0.00151892 0.999988 -0.00464514 -0.00180769 0.00464808 0.999988 -0.0211039 -0.0428959 -0.57925
FixedParameters: 0 0 0

#Transform 97
Transform: AffineTransform_float_3_3
Parameters: 0.999998 -0.0011783 0.00139997 0.00118362 0.999991 -0.00422456 -0.00139483 0.00422625 0.99999 -0.0171995 -0.205803 -0.385697
FixedParameters: 0 0 0

#Transform 98
Transform: AffineTransform_float_3_3
Parameters: 0.999998 -0.00134522 0.00141325 0.00135144 0.999991 -0.00414936 -0.00140786 0.00415145 0.99999 -0.00709883 -0.016457 -0.350415
FixedParameters: 0 0 0

#Transform 99
Transform: AffineTransform_float_3_3
Parameters: 0.999998 -0.00145047 0.00141354 0.00145752 0.999987 -0.00486142 -0.00140586 0.00486286 0.999987 0.01735 0.0279648 -0.336269
FixedParameters: 0 0 0

#Transform 100
Transform: AffineTransform_float_3_3
Parameters: 0.999998 -0.00132793 0.00170898 0.00133535 0.99999 -0.00438556 -0.00170394 0.0043875 0.999989 0.0177116 0.014656 -0.344718
FixedParameters: 0 0 0

#Transform 101
Transform: AffineTransform_float_3_3
Parameters: 0.999997 -0.00142634 0.00215429 0.00143832 0.999984 -0.00552416 -0.00214632 0.00552801 0.999983 0.00809024 0.0105106 -0.280457
FixedParameters: 0 0 0

#Transform 102
Transform: AffineTransform_float_3_3
Parameters: 0.999998 -0.00115527 0.0017669 0.00116695 0.999979 -0.00645489 -0.00175977 0.00645659 0.999978 -0.00857764 0.08454 -0.391753
FixedParameters: 0 0 0

#Transform 103
Transform: AffineTransform_float_3_3
Parameters: 0.999998 -0.00102191 0.00198812 0.00103595 0.999972 -0.00741462 -0.00198063 0.0074166 0.999971 -0.00583559 0.0133629 -0.286149
FixedParameters: 0 0 0

#Transform 104
Transform: AffineTransform_float_3_3
Parameters: 0.999997 -0.00105966 0.00197113 0.00107512 0.999971 -0.0076099 -0.00196346 0.00761193 0.999969 -0.0145583 0.161197 -0.186867
FixedParameters: 0 0 0

#Transform 105
Transform: AffineTransform_float_3_3
Parameters: 0.999999 -0.00106588 0.00124361 0.00107502 0.999971 -0.00749307 -0.00123527 0.00749419 0.999971 -0.0090717 0.038443 -0.201121
FixedParameters: 0 0 0

#Transform 106
Transform: AffineTransform_float_3_3
Parameters: 0.999999 -0.000953353 0.00125989 0.000963993 0.999967 -0.00809989 -0.00125125 0.00810079 0.999967 -0.016082 0.0959418 -0.255237
FixedParameters: 0 0 0

#Transform 107
Transform: AffineTransform_float_3_3
Parameters: 0.999998 -0.0010959 0.00166049 0.00110822 0.999974 -0.00715872 -0.00165275 0.00716 0.999973 -0.0193202 0.0618254 -0.145974
FixedParameters: 0 0 0

#Transform 108
Transform: AffineTransform_float_3_3
Parameters: 0.999998 -0.00104194 0.00158731 0.00105412 0.999969 -0.00779978 -0.00157921 0.00780176 0.999968 -0.0103484 0.0661332 -0.313715
FixedParameters: 0 0 0

#Transform 109
Transform: AffineTransform_float_3_3
Parameters: 0.999998 -0.00104231 0.00164128 0.00105531 0.999969 -0.00779834 -0.00163219 0.00780047 0.999968 -0.0244809 0.00913782 -0.103933
FixedParameters: 0 0 0

#Transform 110
Transform: AffineTransform_float_3_3
Parameters: 0.999998 -0.00120385 0.00182107 0.00121867 0.999966 -0.00812044 -0.0018113 0.00812262 0.999966 -0.0347136 0.121453 -0.104875
FixedParameters: 0 0 0

#Transform 111
Transform: AffineTransform_float_3_3
Parameters: 0.999998 -0.0013845 0.00161074 0.0013987 0.999957 -0.00913147 -0.00159788 0.00913368 0.999957 -0.0262284 0.0592733 -0.193123
FixedParameters: 0 0 0

#Transform 112
Transform: AffineTransform_float_3_3
Parameters: 0.999997 -0.00145755 0.00213296 0.00147493 0.999965 -0.00828248 -0.00212055 0.00828472 0.999963 -0.028253 0.125674 0.0226399
FixedParameters: 0 0 0

#Transform 113
Transform: AffineTransform_float_3_3
Parameters: 0.999999 -0.00121984 0.00143574 0.00123317 0.99996 -0.0088492 -0.00142506 0.00885025 0.99996 -0.0158792 0.0618135 -0.182058
FixedParameters: 0 0 0

#Transform 114
Transform: AffineTransform_float_3_3
Parameters: 0.999997 -0.000976007 0.00213983 0.00099556 0.999959 -0.0090459 -0.00213067 0.00904825 0.999957 -0.0116385 0.105803 -0.0712965
FixedParameters: 0 0 0

#Transform 115
Transform: AffineTransform_float_3_3
Parameters: 0.999997 -0.00136228 0.0017544 0.00137886 0.999954 -0.00940372 -0.00174084 0.00940534 0.999954 -0.0210813 0.138454 -0.0353349
FixedParameters: 0 0 0

#Transform 116
Transform: AffineTransform_float_3_3
Parameters: 0.999999 -0.000838012 0.00115254 0.00084967 0.999948 -0.0101261 -0.00114438 0.0101265 0.999948 -0.0195388 0.0693994 -0.167328
FixedParameters: 0 0 0

#Transform 117
Transform: AffineTransform_float_3_3
Parameters: 0.999998 -0.000823691 0.00161023 0.000839677 0.999948 -0.0101785 -0.00160212 0.0101791 0.999947 -0.0375084 0.166664 0.0363707
FixedParameters: 0 0 0

#Transform 118
Transform: AffineTransform_float_3_3
Parameters: 0.999998 -0.00074882 0.0015822 0.000763736 0.99995 -0.00994337 -0.00157533 0.00994467 0.99995 -0.0398152 0.0819238 -0.0955439
FixedParameters: 0 0 0

#Transform 119
Transform: AffineTransform_float_3_3
Parameters: 0.999999 -0.000733751 0.00181508 0.000753286 0.999944 -0.0105993 -0.00180752 0.0106001 0.999942 -0.0443269 0.0924679 -0.0576477
FixedParameters: 0 0 0

#Transform 120
Transform: AffineTransform_float_3_3
Parameters: 0.999999 -0.00080633 0.00114134 0.000817106 0.999953 -0.00970825 -0.00113418 0.00970961 0.999952 -0.0500018 0.137642 -0.0366307
FixedParameters: 0 0 0

#Transform 121
Transform: AffineTransform_float_3_3
Parameters: 1 -0.000646267 0.00117768 0.000659158 0.999939 -0.0110223 -0.00117063 0.0110234 0.999939 -0.0451212 0.0733551 -0.105614
FixedParameters: 0 0 0

#Transform 122
Transform: AffineTransform_float_3_3
Parameters: 0.999998 -0.000754025 0.0017594 0.000772607 0.999946 -0.0103556 -0.00175111 0.0103562 0.999945 -0.0397362 0.199001 0.0247667
FixedParameters: 0 0 0

#Transform 123
Transform: AffineTransform_float_3_3
Parameters: 0.999998 -0.000950504 0.00195366 0.000972567 0.999935 -0.0113807 -0.00194267 0.0113827 0.999933 -0.0404942 0.14357 -0.126157
FixedParameters: 0 0 0

#Transform 124
Transform: AffineTransform_float_3_3
Parameters: 0.999998 -0.000825102 0.00197246 0.00084532 0.999942 -0.0106976 -0.00196366 0.0106991 0.999941 -0.0448895 0.123223 0.0115819
FixedParameters: 0 0 0

#Transform 125
Transform: AffineTransform_float_3_3
Parameters: 0.999998 -0.000840726 0.00187322 0.000860215 0.999944 -0.0105089 -0.00186471 0.0105102 0.999943 -0.0340954 0.112694 -0.0221114
FixedParameters: 0 0 0

#Transform 126
Transform: AffineTransform_float_3_3
Parameters: 0.999999 -0.000711853 0.0012053 0.000726114 0.999927 -0.0120476 -0.00119648 0.012048 0.999927 -0.0193992 0.0953628 -0.0906338
FixedParameters: 0 0 0

#Transform 127
Transform: AffineTransform_float_3_3
Parameters: 0.999998 -0.000769965 0.00166544 0.000788439 0.999935 -0.0113521 -0.00165649 0.0113537 0.999934 -0.0455054 0.160502 0.0801855
FixedParameters: 0 0 0

#Transform 128
Transform: AffineTransform_float_3_3
Parameters: 0.999999 -0.00068279 0.00148107 0.0007005 0.999923 -0.012398 -0.00147267 0.012399 0.999922 -0.04006 0.0954246 -0.131189
FixedParameters: 0 0 0

#Transform 129
Transform: AffineTransform_float_3_3
Parameters: 0.999999 -0.000727557 0.00136161 0.0007447 0.999921 -0.0125344 -0.00135272 0.0125362 0.99992 -0.0493436 0.160979 0.0148883
FixedParameters: 0 0 0

#Transform 130
Transform: AffineTransform_float_3_3
Parameters: 0.999998 -0.000724296 0.00161845 0.000743114 0.999929 -0.0118997 -0.00160974 0.0119012 0.999928 -0.0487675 0.116642 0.0664337
FixedParameters: 0 0 0

#Transform 131
Transform: AffineTransform_float_3_3
Parameters: 0.999998 -0.000954567 0.00121777 0.000969973 0.999921 -0.0125206 -0.00120613 0.0125215 0.999921 -0.0236342 0.0955869 -0.161473
FixedParameters: 0 0 0

#Transform 132
Transform: AffineTransform_float_3_3
Parameters: 0.999998 -0.000608479 0.00165637 0.00063003 0.999916 -0.0129524 -0.00164896 0.0129536 0.999915 -0.0586097 0.141246 0.0776007
FixedParameters: 0 0 0

#Transform 133
Transform: AffineTransform_float_3_3
Parameters: 0.999999 -0.000619336 0.00154138 0.000638885 0.999916 -0.0129553 -0.00153271 0.0129564 0.999915 -0.0531144 0.117099 -0.0940338
FixedParameters: 0 0 0

#Transform 134
Transform: AffineTransform_float_3_3
Parameters: 0.999999 -0.000535853 0.00125777 0.000552991 0.999902 -0.0139631 -0.00125004 0.0139643 0.999902 -0.0535934 0.121357 -0.128447
FixedParameters: 0 0 0

#Transform 135
Transform: AffineTransform_float_3_3
Parameters: 0.999999 -0.000422735 0.00157411 0.000443217 0.99991 -0.0133762 -0.00156821 0.0133768 0.99991 -0.0692084 0.223743 -0.00842497
FixedParameters: 0 0 0

#Transform 136
Transform: AffineTransform_float_3_3
Parameters: 0.999999 -0.000552538 0.00145124 0.000571664 0.999905 -0.0137584 -0.00144378 0.0137601 0.999904 -0.044967 0.0996295 -0.221636
FixedParameters: 0 0 0

#Transform 137
Transform: AffineTransform_float_3_3
Parameters: 0.999999 -0.000575193 0.00186981 0.000599857 0.999909 -0.0134818 -0.00186167 0.0134825 0.999907 -0.0525531 0.0583338 -0.05603
FixedParameters: 0 0 0

#Transform 138
Transform: AffineTransform_float_3_3
Parameters: 0.999998 -0.000619855 0.00192622 0.000644363 0.999916 -0.0129468 -0.00191869 0.0129477 0.999914 -0.0596812 0.170604 0.0181577
FixedParameters: 0 0 0

#Transform 139
Transform: AffineTransform_float_3_3
Parameters: 0.999998 -0.000517825 0.00166971 0.000540968 0.999899 -0.0141722 -0.00166258 0.0141733 0.999899 -0.0388358 0.0806806 -0.166957
FixedParameters: 0 0 0

#Transform 140
Transform: AffineTransform_float_3_3
Parameters: 0.999999 -0.000731861 0.00169319 0.000755299 0.999907 -0.0136498 -0.0016832 0.0136515 0.999905 -0.0511638 0.121012 0.00538429
FixedParameters: 0 0 0

#Transform 141
Transform: AffineTransform_float_3_3
Parameters: 0.999997 -0.000572021 0.00218899 0.000601393 0.999908 -0.013516 -0.00218153 0.0135164 0.999907 -0.0591473 0.17395 0.0303544
FixedParameters: 0 0 0

#Transform 142
Transform: AffineTransform_float_3_3
Parameters: 0.999999 -0.000244348 0.00169112 0.000268828 0.999896 -0.0144438 -0.00168798 0.0144441 0.999895 -0.0520595 0.130528 -0.122574
FixedParameters: 0 0 0

#Transform 143
Transform: AffineTransform_float_3_3
Parameters: 0.999999 -0.000518953 0.00157729 0.000540415 0.9999 -0.0141607 -0.00156933 0.0141617 0.999898 -0.0596502 0.16273 0.0685815
FixedParameters: 0 0 0

#Transform 144
Transform: AffineTransform_float_3_3
Parameters: 0.999999 -0.000467185 0.00154928 0.000488629 0.999901 -0.014048 -0.00154304 0.0140486 0.9999 -0.0655381 0.167374 -0.00248445
FixedParameters: 0 0 0

#Transform 145
Transform: AffineTransform_float_3_3
Parameters: 0.999999 -0.000448859 0.00152123 0.000471691 0.999887 -0.0150048 -0.00151447 0.0150054 0.999886 -0.0482151 0.149672 -0.120029
FixedParameters: 0 0 0

#Transform 146
Transform: AffineTransform_float_3_3
Parameters: 0.999999 -0.000523015 0.00158501 0.000544591 0.9999 -0.0141117 -0.00157699 0.0141126 0.9999 -0.0680205 0.203743 0.011506
FixedParameters: 0 0 0

#Transform 147
Transform: AffineTransform_float_3_3
Parameters: 0.999999 -0.000518415 0.00126352 0.000536104 0.999899 -0.0141733 -0.00125654 0.0141745 0.999899 -0.0598796 0.122696 -0.13233
FixedParameters: 0 0 0

#Transform 148
Transform: AffineTransform_float_3_3
Parameters: 0.999999 -0.000533056 0.00125874 0.000550251 0.999902 -0.013997 -0.00125089 0.0139982 0.999902 -0.0558746 0.182005 -0.047946
FixedParameters: 0 0 0

#Transform 149
Transform: AffineTransform_float_3_3
Parameters: 0.999999 -0.000540335 0.0018332 0.00056537 0.999903 -0.0138986 -0.00182557 0.0139001 0.999902 -0.0711839 0.15912 0.0371768
FixedParameters: 0 0 0

#Transform 150
Transform: AffineTransform_float_3_3
Parameters: 0.999999 -0.00046491 0.00130006 0.000483744 0.99989 -0.0148184 -0.00129251 0.0148186 0.999889 -0.0612625 0.151934 -0.128375
FixedParameters: 0 0 0

#Transform 151
Transform: AffineTransform_float_3_3
Parameters: 0.999999 -0.00051137 0.00149275 0.000532756 0.999898 -0.0142528 -0.00148572 0.0142545 0.999897 -0.0630744 0.17695 -0.0136375
FixedParameters: 0 0 0

#Transform 152
Transform: AffineTransform_float_3_3
Parameters: 0.999999 -0.00051051 0.00115689 0.00052521 0.999923 -0.012382 -0.00115079 0.0123828 0.999922 -0.0464578 0.0892583 -0.0616868
FixedParameters: 0 0 0

#Transform 153
Transform: AffineTransform_float_3_3
Parameters: 0.999999 -0.000359843 0.00130557 0.000379124 0.999888 -0.0149844 -0.00129953 0.0149844 0.999887 -0.0533497 0.0736112 -0.199429
FixedParameters: 0 0 0

#Transform 154
Transform: AffineTransform_float_3_3
Parameters: 0.999999 -0.000382273 0.00116252 0.000399341 0.999896 -0.0143538 -0.00115662 0.0143545 0.999897 -0.0657966 0.181491 -0.0422227
FixedParameters: 0 0 0

#Transform 155
Transform: AffineTransform_float_3_3
Parameters: 0.999999 -0.000558334 0.00144186 0.000578019 0.999912 -0.0132302 -0.00143396 0.0132318 0.999911 -0.0672021 0.143916 -0.0126577
FixedParameters: 0 0 0

#Transform 156
Transform: AffineTransform_float_3_3
Parameters: 0.999999 -0.000468961 0.00122528 0.000486699 0.999898 -0.0143119 -0.00121822 0.0143119 0.999897 -0.0650796 0.16857 -0.0571593
FixedParameters: 0 0 0

#Transform 157
Transform: AffineTransform_float_3_3
Parameters: 0.999998 -0.000524324 0.00174908 0.000548193 0.999907 -0.0136356 -0.00174166 0.0136369 0.999905 -0.0711734 0.187616 0.120473
FixedParameters: 0 0 0

#Transform 158
Transform: AffineTransform_float_3_3
Parameters: 0.999998 -0.000434847 0.0017193 0.000460746 0.999892 -0.0147103 -0.00171285 0.0147102 0.99989 -0.0743879 0.136246 -0.101359
FixedParameters: 0 0 0

#Transform 159
Transform: AffineTransform_float_3_3
Parameters: 0.999998 -0.000431273 0.00163151 0.000455808 0.999891 -0.0147546 -0.00162498 0.0147553 0.99989 -0.0743568 0.174645 -0.0715368
FixedParameters: 0 0 0

#Transform 160
Transform: AffineTransform_float_3_3
Parameters: 0.999998 1.61065e-05 0.00196759 1.12037e-05 0.999901 -0.0140842 -0.00196689 0.0140841 0.999898 -0.0874694 0.241673 0.0960608
FixedParameters: 0 0 0

#Transform 161
Transform: AffineTransform_float_3_3
Parameters: 0.999999 -0.000230445 0.00150007 0.000252306 0.999897 -0.0143736 -0.00149672 0.0143745 0.999895 -0.0653044 0.172165 -0.0822702
FixedParameters: 0 0 0

#Transform 162
Transform: AffineTransform_float_3_3
Parameters: 0.999999 -0.000272163 0.00163485 0.000295162 0.999895 -0.0145087 -0.00163073 0.0145091 0.999894 -0.0727985 0.17567 -0.0448056
FixedParameters: 0 0 0

#Transform 163
Transform: AffineTransform_float_3_3
Parameters: 0.999998 -0.000478314 0.00173813 0.00050344 0.999899 -0.0141873 -0.0017311 0.0141884 0.999898 -0.0763071 0.232698 0.0602229
FixedParameters: 0 0 0

#Transform 164
Transform: AffineTransform_float_3_3
Parameters: 0.999999 -0.000443993 0.00135038 0.000464014 0.999893 -0.0146086 -0.00134412 0.0146098 0.999892 -0.0715808 0.204935 -0.139122
FixedParameters: 0 0 0

#Transform 165
Transform: AffineTransform_float_3_3
Parameters: 0.999999 -0.000131399 0.00166639 0.000154875 0.999898 -0.0143059 -0.00166396 0.0143068 0.999896 -0.071681 0.173075 -0.0630696
FixedParameters: 0 0 0

#Transform 166
Transform: AffineTransform_float_3_3
Parameters: 0.999998 -0.000397188 0.00211144 0.0004257 0.999908 -0.0135674 -0.00210573 0.0135679 0.999905 -0.0780441 0.146155 0.034916
FixedParameters: 0 0 0

#Transform 167
Transform: AffineTransform_float_3_3
Parameters: 0.999999 -0.000289027 0.00159278 0.000312351 0.999891 -0.0147291 -0.00158852 0.0147293 0.999891 -0.0656068 0.181092 -0.133679
FixedParameters: 0 0 0

#Transform 168
Transform: AffineTransform_float_3_3
Parameters: 0.999998 -0.000475567 0.00199592 0.000504137 0.999899 -0.0142142 -0.00198895 0.0142158 0.999897 -0.0788766 0.143797 0.0393543
FixedParameters: 0 0 0

#Transform 169
Transform: AffineTransform_float_3_3
Parameters: 0.999998 -0.000287847 0.0019289 0.000314976 0.999902 -0.0140615 -0.00192457 0.0140623 0.9999 -0.0750797 0.201791 0.0231507
FixedParameters: 0 0 0

#Transform 170
Transform: AffineTransform_float_3_3
Parameters: 0.999999 -0.000303384 0.00165457 0.000327898 0.999889 -0.0148681 -0.00165046 0.0148685 0.999888 -0.0730399 0.210559 -0.104991
FixedParameters: 0 0 0

#Transform 171
Transform: AffineTransform_float_3_3
Parameters: 0.999999 -0.000346442 0.00154939 0.000367875 0.999902 -0.0140152 -0.00154478 0.0140165 0.9999 -0.0764272 0.162659 0.131172
FixedParameters: 0 0 0

#Transform 172
Transform: AffineTransform_float_3_3
Parameters: 0.999998 -0.000433107 0.00163294 0.000457613 0.999891 -0.0147326 -0.00162638 0.0147333 0.999891 -0.0620301 0.177154 -0.0611138
FixedParameters: 0 0 0

#Transform 173
Transform: AffineTransform_float_3_3
Parameters: 0.999999 -0.000439837 0.00161367 0.00046355 0.999893 -0.0146523 -0.00160634 0.0146531 0.999891 -0.0746737 0.178781 0.0194833
FixedParameters: 0 0 0

#Transform 174
Transform: AffineTransform_float_3_3
Parameters: 0.999998 -0.000507543 0.00191457 0.0005345 0.999904 -0.0138346 -0.00190689 0.0138351 0.999902 -0.0735696 0.22162 0.115135
FixedParameters: 0 0 0

#Transform 175
Transform: AffineTransform_float_3_3
Parameters: 0.999999 -0.000320098 0.00149279 0.000344457 0.99987 -0.0160964 -0.00148737 0.0160966 0.999869 -0.0754864 0.132349 -0.172803
FixedParameters: 0 0 0

#Transform 176
Transform: AffineTransform_float_3_3
Parameters: 0.999998 -0.000391122 0.0016166 0.000416373 0.999884 -0.0152375 -0.00161071 0.0152382 0.999882 -0.0763366 0.150918 -0.0453332
FixedParameters: 0 0 0

#Transform 177
Transform: AffineTransform_float_3_3
Parameters: 0.999999 -0.000333282 0.00166912 0.000358806 0.999886 -0.015111 -0.00166345 0.0151116 0.999884 -0.0944951 0.220484 0.0429666
FixedParameters: 0 0 0

#Transform 178
Transform: AffineTransform_float_3_3
Parameters: 0.999999 -0.000252974 0.00139772 0.000275285 0.99987 -0.0160995 -0.0013935 0.0160994 0.999869 -0.0831808 0.120495 -0.109891
FixedParameters: 0 0 0

#Transform 179
Transform: AffineTransform_float_3_3
Parameters: 0.999998 -0.000415338 0.00185061 0.000442879 0.999888 -0.014939 -0.00184393 0.0149402 0.999887 -0.0853984 0.137371 0.0467017
FixedParameters: 0 0 0

#Transform 180
Transform: AffineTransform_float_3_3
Parameters: 0.999998 -0.000417697 0.00180093 0.000444571 0.999889 -0.0149135 -0.00179418 0.0149135 0.999888 -0.0738945 0.171407 0.0455272
FixedParameters: 0 0 0

#Transform 181
Transform: AffineTransform_float_3_3
Parameters: 0.999998 -0.000345355 0.00184537 0.000375181 0.999875 -0.0157777 -0.00184001 0.0157787 0.999874 -0.0508073 0.239488 -0.0690406
FixedParameters: 0 0 0

#Transform 182
Transform: AffineTransform_float_3_3
Parameters: 0.999997 -0.000400507 0.00232523 0.000435825 0.999886 -0.0151016 -0.00231835 0.0151027 0.999884 -0.0559196 0.207373 0.110941
FixedParameters: 0 0 0

#Transform 183
Transform: AffineTransform_float_3_3
Parameters: 0.999998 -0.000357601 0.00191836 0.000388243 0.999878 -0.0156282 -0.00191207 0.0156293 0.999876 -0.0537919 0.20263 -0.0429309
FixedParameters: 0 0 0

#Transform 184
Transform: AffineTransform_float_3_3
Parameters: 0.999999 -0.000430098 0.00190284 0.000459064 0.999884 -0.0152419 -0.00189576 0.0152423 0.999882 -0.0440871 0.252793 0.0292547
FixedParameters: 0 0 0

#Transform 185
Transform: AffineTransform_float_3_3
Parameters: 0.999998 -0.000307544 0.00187039 0.000335752 0.999888 -0.014968 -0.00186576 0.0149688 0.999887 -0.0320327 0.219783 0.166804
FixedParameters: 0 0 0

#Transform 186
Transform: AffineTransform_float_3_3
Parameters: 0.999999 -0.000583307 0.00162464 0.000609696 0.999872 -0.0160016 -0.00161513 0.0160028 0.999871 -0.0390785 0.217583 -0.0367835
FixedParameters: 0 0 0

#Transform 187
Transform: AffineTransform_float_3_3
Parameters: 0.999999 -0.000285621 0.00159887 0.000311183 0.999872 -0.0159873 -0.0015948 0.0159876 0.999871 -0.0216697 0.272941 0.221313
FixedParameters: 0 0 0

#Transform 188
Transform: AffineTransform_float_3_3
