# transform file /out/sourcedata/freesurfer/sub-v1s5x0050724_ses-1/mri/transforms/cc_up.lta
# created by oesteban on Tue Mar 10 05:01:47 2026

type      = 0 # LINEAR_VOX_TO_VOX
nxforms   = 1
mean      = 132.0000 110.0000 112.0000
sigma     = 10000.0000
1 4 4
9.831445813179016e-01 1.828074306249619e-01 -2.862268825992942e-03 -1.902883529663086e+01 
-1.828066557645798e-01 9.831487536430359e-01 5.322124343365431e-04 6.379603958129883e+01 
2.911328570917249e-03 5.820766091346741e-11 9.999957680702209e-01 2.561290168762207e+01 
0.000000000000000e+00 0.000000000000000e+00 0.000000000000000e+00 1.000000000000000e+00 
src volume info
valid = 1  # volume info valid
filename = /out/sourcedata/freesurfer/sub-v1s5x0050724_ses-1/mri/norm.mgz
volume = 256 256 256
voxelsize = 1.000000000000000e+00 1.000000000000000e+00 1.000000000000000e+00
xras   = -9.999999403953552e-01 2.270098775625229e-09 0.000000000000000e+00
yras   = 0.000000000000000e+00 4.656612873077393e-10 -1.000000000000000e+00
zras   = 5.180481821298599e-09 1.000000000000000e+00 1.396983861923218e-09
cras   = -9.773483276367188e+00 1.157418823242188e+01 -1.767059326171875e+01
dst volume info
valid = 1  # volume info valid
filename = /out/sourcedata/freesurfer/sub-v1s5x0050724_ses-1/mri/norm.mgz
volume = 256 256 256
voxelsize = 1.000000000000000e+00 1.000000000000000e+00 1.000000000000000e+00
xras   = -9.999999403953552e-01 2.270098775625229e-09 0.000000000000000e+00
yras   = 0.000000000000000e+00 4.656612873077393e-10 -1.000000000000000e+00
zras   = 5.180481821298599e-09 1.000000000000000e+00 1.396983861923218e-09
cras   = -9.773483276367188e+00 1.157418823242188e+01 -1.767059326171875e+01
