# transform file transforms/talairach.lta
# created by oesteban on Tue Mar 10 03:48:31 2026

type      = 0 # LINEAR_VOX_TO_VOX
nxforms   = 1
mean      = 132.0000 110.0000 112.0000
sigma     = 10000.0000
1 4 4
9.979459047317505e-01 1.723932623863220e-01 3.586536645889282e-02 -2.768761444091797e+01 
-1.933362334966660e-01 1.052138924598694e+00 2.375323027372360e-01 1.196332836151123e+01 
-4.525646101683378e-03 -2.391548752784729e-01 9.924762845039368e-01 2.752244567871094e+01 
0.000000000000000e+00 0.000000000000000e+00 0.000000000000000e+00 1.000000000000000e+00 
src volume info
valid = 1  # volume info valid
filename = nu.mgz
volume = 256 256 256
voxelsize = 1.000000000000000e+00 1.000000000000000e+00 1.000000000000000e+00
xras   = -9.999999403953552e-01 2.270098775625229e-09 0.000000000000000e+00
yras   = 0.000000000000000e+00 4.656612873077393e-10 -1.000000000000000e+00
zras   = 5.180481821298599e-09 1.000000000000000e+00 1.396983861923218e-09
cras   = -9.773483276367188e+00 1.157418823242188e+01 -1.767059326171875e+01
dst volume info
valid = 1  # volume info valid
filename = /opt/freesurfer/average/RB_all_2020-01-02.gca
volume = 256 256 256
voxelsize = 1.000000000000000e+00 1.000000000000000e+00 1.000000000000000e+00
xras   = -1.000000000000000e+00 0.000000000000000e+00 0.000000000000000e+00
yras   = 0.000000000000000e+00 0.000000000000000e+00 -1.000000000000000e+00
zras   = 0.000000000000000e+00 1.000000000000000e+00 0.000000000000000e+00
cras   = 0.000000000000000e+00 0.000000000000000e+00 0.000000000000000e+00
