#Insight Transform File V1.0
#Transform 0
Transform: AffineTransform_float_3_3
Parameters: 0.999999 0.000680133 -0.000313646 -0.000680081 1 8.17826e-05 0.000313757 -8.1356e-05 1 -0.0254115 0.0151786 0.0177655
FixedParameters: 0 0 0

#Transform 1
Transform: AffineTransform_float_3_3
Parameters: 1 -6.1691e-05 3.49999e-05 6.16436e-05 0.999999 0.0017926 -3.50835e-05 -0.0017926 0.999999 -0.00824709 -0.0431122 0.208018
FixedParameters: 0 0 0

#Transform 2
Transform: AffineTransform_float_3_3
Parameters: 1 -0.000301384 -2.01073e-05 0.000301488 0.999998 0.0016503 1.91812e-05 -0.00165032 0.999998 0.00240321 -0.0192052 0.0620223
FixedParameters: 0 0 0

#Transform 3
Transform: AffineTransform_float_3_3
Parameters: 1 1.28188e-05 -7.29048e-06 -1.28243e-05 1 -0.000372708 7.28091e-06 0.000372708 1 -0.00124056 -0.00291712 -0.0341423
FixedParameters: 0 0 0

#Transform 4
Transform: AffineTransform_float_3_3
Parameters: 1 0.000324589 6.98885e-05 -0.000324594 1 3.77996e-05 -6.98641e-05 -3.7845e-05 1 -0.0085838 -0.0178872 0.033528
FixedParameters: 0 0 0

#Transform 5
Transform: AffineTransform_float_3_3
Parameters: 1 0.000575977 -0.000382477 -0.000575963 1 1.85041e-05 0.000382498 -1.80635e-05 1 0.0103565 -0.010162 -0.0300524
FixedParameters: 0 0 0

#Transform 6
Transform: AffineTransform_float_3_3
Parameters: 1 0.000613554 -0.000147583 -0.000613494 1 0.000201222 0.000147829 -0.000201041 1 -0.00577541 0.0307882 0.0333234
FixedParameters: 0 0 0

#Transform 7
Transform: AffineTransform_float_3_3
Parameters: 1 -0.000199604 -0.00042203 0.000200176 0.999998 0.00198886 0.000422142 -0.001989 0.999998 0.00444742 -0.0321874 0.0839247
FixedParameters: 0 0 0

#Transform 8
Transform: AffineTransform_float_3_3
Parameters: 0.999999 0.00013445 -0.000755274 -0.000134085 0.999999 0.000895986 0.000755366 -0.000896153 1 0.00109295 -0.0211422 0.0324271
FixedParameters: 0 0 0

#Transform 9
Transform: AffineTransform_float_3_3
Parameters: 1 3.5803e-05 -0.000370825 -3.56675e-05 0.999999 0.00144663 0.00037079 -0.00144657 0.999999 -0.0152528 -0.0150199 0.059179
FixedParameters: 0 0 0

#Transform 10
Transform: AffineTransform_float_3_3
Parameters: 0.999999 0.000193458 -0.00105419 -0.000192147 1 0.00106628 0.00105446 -0.00106583 0.999999 -0.00320807 -0.00581907 -0.0296252
FixedParameters: 0 0 0

#Transform 11
Transform: AffineTransform_float_3_3
Parameters: 1 4.73371e-05 -0.000377447 -4.64613e-05 1 0.00110787 0.000377619 -0.00110784 1 0.000724187 -0.00546964 0.0424401
FixedParameters: 0 0 0

#Transform 12
Transform: AffineTransform_float_3_3
Parameters: 1 0.000200895 -0.00103215 -0.000200585 1 0.000647591 0.0010322 -0.000647545 0.999999 0.0258728 -0.00682583 -0.0523079
FixedParameters: 0 0 0

#Transform 13
Transform: AffineTransform_float_3_3
Parameters: 1 5.52768e-05 -0.000382055 -5.46086e-05 0.999999 0.000874056 0.000382151 -0.000874014 0.999999 0.00551895 0.026831 0.0553144
FixedParameters: 0 0 0

#Transform 14
Transform: AffineTransform_float_3_3
Parameters: 1 6.3574e-05 -0.00038683 -6.30861e-05 1 0.00063025 0.000386909 -0.000630202 0.999999 0.0200619 -0.0129987 0.0183797
FixedParameters: 0 0 0

#Transform 15
Transform: AffineTransform_float_3_3
Parameters: 1 -7.10206e-05 -0.000408906 7.17373e-05 0.999999 0.000876187 0.000408781 -0.000876246 0.999999 0.0120152 0.0351772 0.0130225
FixedParameters: 0 0 0

#Transform 16
Transform: AffineTransform_float_3_3
Parameters: 1 2.36606e-05 -0.000179366 -2.3487e-05 1 0.000483696 0.000179388 -0.000483688 1 0.0144199 0.00391409 -0.0290466
FixedParameters: 0 0 0

#Transform 17
Transform: AffineTransform_float_3_3
Parameters: 1 -2.59013e-05 0.000130826 2.59181e-05 1 -6.4493e-05 -0.000130822 6.44998e-05 1 0.017796 -0.00455526 -0.0547582
FixedParameters: 0 0 0

#Transform 18
Transform: AffineTransform_float_3_3
Parameters: 1 -3.68755e-05 0.000137026 3.6806e-05 1 0.00025326 -0.000137045 -0.00025325 1 0.0132602 -0.00920301 -0.0235067
FixedParameters: 0 0 0

#Transform 19
Transform: AffineTransform_float_3_3
Parameters: 1 -5.44756e-06 0.000119245 5.60414e-06 1 -0.000657032 -0.000119237 0.000657033 1 0.0122283 0.00313929 -0.0603639
FixedParameters: 0 0 0

#Transform 20
Transform: AffineTransform_float_3_3
Parameters: 1 -2.44522e-05 0.000130006 2.44798e-05 1 -0.00010646 -0.000130001 0.000106467 1 0.00740422 -0.00614893 0.00953353
FixedParameters: 0 0 0

#Transform 21
Transform: AffineTransform_float_3_3
Parameters: 1 8.92758e-05 -0.00041195 -8.93184e-05 1 -5.18879e-05 0.000411941 5.19615e-05 1 0.0265198 -0.0142711 -0.0542086
FixedParameters: 0 0 0

#Transform 22
Transform: AffineTransform_float_3_3
Parameters: 1 0.000123157 -0.000559387 -0.000123309 1 -0.000135875 0.000559353 0.000136013 1 -0.0106006 -0.00425968 0.0392239
FixedParameters: 0 0 0

#Transform 23
Transform: AffineTransform_float_3_3
Parameters: 1 0.00019061 -0.000515805 -0.000190999 1 -0.000377564 0.000515661 0.000377761 1 0.00269161 -0.00592476 -0.0206051
FixedParameters: 0 0 0

#Transform 24
Transform: AffineTransform_float_3_3
Parameters: 1 0.000495421 -0.000126169 -0.000495413 1 3.15814e-05 0.000126201 -3.14564e-05 1 -0.0308847 0.050471 0.0937952
FixedParameters: 0 0 0

#Transform 25
Transform: AffineTransform_float_3_3
Parameters: 0.999999 0.00030784 -0.000799099 -0.000308039 1 -0.000124659 0.000799022 0.000125151 0.999999 -0.0138797 -0.0179496 0.00302591
FixedParameters: 0 0 0

#Transform 26
Transform: AffineTransform_float_3_3
Parameters: 1 0.000335391 -0.000228702 -0.000335776 1 -0.000385221 0.000229419 0.000385363 1 -0.0387609 0.0631646 0.0436603
FixedParameters: 0 0 0

#Transform 27
Transform: AffineTransform_float_3_3
Parameters: 1 0.00042294 -0.000215973 -0.000422431 0.999999 -0.000598647 0.000216649 0.00059878 1 -0.0353502 -0.0159766 0.0221857
FixedParameters: 0 0 0

#Transform 28
Transform: AffineTransform_float_3_3
Parameters: 1 0.000248432 -0.000323608 -0.00024902 0.999999 -0.000907762 0.000323157 0.000907923 0.999999 -0.0223208 0.0671284 0.00497578
FixedParameters: 0 0 0

#Transform 29
Transform: AffineTransform_float_3_3
Parameters: 1 0.00036245 -0.000224254 -0.000362853 1 -0.00043241 0.000224916 0.000432561 1 -0.0233311 0.0219953 0.0314548
FixedParameters: 0 0 0

#Transform 30
Transform: AffineTransform_float_3_3
Parameters: 1 0.000208985 -0.000324067 -0.00020958 0.999999 -0.00091913 0.000323682 0.000919266 0.999999 -0.0233146 0.0190381 -0.0436536
FixedParameters: 0 0 0

#Transform 31
Transform: AffineTransform_float_3_3
Parameters: 1 0.000378798 -0.000231461 -0.000379389 0.999999 -0.000825007 0.000231811 0.000825171 0.999999 -0.0178457 -0.00163716 0.00782285
FixedParameters: 0 0 0

#Transform 32
Transform: AffineTransform_float_3_3
Parameters: 1 0.000117486 -0.000310576 -0.000118525 0.999998 -0.00171639 0.000310298 0.00171605 0.999999 -0.0226343 0.0403946 -0.0475993
FixedParameters: 0 0 0

#Transform 33
Transform: AffineTransform_float_3_3
Parameters: 1 0.000256893 -0.000264509 -0.000257643 1 -0.00109578 0.00026499 0.0010959 1 -0.0280672 0.0205457 0.00690315
FixedParameters: 0 0 0

#Transform 34
Transform: AffineTransform_float_3_3
Parameters: 1 0.000109051 -0.000305719 -0.00010991 0.999999 -0.00146838 0.000305466 0.00146845 0.999999 -0.00467285 0.0213579 -0.0649162
FixedParameters: 0 0 0

#Transform 35
Transform: AffineTransform_float_3_3
Parameters: 1 0.000423145 -0.000343248 -0.000422864 1 -0.00107047 0.000342618 0.00107072 1 -0.0144814 0.0357469 -0.0319373
FixedParameters: 0 0 0

#Transform 36
Transform: AffineTransform_float_3_3
Parameters: 0.999999 0.000580786 -0.000633684 -0.000581345 0.999999 -0.00124328 0.000632514 0.00124398 0.999999 -0.0120694 -0.0182635 -0.105833
FixedParameters: 0 0 0

#Transform 37
Transform: AffineTransform_float_3_3
Parameters: 1 0.000350525 -0.000435902 -0.000350496 1 -0.00113219 0.000435383 0.00113246 1 -0.0321095 0.0305814 -0.0222982
FixedParameters: 0 0 0

#Transform 38
Transform: AffineTransform_float_3_3
Parameters: 1 0.000124929 -0.00031487 -0.000125092 0.999998 -0.00193405 0.00031473 0.00193409 0.999998 -0.0120799 0.025052 -0.071623
FixedParameters: 0 0 0

#Transform 39
Transform: AffineTransform_float_3_3
Parameters: 1 0.000259673 -0.000270007 -0.000260556 0.999999 -0.00132075 0.000270364 0.00132088 0.999999 -0.00282106 0.0506061 -0.016493
FixedParameters: 0 0 0

#Transform 40
Transform: AffineTransform_float_3_3
Parameters: 0.999999 0.000530576 -0.000596343 -0.000531316 0.999999 -0.00147297 0.000595053 0.00147356 0.999998 0.0036119 0.0214142 -0.0790199
FixedParameters: 0 0 0

#Transform 41
Transform: AffineTransform_float_3_3
Parameters: 1 0.000517435 -0.00018228 -0.000517236 0.999998 -0.0016699 0.000181803 0.00167003 0.999998 -0.0191914 0.038017 -0.0281767
FixedParameters: 0 0 0

#Transform 42
Transform: AffineTransform_float_3_3
Parameters: 1 0.000139668 -0.000478028 -0.000139869 0.999999 -0.00127281 0.000477947 0.0012729 0.999999 -0.000150329 0.00400804 -0.0572557
FixedParameters: 0 0 0

#Transform 43
Transform: AffineTransform_float_3_3
Parameters: 1 0.000105994 -0.000235168 -0.000106792 0.999999 -0.00186319 0.000234908 0.00186323 0.999998 -0.0100521 0.038953 -0.0193503
FixedParameters: 0 0 0

#Transform 44
Transform: AffineTransform_float_3_3
Parameters: 1 0.000266302 -0.000549533 -0.000267504 0.999998 -0.00203352 0.000548759 0.00203286 0.999997 -0.00156248 0.0274531 -0.084324
FixedParameters: 0 0 0

#Transform 45
Transform: AffineTransform_float_3_3
Parameters: 1 0.000133661 -0.000370616 -0.000133965 0.999999 -0.00183257 0.000370469 0.00183263 0.999998 -0.00126156 0.0561332 -0.0289742
FixedParameters: 0 0 0

#Transform 46
Transform: AffineTransform_float_3_3
Parameters: 0.999999 0.000831643 -0.000512394 -0.00083278 0.999998 -0.00191546 0.000510493 0.00191534 0.999998 0.00267299 0.0158146 -0.0569677
FixedParameters: 0 0 0

#Transform 47
Transform: AffineTransform_float_3_3
Parameters: 1 0.000476709 0.000360297 -0.000476292 0.999997 -0.00211348 -0.000361405 0.00211316 0.999997 -0.0175301 0.0393414 0.0324704
FixedParameters: 0 0 0

#Transform 48
Transform: AffineTransform_float_3_3
Parameters: 1 0.000591866 -0.000373155 -0.000593327 0.999998 -0.00178453 0.000372153 0.00178496 0.999999 -0.00183712 0.018965 -0.0659743
FixedParameters: 0 0 0

#Transform 49
Transform: AffineTransform_float_3_3
Parameters: 1 0.000440154 -2.94251e-05 -0.000439413 0.999999 -0.00180474 2.91572e-05 0.00180471 0.999999 -0.0194282 0.0169807 0.028967
FixedParameters: 0 0 0

#Transform 50
Transform: AffineTransform_float_3_3
Parameters: 1 0.000206691 -0.000660421 -0.000208547 0.999998 -0.0022336 0.000659906 0.00223383 0.999998 -0.00610113 -0.0159772 -0.0750508
FixedParameters: 0 0 0

#Transform 51
Transform: AffineTransform_float_3_3
Parameters: 1 0.000632942 -4.99078e-05 -0.000633275 0.999997 -0.00205386 4.84201e-05 0.00205391 0.999998 -0.0271814 0.062118 -0.00547177
FixedParameters: 0 0 0

#Transform 52
Transform: AffineTransform_float_3_3
Parameters: 0.999999 0.000707198 -0.000487827 -0.000707616 0.999997 -0.0023407 0.000486109 0.0023413 0.999997 0.00175162 0.0335892 -0.0545978
FixedParameters: 0 0 0

#Transform 53
Transform: AffineTransform_float_3_3
Parameters: 1 0.000494611 -7.63951e-05 -0.000494064 0.999998 -0.00196004 7.57767e-05 0.00196007 0.999998 -0.00846037 0.0606644 -0.0456457
FixedParameters: 0 0 0

#Transform 54
Transform: AffineTransform_float_3_3
Parameters: 1 0.00056438 -6.11578e-05 -0.000564746 0.999998 -0.0019389 6.00815e-05 0.00193895 0.999998 -0.0211731 0.00744155 -0.0263406
FixedParameters: 0 0 0

#Transform 55
Transform: AffineTransform_float_3_3
Parameters: 1 0.00058325 -6.52087e-05 -0.000583617 0.999998 -0.0022312 6.37288e-05 0.00223166 0.999997 -0.0171705 0.0484739 -0.0516124
FixedParameters: 0 0 0

#Transform 56
Transform: AffineTransform_float_3_3
Parameters: 0.999999 0.000757467 -0.000340098 -0.00075785 0.999998 -0.00181151 0.000338672 0.00181198 0.999999 -0.0193 0.0216738 -0.0236849
FixedParameters: 0 0 0

#Transform 57
Transform: AffineTransform_float_3_3
Parameters: 0.999999 0.000657455 -0.000593127 -0.000658755 0.999998 -0.00180985 0.000592064 0.00181058 0.999998 -0.00657395 -0.00962827 -0.0782314
FixedParameters: 0 0 0

#Transform 58
Transform: AffineTransform_float_3_3
Parameters: 1 0.000699588 -3.59669e-05 -0.000699863 0.999997 -0.00205585 3.42027e-05 0.00205589 0.999998 -0.0243473 0.056062 -0.0821434
FixedParameters: 0 0 0

#Transform 59
Transform: AffineTransform_float_3_3
Parameters: 1 0.000405173 -0.000603476 -0.000407196 0.999996 -0.00257526 0.000601854 0.0025753 0.999997 -0.0193489 0.0429827 -0.11692
FixedParameters: 0 0 0

#Transform 60
Transform: AffineTransform_float_3_3
Parameters: 0.999999 0.000877368 7.22512e-05 -0.000877226 0.999998 -0.0018588 -7.43997e-05 0.00185866 0.999999 -0.047315 0.0615612 -0.0671853
FixedParameters: 0 0 0

#Transform 61
Transform: AffineTransform_float_3_3
Parameters: 1 0.000422589 -9.42017e-05 -0.00042213 0.999998 -0.00205824 9.37825e-05 0.00205827 0.999998 -0.0405505 0.0221434 -0.110093
FixedParameters: 0 0 0

#Transform 62
Transform: AffineTransform_float_3_3
Parameters: 1 0.00101549 -0.000558697 -0.00101594 0.999998 -0.00202802 0.000556013 0.00202855 0.999997 -0.0520017 0.042426 -0.080925
FixedParameters: 0 0 0

#Transform 63
Transform: AffineTransform_float_3_3
Parameters: 0.999999 0.000842528 -0.000556282 -0.000844218 0.999998 -0.00210833 0.000555058 0.00210829 0.999998 -0.0463832 0.0437457 -0.1003
FixedParameters: 0 0 0

#Transform 64
Transform: AffineTransform_float_3_3
Parameters: 0.999999 0.00127351 -0.000521407 -0.00127439 0.999996 -0.00237726 0.000517819 0.00237757 0.999997 -0.0517853 0.0911928 -0.0909578
FixedParameters: 0 0 0

#Transform 65
Transform: AffineTransform_float_3_3
Parameters: 0.999999 0.00075292 -0.000442027 -0.000754132 0.999998 -0.00213885 0.000441167 0.00213945 0.999998 -0.0556407 0.0387071 -0.0705618
FixedParameters: 0 0 0

#Transform 66
Transform: AffineTransform_float_3_3
Parameters: 0.999999 0.00134902 -0.000825077 -0.00135096 0.999997 -0.00214308 0.000821758 0.00214429 0.999997 -0.0588257 0.104785 -0.0584171
FixedParameters: 0 0 0

#Transform 67
Transform: AffineTransform_float_3_3
Parameters: 0.999999 0.00129823 -0.00098323 -0.00130079 0.999996 -0.00252088 0.000980397 0.00252237 0.999996 -0.0610818 0.0533322 -0.0367571
FixedParameters: 0 0 0

#Transform 68
Transform: AffineTransform_float_3_3
Parameters: 0.999999 0.001337 -0.000893802 -0.00133866 0.999997 -0.0023913 0.000890147 0.00239263 0.999997 -0.0421137 0.0784209 -0.0865666
FixedParameters: 0 0 0

#Transform 69
Transform: AffineTransform_float_3_3
Parameters: 0.999999 0.00117325 -0.000862412 -0.00117425 0.999997 -0.00208552 0.000860221 0.0020874 0.999998 -0.042668 0.0432582 -0.0482665
FixedParameters: 0 0 0

#Transform 70
Transform: AffineTransform_float_3_3
Parameters: 0.999998 0.00114814 -0.00119143 -0.00115013 0.999998 -0.00200147 0.00118853 0.00200317 0.999997 -0.0476645 0.054104 -0.10999
FixedParameters: 0 0 0

#Transform 71
Transform: AffineTransform_float_3_3
Parameters: 0.999998 0.00162238 -0.00104749 -0.00162396 0.999997 -0.00195059 0.00104373 0.00195202 0.999998 -0.0613298 0.0348692 -0.0242172
FixedParameters: 0 0 0

#Transform 72
Transform: AffineTransform_float_3_3
Parameters: 0.999998 0.00164597 -0.00113963 -0.00164844 0.999996 -0.0020949 0.00113628 0.00209668 0.999997 -0.0610794 0.055049 -0.0779596
FixedParameters: 0 0 0

#Transform 73
Transform: AffineTransform_float_3_3
Parameters: 0.999999 0.00131396 -0.000818028 -0.00131574 0.999998 -0.00155393 0.000815128 0.0015542 0.999998 -0.0724374 0.0346206 -0.054716
FixedParameters: 0 0 0

#Transform 74
Transform: AffineTransform_float_3_3
Parameters: 0.999998 0.00142111 -0.00129769 -0.00142397 0.999997 -0.0020758 0.00129444 0.00207803 0.999998 -0.0719054 0.104525 -0.0111664
FixedParameters: 0 0 0

#Transform 75
Transform: AffineTransform_float_3_3
Parameters: 0.999998 0.00138044 -0.0014401 -0.00138346 0.999998 -0.00192694 0.00143738 0.00192987 0.999997 -0.0551329 0.0374726 -0.0708041
FixedParameters: 0 0 0

#Transform 76
Transform: AffineTransform_float_3_3
Parameters: 0.999998 0.00142072 -0.00143423 -0.001424 0.999997 -0.0020209 0.00143114 0.00202351 0.999998 -0.0557415 0.0759368 -0.0766568
FixedParameters: 0 0 0

#Transform 77
Transform: AffineTransform_float_3_3
Parameters: 0.999997 0.00124184 -0.00180395 -0.00124588 0.999998 -0.00179758 0.0018021 0.00179929 0.999997 -0.0441175 0.0312945 -0.13808
FixedParameters: 0 0 0

#Transform 78
Transform: AffineTransform_float_3_3
Parameters: 0.999998 0.00141198 -0.00142788 -0.00141543 0.999997 -0.00172704 0.00142535 0.00172874 0.999997 -0.0496642 0.0932511 -0.0695526
FixedParameters: 0 0 0

#Transform 79
Transform: AffineTransform_float_3_3
Parameters: 0.999998 0.00105248 -0.00140707 -0.00105469 0.999998 -0.00167937 0.0014062 0.00168088 0.999998 -0.0543301 0.0209635 -0.113145
FixedParameters: 0 0 0

#Transform 80
Transform: AffineTransform_float_3_3
Parameters: 0.999998 0.00129083 -0.00146017 -0.00129408 0.999998 -0.00197171 0.00145765 0.00197352 0.999996 -0.0511689 0.0754651 -0.112078
FixedParameters: 0 0 0

#Transform 81
Transform: AffineTransform_float_3_3
Parameters: 0.999997 0.00139798 -0.0017092 -0.00140034 0.999998 -0.00140843 0.00170782 0.00141084 0.999998 -0.048147 0.0767528 -0.102156
FixedParameters: 0 0 0

#Transform 82
Transform: AffineTransform_float_3_3
Parameters: 0.999997 0.00168532 -0.00137137 -0.00168785 0.999997 -0.00176132 0.00136898 0.00176396 0.999997 -0.063689 0.0938374 -0.097885
FixedParameters: 0 0 0

#Transform 83
Transform: AffineTransform_float_3_3
Parameters: 0.999997 0.0016816 -0.00136902 -0.00168369 0.999997 -0.00165058 0.001366 0.0016519 0.999998 -0.0669964 0.0648612 -0.0304161
FixedParameters: 0 0 0

#Transform 84
Transform: AffineTransform_float_3_3
Parameters: 0.999997 0.00169952 -0.00138052 -0.0017023 0.999996 -0.00219218 0.00137687 0.00219445 0.999997 -0.0724797 0.0473477 -0.086089
FixedParameters: 0 0 0

#Transform 85
Transform: AffineTransform_float_3_3
Parameters: 0.999998 0.00147303 -0.00142029 -0.00147593 0.999997 -0.00191403 0.00141724 0.00191717 0.999997 -0.0793734 0.0436978 -0.0757788
FixedParameters: 0 0 0

#Transform 86
Transform: AffineTransform_float_3_3
Parameters: 0.999997 0.00176404 -0.00176122 -0.00176645 0.999997 -0.00163649 0.00175816 0.00163897 0.999997 -0.0702637 0.104259 -0.0638771
FixedParameters: 0 0 0

#Transform 87
Transform: AffineTransform_float_3_3
Parameters: 0.999997 0.00176988 -0.00179203 -0.00177231 0.999997 -0.0016126 0.00178904 0.00161522 0.999997 -0.0599326 0.0610824 -0.0735163
FixedParameters: 0 0 0

#Transform 88
Transform: AffineTransform_float_3_3
Parameters: 0.999997 0.00160098 -0.00182544 -0.00160299 0.999997 -0.00153578 0.00182224 0.00153923 0.999997 -0.0576496 0.0624552 -0.0166076
FixedParameters: 0 0 0

#Transform 89
Transform: AffineTransform_float_3_3
Parameters: 0.999996 0.00180309 -0.00197229 -0.00180541 0.999997 -0.00143741 0.00196982 0.0014408 0.999997 -0.0564319 0.0298316 -0.0953068
FixedParameters: 0 0 0

#Transform 90
Transform: AffineTransform_float_3_3
Parameters: 0.999997 0.00159641 -0.00182248 -0.00159889 0.999998 -0.00139583 0.00181951 0.00139838 0.999997 -0.0588507 0.0503181 -0.0459868
FixedParameters: 0 0 0

#Transform 91
Transform: AffineTransform_float_3_3
Parameters: 0.999997 0.00134335 -0.00204405 -0.00134758 0.999997 -0.00186096 0.0020418 0.00186364 0.999996 -0.0508344 0.0342586 -0.169228
FixedParameters: 0 0 0

#Transform 92
Transform: AffineTransform_float_3_3
Parameters: 0.999998 0.00170486 -0.00154462 -0.00170679 0.999998 -0.00116145 0.00154191 0.0011648 0.999998 -0.0491317 0.0580217 -0.0465918
FixedParameters: 0 0 0

#Transform 93
Transform: AffineTransform_float_3_3
Parameters: 0.999996 0.00137705 -0.00226858 -0.0013822 0.999997 -0.00210424 0.00226581 0.00210764 0.999995 -0.0357961 0.0330213 -0.142679
FixedParameters: 0 0 0

#Transform 94
Transform: AffineTransform_float_3_3
Parameters: 0.999998 0.00141395 -0.00183195 -0.00141578 0.999998 -0.00120033 0.00183006 0.00120275 0.999998 -0.0434004 0.0630353 -0.0708275
FixedParameters: 0 0 0

#Transform 95
Transform: AffineTransform_float_3_3
Parameters: 0.999997 0.00101126 -0.00220094 -0.00101404 0.999999 -0.00104621 0.00219918 0.00104886 0.999997 -0.0501181 0.0388981 -0.172944
FixedParameters: 0 0 0

#Transform 96
Transform: AffineTransform_float_3_3
Parameters: 0.999997 0.00113874 -0.0018757 -0.00114041 0.999999 -0.00068278 0.0018743 0.000685697 0.999998 -0.0421392 0.0593411 -0.0471938
FixedParameters: 0 0 0

#Transform 97
Transform: AffineTransform_float_3_3
Parameters: 0.999998 0.00113348 -0.0017665 -0.00113648 0.999998 -0.00131793 0.00176491 0.00132013 0.999998 -0.0481959 0.0522529 -0.130669
FixedParameters: 0 0 0

#Transform 98
Transform: AffineTransform_float_3_3
Parameters: 0.999998 0.00102697 -0.00184819 -0.00102936 0.999999 -0.00135311 0.00184698 0.00135415 0.999997 -0.0290516 0.0441145 -0.0931214
FixedParameters: 0 0 0

#Transform 99
Transform: AffineTransform_float_3_3
Parameters: 0.999998 0.00110826 -0.00170054 -0.00110973 0.999999 -0.000919707 0.00169985 0.000922073 0.999998 -0.0316481 0.0660229 -0.0868585
FixedParameters: 0 0 0

#Transform 100
Transform: AffineTransform_float_3_3
Parameters: 0.999998 0.00115449 -0.00179169 -0.00115755 0.999997 -0.00187313 0.00178924 0.00187538 0.999997 -0.00847046 0.0190278 -0.120903
FixedParameters: 0 0 0

#Transform 101
Transform: AffineTransform_float_3_3
Parameters: 0.999998 0.00142318 -0.00133911 -0.00142545 0.999998 -0.00141411 0.00133741 0.00141691 0.999998 -0.0598781 0.0423336 -0.0769384
FixedParameters: 0 0 0

#Transform 102
Transform: AffineTransform_float_3_3
Parameters: 0.999998 0.00112697 -0.00164621 -0.00113083 0.999997 -0.00198519 0.0016434 0.00198705 0.999997 -0.0434181 0.0308587 -0.0950983
FixedParameters: 0 0 0

#Transform 103
Transform: AffineTransform_float_3_3
Parameters: 0.999997 0.00152777 -0.00165619 -0.00152963 0.999998 -0.00136785 0.00165359 0.00137055 0.999998 -0.0505089 0.0107543 -0.0675441
FixedParameters: 0 0 0

#Transform 104
Transform: AffineTransform_float_3_3
Parameters: 0.999997 0.00117869 -0.00186895 -0.00118307 0.999997 -0.00215382 0.00186578 0.00215542 0.999996 -0.039848 0.0367586 -0.165669
FixedParameters: 0 0 0

#Transform 105
Transform: AffineTransform_float_3_3
Parameters: 0.999998 0.00110744 -0.00160673 -0.00111007 0.999998 -0.00159021 0.0016058 0.00159231 0.999998 -0.0437185 0.0218944 -0.0747656
FixedParameters: 0 0 0

#Transform 106
Transform: AffineTransform_float_3_3
Parameters: 0.999997 0.00117769 -0.00188106 -0.00118169 0.999997 -0.0020285 0.00187813 0.00203014 0.999996 -0.0378384 0.0670107 -0.134923
FixedParameters: 0 0 0

#Transform 107
Transform: AffineTransform_float_3_3
Parameters: 0.999998 0.00109438 -0.00159177 -0.00109669 0.999999 -0.00124365 0.00159036 0.00124482 0.999997 -0.0442108 0.0166285 -0.0787442
FixedParameters: 0 0 0

#Transform 108
Transform: AffineTransform_float_3_3
Parameters: 0.999998 0.00113647 -0.00177517 -0.00113866 0.999998 -0.00135871 0.00177369 0.00136089 0.999998 -0.0390043 0.0360793 -0.0773141
FixedParameters: 0 0 0

#Transform 109
Transform: AffineTransform_float_3_3
Parameters: 0.999999 0.00106441 -0.00146686 -0.00106582 0.999999 -0.00111927 0.00146484 0.001121 0.999998 -0.0470185 0.00959845 -0.0611508
FixedParameters: 0 0 0

#Transform 110
Transform: AffineTransform_float_3_3
Parameters: 0.999998 0.00106894 -0.00144504 -0.00107139 0.999998 -0.00143879 0.00144337 0.00144047 0.999998 -0.0409579 0.0576305 -0.0618815
FixedParameters: 0 0 0

#Transform 111
Transform: AffineTransform_float_3_3
Parameters: 0.999998 0.00111031 -0.00166961 -0.00111274 0.999999 -0.0012237 0.0016683 0.0012256 0.999998 -0.0526955 0.0195247 -0.0701552
FixedParameters: 0 0 0

#Transform 112
Transform: AffineTransform_float_3_3
Parameters: 0.999999 0.00126526 -0.00140255 -0.00126655 0.999998 -0.0013966 0.00140054 0.0013978 0.999998 -0.0434399 0.0614536 -0.06089
FixedParameters: 0 0 0

#Transform 113
Transform: AffineTransform_float_3_3
Parameters: 0.999998 0.00143468 -0.00137019 -0.00143617 0.999998 -0.00151632 0.00136742 0.0015179 0.999998 -0.0451672 0.00860085 -0.0725525
FixedParameters: 0 0 0

#Transform 114
Transform: AffineTransform_float_3_3
Parameters: 0.999998 0.00172217 -0.00126539 -0.0017242 0.999997 -0.00179429 0.00126178 0.00179669 0.999998 -0.0361618 0.0367326 -0.126166
FixedParameters: 0 0 0

#Transform 115
Transform: AffineTransform_float_3_3
Parameters: 0.999998 0.00161581 -0.00133958 -0.00161814 0.999997 -0.0017837 0.00133638 0.00178566 0.999997 -0.0486906 0.024295 -0.0567437
FixedParameters: 0 0 0

#Transform 116
Transform: AffineTransform_float_3_3
Parameters: 0.999998 0.0015055 -0.00137797 -0.00150839 0.999997 -0.00232607 0.00137381 0.00232822 0.999996 -0.0507781 0.0276455 -0.131987
FixedParameters: 0 0 0

#Transform 117
Transform: AffineTransform_float_3_3
Parameters: 0.999998 0.00139649 -0.00137658 -0.0013988 0.999998 -0.00145627 0.00137383 0.0014582 0.999998 -0.0580796 0.0202843 -0.0845624
FixedParameters: 0 0 0

#Transform 118
Transform: AffineTransform_float_3_3
Parameters: 0.999998 0.0014937 -0.00138371 -0.00149691 0.999996 -0.0024425 0.00137928 0.00244555 0.999996 -0.0488042 0.0584573 -0.0938761
FixedParameters: 0 0 0

#Transform 119
Transform: AffineTransform_float_3_3
Parameters: 0.999998 0.00149152 -0.00151274 -0.0014941 0.999998 -0.00141217 0.0015099 0.00141437 0.999998 -0.061193 0.0305661 -0.0974611
FixedParameters: 0 0 0

#Transform 120
Transform: AffineTransform_float_3_3
Parameters: 0.999997 0.00155713 -0.00166999 -0.00156118 0.999995 -0.00255646 0.00166513 0.00255921 0.999995 -0.0517777 0.111496 -0.124003
FixedParameters: 0 0 0

#Transform 121
Transform: AffineTransform_float_3_3
Parameters: 0.999998 0.0014628 -0.00136402 -0.00146521 0.999998 -0.00150745 0.00136101 0.00151003 0.999999 -0.0619323 0.0341071 -0.0989303
FixedParameters: 0 0 0

#Transform 122
Transform: AffineTransform_float_3_3
Parameters: 0.999998 0.0014867 -0.00137926 -0.00149035 0.999996 -0.00223181 0.00137525 0.00223354 0.999997 -0.0496378 0.0571186 -0.118326
FixedParameters: 0 0 0

#Transform 123
Transform: AffineTransform_float_3_3
Parameters: 0.999998 0.00147697 -0.00137305 -0.00147976 0.999997 -0.00193591 0.00136992 0.00193891 0.999997 -0.0558886 0.088293 -0.0726282
FixedParameters: 0 0 0

#Transform 124
Transform: AffineTransform_float_3_3
Parameters: 0.999998 0.00148086 -0.00137551 -0.00148399 0.999997 -0.00205401 0.00137208 0.00205662 0.999998 -0.0634484 0.0863534 -0.123149
FixedParameters: 0 0 0

#Transform 125
Transform: AffineTransform_float_3_3
Parameters: 0.999998 0.00147411 -0.00137124 -0.00147671 0.999997 -0.00185018 0.00136837 0.00185277 0.999997 -0.0481111 0.0483598 -0.0666081
FixedParameters: 0 0 0

#Transform 126
Transform: AffineTransform_float_3_3
Parameters: 0.999997 0.00159105 -0.00185433 -0.00159565 0.999996 -0.00238419 0.00185075 0.00238763 0.999995 -0.0444485 0.0369772 -0.116639
FixedParameters: 0 0 0

#Transform 127
Transform: AffineTransform_float_3_3
Parameters: 0.999998 0.00165774 -0.00133144 -0.00166005 0.999997 -0.00180719 0.00132801 0.00180964 0.999997 -0.0652581 0.0619247 -0.107157
FixedParameters: 0 0 0

#Transform 128
Transform: AffineTransform_float_3_3
Parameters: 0.999998 0.00146558 -0.00136581 -0.00146824 0.999998 -0.00159233 0.00136252 0.00159402 0.999998 -0.0665603 0.0341627 -0.100313
FixedParameters: 0 0 0

#Transform 129
Transform: AffineTransform_float_3_3
Parameters: 0.999997 0.00154176 -0.00164486 -0.00154552 0.999996 -0.00220024 0.0016409 0.0022029 0.999996 -0.0508545 0.0873365 -0.0817718
FixedParameters: 0 0 0

#Transform 130
Transform: AffineTransform_float_3_3
Parameters: 0.999998 0.00141619 -0.00139071 -0.00141955 0.999997 -0.00211204 0.00138738 0.00211452 0.999997 -0.0629932 0.041101 -0.0327913
FixedParameters: 0 0 0

#Transform 131
Transform: AffineTransform_float_3_3
Parameters: 0.999998 0.00148106 -0.00137566 -0.00148423 0.999997 -0.00206096 0.00137218 0.00206266 0.999997 -0.0574661 0.0532211 -0.081182
FixedParameters: 0 0 0

#Transform 132
Transform: AffineTransform_float_3_3
Parameters: 0.999998 0.00156234 -0.00135861 -0.00156545 0.999997 -0.00206142 0.00135479 0.00206329 0.999997 -0.0559901 0.0462973 0.0474991
FixedParameters: 0 0 0

#Transform 133
Transform: AffineTransform_float_3_3
Parameters: 0.999999 0.00140712 -0.00114825 -0.00140909 0.999998 -0.00115866 0.00114612 0.00116053 0.999999 -0.0590677 0.0324448 -0.045203
FixedParameters: 0 0 0

#Transform 134
Transform: AffineTransform_float_3_3
Parameters: 0.999999 0.0013603 -0.000695743 -0.00136277 0.999995 -0.00282993 0.000691618 0.00283079 0.999996 -0.0684173 0.0359107 -0.116202
FixedParameters: 0 0 0

#Transform 135
Transform: AffineTransform_float_3_3
Parameters: 0.999998 0.00143849 -0.00111115 -0.0014417 0.999996 -0.00251719 0.00110758 0.00251841 0.999996 -0.0688484 0.0794851 -0.123552
FixedParameters: 0 0 0

#Transform 136
Transform: AffineTransform_float_3_3
Parameters: 0.999999 0.00113909 -0.000736448 -0.00114151 0.999996 -0.00262872 0.000733997 0.00263028 0.999996 -0.0750124 0.0971096 -0.139066
FixedParameters: 0 0 0

#Transform 137
Transform: AffineTransform_float_3_3
Parameters: 0.999999 0.00144887 -0.00116695 -0.00145227 0.999996 -0.00246965 0.00116344 0.00247197 0.999996 -0.0557311 0.0702983 -0.139257
FixedParameters: 0 0 0

#Transform 138
Transform: AffineTransform_float_3_3
Parameters: 0.999999 0.00135524 -0.000692629 -0.00135752 0.999995 -0.00268005 0.000688872 0.0026809 0.999996 -0.0676556 0.0975216 -0.13156
FixedParameters: 0 0 0

#Transform 139
Transform: AffineTransform_float_3_3
Parameters: 0.999998 0.00121037 -0.00126742 -0.00121446 0.999994 -0.0030397 0.00126312 0.00304127 0.999995 -0.0548487 0.0556403 -0.143925
FixedParameters: 0 0 0

#Transform 140
Transform: AffineTransform_float_3_3
Parameters: 0.999999 0.00138998 -0.000765304 -0.00139282 0.999993 -0.00334586 0.000760826 0.0033469 0.999994 -0.0669361 0.0923104 -0.152886
FixedParameters: 0 0 0

#Transform 141
Transform: AffineTransform_float_3_3
Parameters: 0.999999 0.00100774 -0.000920795 -0.00101051 0.999994 -0.00338713 0.000918022 0.00338788 0.999993 -0.0437147 0.0714737 -0.158367
FixedParameters: 0 0 0

#Transform 142
Transform: AffineTransform_float_3_3
Parameters: 0.999999 0.000907773 -0.000284847 -0.000908714 0.999995 -0.00299136 0.000281914 0.00299181 0.999996 -0.0516703 0.100126 -0.152866
FixedParameters: 0 0 0

#Transform 143
Transform: AffineTransform_float_3_3
Parameters: 1 0.00103654 -0.000643237 -0.00103824 0.999995 -0.00324972 0.000640352 0.00324998 0.999995 -0.0540752 0.0558483 -0.160019
FixedParameters: 0 0 0

#Transform 144
Transform: AffineTransform_float_3_3
Parameters: 1 0.00100076 -0.000739818 -0.00100451 0.999988 -0.00492631 0.00073546 0.00492666 0.999988 -0.0579887 0.138001 -0.473277
FixedParameters: 0 0 0

#Transform 145
Transform: AffineTransform_float_3_3
Parameters: 0.999998 0.000815286 -0.00146507 -0.000824772 0.999981 -0.0059931 0.00146007 0.00599475 0.999981 -0.0473548 0.0240133 -0.813238
FixedParameters: 0 0 0

#Transform 146
Transform: AffineTransform_float_3_3
Parameters: 0.999999 0.00106016 -0.000995673 -0.00106507 0.999988 -0.00468496 0.000991364 0.0046855 0.999989 -0.0635536 0.175519 -0.509479
FixedParameters: 0 0 0

#Transform 147
Transform: AffineTransform_float_3_3
Parameters: 0.999999 0.00105547 -0.00104418 -0.00106104 0.999986 -0.00533545 0.00103896 0.00533645 0.999985 -0.0702954 0.136588 -0.48252
FixedParameters: 0 0 0

#Transform 148
Transform: AffineTransform_float_3_3
Parameters: 1 0.000970074 -0.000702122 -0.000973118 0.999988 -0.00481007 0.000697251 0.00481032 0.999988 -0.0753694 0.101622 -0.487337
FixedParameters: 0 0 0

#Transform 149
Transform: AffineTransform_float_3_3
Parameters: 0.999999 0.00134818 -0.000936087 -0.00135309 0.999984 -0.00538541 0.00092956 0.00538671 0.999985 -0.0622086 0.164068 -0.512117
FixedParameters: 0 0 0

#Transform 150
Transform: AffineTransform_float_3_3
Parameters: 0.999999 0.00108562 -0.00090081 -0.00109053 0.999985 -0.00525247 0.000895234 0.00525286 0.999986 -0.0618022 0.133311 -0.519367
FixedParameters: 0 0 0

#Transform 151
Transform: AffineTransform_float_3_3
Parameters: 0.999999 0.00109638 -0.000861275 -0.00110073 0.999989 -0.00467725 0.000855474 0.00467802 0.999989 -0.0605067 0.109817 -0.517279
FixedParameters: 0 0 0

#Transform 152
Transform: AffineTransform_float_3_3
Parameters: 0.999999 0.00128375 -0.000965728 -0.00128836 0.999989 -0.0045754 0.000960523 0.00457671 0.999989 -0.0656138 0.130106 -0.4509
FixedParameters: 0 0 0

#Transform 153
Transform: AffineTransform_float_3_3
Parameters: 0.999998 0.00148507 -0.000969577 -0.00149092 0.999986 -0.00514662 0.000961976 0.0051474 0.999986 -0.0655174 0.109742 -0.478037
FixedParameters: 0 0 0

#Transform 154
Transform: AffineTransform_float_3_3
Parameters: 0.999998 0.00156356 -0.00134768 -0.0015714 0.999985 -0.00514708 0.00133966 0.00514871 0.999986 -0.05935 0.0911186 -0.52215
FixedParameters: 0 0 0

#Transform 155
Transform: AffineTransform_float_3_3
Parameters: 0.999999 0.00151927 -0.0011563 -0.0015258 0.999986 -0.00498957 0.00114895 0.00499053 0.999987 -0.0635372 0.142817 -0.480578
FixedParameters: 0 0 0

#Transform 156
Transform: AffineTransform_float_3_3
Parameters: 0.999997 0.00184274 -0.00129491 -0.00184983 0.999985 -0.00532224 0.00128561 0.00532476 0.999985 -0.0599297 0.0872213 -0.509655
FixedParameters: 0 0 0

#Transform 157
Transform: AffineTransform_float_3_3
Parameters: 0.999997 0.00172149 -0.00151397 -0.00172911 0.999985 -0.00517378 0.00150465 0.00517674 0.999985 -0.0683598 0.126875 -0.480775
FixedParameters: 0 0 0

#Transform 158
Transform: AffineTransform_float_3_3
Parameters: 0.999997 0.00141891 -0.00187749 -0.00143001 0.999982 -0.00597283 0.00186898 0.0059754 0.99998 -0.0498784 0.130469 -0.504065
FixedParameters: 0 0 0

#Transform 159
Transform: AffineTransform_float_3_3
Parameters: 0.999998 0.00192521 -0.00105292 -0.001931 0.999983 -0.00549344 0.00104189 0.00549568 0.999984 -0.0904045 0.137537 -0.478687
FixedParameters: 0 0 0

#Transform 160
Transform: AffineTransform_float_3_3
Parameters: 0.999997 0.00197887 -0.00144454 -0.00198526 0.999988 -0.00452854 0.00143562 0.00453203 0.999989 -0.0685957 0.114632 -0.452999
FixedParameters: 0 0 0

#Transform 161
Transform: AffineTransform_float_3_3
Parameters: 0.999997 0.00195222 -0.00119508 -0.00195866 0.999983 -0.00540856 0.00118525 0.00541097 0.999985 -0.0742401 0.158482 -0.47373
FixedParameters: 0 0 0

#Transform 162
Transform: AffineTransform_float_3_3
Parameters: 0.999998 0.00192309 -0.00110586 -0.00192861 0.999985 -0.00504021 0.00109646 0.00504225 0.999987 -0.0744007 0.137592 -0.376658
FixedParameters: 0 0 0

#Transform 163
Transform: AffineTransform_float_3_3
Parameters: 0.999996 0.00207324 -0.0017358 -0.00208369 0.999981 -0.00572599 0.00172404 0.00572949 0.999982 -0.0605751 0.13299 -0.352216
FixedParameters: 0 0 0

#Transform 164
Transform: AffineTransform_float_3_3
Parameters: 0.999996 0.00204797 -0.00171909 -0.00205651 0.999986 -0.00495265 0.00170934 0.00495605 0.999987 -0.061951 0.0876259 -0.400542
FixedParameters: 0 0 0

#Transform 165
Transform: AffineTransform_float_3_3
Parameters: 0.999996 0.00212307 -0.00205104 -0.00213388 0.999984 -0.00517409 0.00204004 0.00517777 0.999985 -0.0721944 0.1241 -0.423288
FixedParameters: 0 0 0

#Transform 166
Transform: AffineTransform_float_3_3
Parameters: 0.999995 0.00214327 -0.00219441 -0.00215414 0.999986 -0.00482896 0.00218454 0.00483334 0.999986 -0.0796744 0.0803195 -0.413924
FixedParameters: 0 0 0

#Transform 167
Transform: AffineTransform_float_3_3
Parameters: 0.999996 0.0021181 -0.00196925 -0.00212867 0.999982 -0.00560346 0.00195685 0.00560764 0.999983 -0.0859438 0.125773 -0.440715
FixedParameters: 0 0 0

#Transform 168
Transform: AffineTransform_float_3_3
Parameters: 0.999996 0.00218053 -0.00197622 -0.00219115 0.999985 -0.00507933 0.00196477 0.00508336 0.999985 -0.0850094 0.0878345 -0.409159
FixedParameters: 0 0 0

#Transform 169
Transform: AffineTransform_float_3_3
Parameters: 0.999996 0.00215542 -0.00211741 -0.00216781 0.999981 -0.00584107 0.00210487 0.00584599 0.999981 -0.0826892 0.125503 -0.456409
FixedParameters: 0 0 0

#Transform 170
Transform: AffineTransform_float_3_3
Parameters: 0.999995 0.0021489 -0.0021982 -0.00216054 0.999985 -0.0050038 0.00218758 0.00500822 0.999985 -0.088197 0.129143 -0.397255
FixedParameters: 0 0 0

#Transform 171
Transform: AffineTransform_float_3_3
Parameters: 0.999995 0.00216496 -0.00220901 -0.00217704 0.999983 -0.00550242 0.00219766 0.00550687 0.999983 -0.0795174 0.127965 -0.440915
FixedParameters: 0 0 0

#Transform 172
Transform: AffineTransform_float_3_3
Parameters: 0.999995 0.00217165 -0.00221353 -0.00218465 0.999981 -0.00571023 0.00220127 0.00571473 0.999981 -0.0697745 0.160909 -0.412304
FixedParameters: 0 0 0

#Transform 173
Transform: AffineTransform_float_3_3
Parameters: 0.999996 0.00199306 -0.00223724 -0.00200491 0.999984 -0.0052449 0.00222655 0.00524968 0.999983 -0.0962447 0.124951 -0.444591
FixedParameters: 0 0 0

#Transform 174
Transform: AffineTransform_float_3_3
Parameters: 0.999993 0.00282725 -0.00266372 -0.00284061 0.999984 -0.00486246 0.00265044 0.00487052 0.999984 -0.128666 0.150398 -0.408364
FixedParameters: 0 0 0

#Transform 175
Transform: AffineTransform_float_3_3
Parameters: 0.999994 0.0023403 -0.00249154 -0.00235382 0.999984 -0.00517971 0.00247861 0.00518495 0.999983 -0.0972108 0.116642 -0.463381
FixedParameters: 0 0 0

#Transform 176
Transform: AffineTransform_float_3_3
Parameters: 0.999995 0.00227111 -0.00217269 -0.00228169 0.999985 -0.00499593 0.00216207 0.00500072 0.999985 -0.104041 0.131013 -0.423421
FixedParameters: 0 0 0

#Transform 177
Transform: AffineTransform_float_3_3
Parameters: 0.999995 0.00229128 -0.00218632 -0.00230379 0.999982 -0.0056214 0.00217408 0.00562628 0.999982 -0.105278 0.106323 -0.445222
FixedParameters: 0 0 0

#Transform 178
Transform: AffineTransform_float_3_3
Parameters: 0.999995 0.00228645 -0.00218306 -0.0022981 0.999982 -0.00547154 0.00217051 0.0054764 0.999983 -0.116819 0.155283 -0.385681
FixedParameters: 0 0 0

#Transform 179
Transform: AffineTransform_float_3_3
Parameters: 0.999995 0.00225332 -0.00216064 -0.00226321 0.999988 -0.00444316 0.00215112 0.00444832 0.999987 -0.108218 0.119562 -0.370156
FixedParameters: 0 0 0

#Transform 180
Transform: AffineTransform_float_3_3
Parameters: 0.999996 0.00218574 -0.00171323 -0.00219476 0.999983 -0.00535311 0.00170165 0.00535599 0.999984 -0.114531 0.144375 -0.373338
FixedParameters: 0 0 0

#Transform 181
Transform: AffineTransform_float_3_3
Parameters: 0.999995 0.00237977 -0.00224398 -0.00239172 0.999985 -0.0049163 0.00223238 0.00492194 0.999985 -0.104184 0.0925598 -0.358794
FixedParameters: 0 0 0

#Transform 182
Transform: AffineTransform_float_3_3
Parameters: 0.999995 0.00254926 -0.00209295 -0.00256158 0.99998 -0.00578498 0.00207788 0.00579091 0.999981 -0.128423 0.151041 -0.37953
FixedParameters: 0 0 0

#Transform 183
Transform: AffineTransform_float_3_3
Parameters: 0.999995 0.0024602 -0.00215826 -0.00247125 0.999983 -0.00514347 0.00214502 0.005149 0.999985 -0.117978 0.133789 -0.301151
FixedParameters: 0 0 0

#Transform 184
Transform: AffineTransform_float_3_3
Parameters: 0.999995 0.00232471 -0.00228826 -0.00233841 0.999978 -0.00606932 0.00227402 0.00607476 0.999979 -0.100893 0.134 -0.40586
FixedParameters: 0 0 0

#Transform 185
Transform: AffineTransform_float_3_3
Parameters: 0.999995 0.00228809 -0.00226333 -0.0022991 0.999985 -0.00492927 0.0022518 0.00493457 0.999985 -0.0983464 0.123862 -0.320181
FixedParameters: 0 0 0

#Transform 186
Transform: AffineTransform_float_3_3
Parameters: 0.999996 0.00222025 -0.00189239 -0.00222987 0.999984 -0.00525794 0.00188102 0.00526262 0.999985 -0.109262 0.146956 -0.363874
FixedParameters: 0 0 0

#Transform 187
Transform: AffineTransform_float_3_3
Parameters: 0.999996 0.00193292 -0.00214181 -0.00194335 0.999986 -0.00489687 0.00213276 0.00490105 0.999985 -0.104513 0.0995807 -0.365816
FixedParameters: 0 0 0

#Transform 188
Transform: AffineTransform_float_3_3
