# transform file /out/sourcedata/freesurfer/sub-v1s5x0050734_ses-1/mri/transforms/cc_up.lta
# created by oesteban on Tue Mar 10 05:33:51 2026

type      = 0 # LINEAR_VOX_TO_VOX
nxforms   = 1
mean      = 127.0000 107.0000 115.0000
sigma     = 10000.0000
1 4 4
9.984174966812134e-01 2.353320829570293e-02 5.107599496841431e-02 -7.274213790893555e+00 
-2.350247465074062e-02 9.997231364250183e-01 -1.202314975671470e-03 4.516050338745117e+01 
-5.109014362096786e-02 0.000000000000000e+00 9.986940622329712e-01 3.068258094787598e+01 
0.000000000000000e+00 0.000000000000000e+00 0.000000000000000e+00 1.000000000000000e+00 
src volume info
valid = 1  # volume info valid
filename = /out/sourcedata/freesurfer/sub-v1s5x0050734_ses-1/mri/norm.mgz
volume = 256 256 256
voxelsize = 1.000000000000000e+00 1.000000000000000e+00 1.000000000000000e+00
xras   = -9.999999403953552e-01 -1.629814505577087e-09 3.725290298461914e-09
yras   = 0.000000000000000e+00 0.000000000000000e+00 -9.999999403953552e-01
zras   = -1.862645149230957e-09 9.999999403953552e-01 0.000000000000000e+00
cras   = -5.057678222656250e-01 6.172767639160156e+00 -1.878601074218750e+00
dst volume info
valid = 1  # volume info valid
filename = /out/sourcedata/freesurfer/sub-v1s5x0050734_ses-1/mri/norm.mgz
volume = 256 256 256
voxelsize = 1.000000000000000e+00 1.000000000000000e+00 1.000000000000000e+00
xras   = -9.999999403953552e-01 -1.629814505577087e-09 3.725290298461914e-09
yras   = 0.000000000000000e+00 0.000000000000000e+00 -9.999999403953552e-01
zras   = -1.862645149230957e-09 9.999999403953552e-01 0.000000000000000e+00
cras   = -5.057678222656250e-01 6.172767639160156e+00 -1.878601074218750e+00
