# transform file transforms/talairach.lta
# created by oesteban on Tue Mar 10 04:14:28 2026

type      = 0 # LINEAR_VOX_TO_VOX
nxforms   = 1
mean      = 128.0000 108.0000 115.0000
sigma     = 10000.0000
1 4 4
1.125371217727661e+00 5.528195947408676e-02 4.351957887411118e-02 -2.681647682189941e+01 
-6.474601477384567e-02 1.151404738426208e+00 2.102154046297073e-01 -1.171958255767822e+01 
-4.145359620451927e-02 -1.540178805589676e-01 9.876180291175842e-01 1.770860671997070e+01 
0.000000000000000e+00 0.000000000000000e+00 0.000000000000000e+00 1.000000000000000e+00 
src volume info
valid = 1  # volume info valid
filename = nu.mgz
volume = 256 256 256
voxelsize = 1.000000000000000e+00 1.000000000000000e+00 1.000000000000000e+00
xras   = -9.999999403953552e-01 -1.629814505577087e-09 3.725290298461914e-09
yras   = 0.000000000000000e+00 0.000000000000000e+00 -9.999999403953552e-01
zras   = -1.862645149230957e-09 9.999999403953552e-01 0.000000000000000e+00
cras   = -5.057678222656250e-01 6.172767639160156e+00 -1.878601074218750e+00
dst volume info
valid = 1  # volume info valid
filename = /opt/freesurfer/average/RB_all_2020-01-02.gca
volume = 256 256 256
voxelsize = 1.000000000000000e+00 1.000000000000000e+00 1.000000000000000e+00
xras   = -1.000000000000000e+00 0.000000000000000e+00 0.000000000000000e+00
yras   = 0.000000000000000e+00 0.000000000000000e+00 -1.000000000000000e+00
zras   = 0.000000000000000e+00 1.000000000000000e+00 0.000000000000000e+00
cras   = 0.000000000000000e+00 0.000000000000000e+00 0.000000000000000e+00
