# transform file /out/sourcedata/freesurfer/sub-v1s5x0050751_ses-1/mri/transforms/cc_up.lta
# created by oesteban on Tue Mar 10 06:25:24 2026

type      = 0 # LINEAR_VOX_TO_VOX
nxforms   = 1
mean      = 127.0000 98.0000 119.0000
sigma     = 10000.0000
1 4 4
9.939907193183899e-01 -7.164437323808670e-02 8.276215195655823e-02 -1.106045365333557e+00 
7.139731943607330e-02 9.974302649497986e-01 5.944719538092613e-03 3.551261138916016e+01 
-8.297538012266159e-02 0.000000000000000e+00 9.965516328811646e-01 2.287238502502441e+01 
0.000000000000000e+00 0.000000000000000e+00 0.000000000000000e+00 1.000000000000000e+00 
src volume info
valid = 1  # volume info valid
filename = /out/sourcedata/freesurfer/sub-v1s5x0050751_ses-1/mri/norm.mgz
volume = 256 256 256
voxelsize = 1.000000000000000e+00 1.000000000000000e+00 1.000000000000000e+00
xras   = -1.000000000000000e+00 1.862645149230957e-09 0.000000000000000e+00
yras   = 0.000000000000000e+00 0.000000000000000e+00 -1.000000000000000e+00
zras   = 3.725290298461914e-09 1.000000000000000e+00 -2.980232238769531e-08
cras   = -1.626129150390625e-01 -1.566482543945312e+00 1.062538146972656e+00
dst volume info
valid = 1  # volume info valid
filename = /out/sourcedata/freesurfer/sub-v1s5x0050751_ses-1/mri/norm.mgz
volume = 256 256 256
voxelsize = 1.000000000000000e+00 1.000000000000000e+00 1.000000000000000e+00
xras   = -1.000000000000000e+00 1.862645149230957e-09 0.000000000000000e+00
yras   = 0.000000000000000e+00 0.000000000000000e+00 -1.000000000000000e+00
zras   = 3.725290298461914e-09 1.000000000000000e+00 -2.980232238769531e-08
cras   = -1.626129150390625e-01 -1.566482543945312e+00 1.062538146972656e+00
