# transform file transforms/talairach.lta
# created by oesteban on Tue Mar 10 05:18:15 2026

type      = 0 # LINEAR_VOX_TO_VOX
nxforms   = 1
mean      = 127.0000 100.0000 119.0000
sigma     = 10000.0000
1 4 4
1.125648975372314e+00 -7.461084425449371e-02 7.949617505073547e-02 -1.846781921386719e+01 
8.672429621219635e-02 1.152119159698486e+00 -1.811114549636841e-01 1.737686538696289e+01 
-9.530533850193024e-02 1.349102705717087e-01 1.066708683967590e+00 -1.803623962402344e+01 
0.000000000000000e+00 0.000000000000000e+00 0.000000000000000e+00 1.000000000000000e+00 
src volume info
valid = 1  # volume info valid
filename = nu.mgz
volume = 256 256 256
voxelsize = 1.000000000000000e+00 1.000000000000000e+00 1.000000000000000e+00
xras   = -1.000000000000000e+00 1.862645149230957e-09 0.000000000000000e+00
yras   = 0.000000000000000e+00 0.000000000000000e+00 -1.000000000000000e+00
zras   = 3.725290298461914e-09 1.000000000000000e+00 -2.980232238769531e-08
cras   = -1.626129150390625e-01 -1.566482543945312e+00 1.062538146972656e+00
dst volume info
valid = 1  # volume info valid
filename = /opt/freesurfer/average/RB_all_2020-01-02.gca
volume = 256 256 256
voxelsize = 1.000000000000000e+00 1.000000000000000e+00 1.000000000000000e+00
xras   = -1.000000000000000e+00 0.000000000000000e+00 0.000000000000000e+00
yras   = 0.000000000000000e+00 0.000000000000000e+00 -1.000000000000000e+00
zras   = 0.000000000000000e+00 1.000000000000000e+00 0.000000000000000e+00
cras   = 0.000000000000000e+00 0.000000000000000e+00 0.000000000000000e+00
