#Insight Transform File V1.0
#Transform 0
Transform: AffineTransform_float_3_3
Parameters: 1 1.32858e-05 -2.2374e-05 -1.32339e-05 0.999998 0.0017348 2.24046e-05 -0.0017348 0.999998 0.0438834 0.0402818 0.0686616
FixedParameters: 0 0 0

#Transform 1
Transform: AffineTransform_float_3_3
Parameters: 1 0.000525397 0.000182916 -0.00052601 0.999999 0.0014234 -0.000182432 -0.0014236 0.999999 0.0309098 0.0194469 0.0588769
FixedParameters: 0 0 0

#Transform 2
Transform: AffineTransform_float_3_3
Parameters: 1 0.000455472 0.000378497 -0.000455082 0.999999 0.000712312 -0.000378914 -0.000712663 0.999999 0.0284782 0.0683926 0.067829
FixedParameters: 0 0 0

#Transform 3
Transform: AffineTransform_float_3_3
Parameters: 1 0.000461301 0.000418534 -0.000461321 1 0.0011028 -0.000418598 -0.0011032 1 0.0224514 0.000509517 0.0737412
FixedParameters: 0 0 0

#Transform 4
Transform: AffineTransform_float_3_3
Parameters: 1 -5.1287e-06 -1.88142e-05 5.16106e-06 0.999999 0.00154597 1.8783e-05 -0.00154597 0.999999 0.0395133 0.054132 0.0838704
FixedParameters: 0 0 0

#Transform 5
Transform: AffineTransform_float_3_3
Parameters: 1 -3.93697e-06 9.91487e-05 3.787e-06 0.999999 0.000756394 -9.91546e-05 -0.000756393 0.999999 0.0389536 -0.00980681 0.0951842
FixedParameters: 0 0 0

#Transform 6
Transform: AffineTransform_float_3_3
Parameters: 1 -3.27502e-05 -0.000308889 3.31186e-05 1 0.000596323 0.00030885 -0.000596343 1 0.025102 0.071501 0.0306163
FixedParameters: 0 0 0

#Transform 7
Transform: AffineTransform_float_3_3
Parameters: 1 -1.1628e-05 -7.85078e-06 1.16389e-05 1 0.000697066 7.83454e-06 -0.000697066 1 0.0234306 0.00981685 0.0376128
FixedParameters: 0 0 0

#Transform 8
Transform: AffineTransform_float_3_3
Parameters: 1 -4.15567e-05 -0.000403101 4.18148e-05 1 0.000320136 0.000403074 -0.00032017 1 0.0247711 0.0637444 0.0174338
FixedParameters: 0 0 0

#Transform 9
Transform: AffineTransform_float_3_3
Parameters: 1 -1.48008e-05 -0.000107996 1.50149e-05 1 0.00111084 0.000107948 -0.00111085 1 0.0216198 0.00752843 0.0490067
FixedParameters: 0 0 0

#Transform 10
Transform: AffineTransform_float_3_3
Parameters: 1 -2.54189e-05 -0.000186841 2.56038e-05 1 0.000494835 0.000186816 -0.000494844 1 0.0264946 0.011842 0.0294542
FixedParameters: 0 0 0

#Transform 11
Transform: AffineTransform_float_3_3
Parameters: 1 -4.20719e-05 -0.000402272 4.2278e-05 1 0.000256143 0.000402251 -0.000256177 1 0.0296764 0.0521934 0.0136946
FixedParameters: 0 0 0

#Transform 12
Transform: AffineTransform_float_3_3
Parameters: 1 -3.95193e-05 -0.000406375 3.99851e-05 1 0.000573108 0.000406329 -0.00057314 1 0.0301864 0.00526106 0.0280819
FixedParameters: 0 0 0

#Transform 13
Transform: AffineTransform_float_3_3
Parameters: 1 -0.000315193 1.90999e-05 0.000315174 1 0.000499719 -1.9415e-05 -0.000499707 1 0.00835023 0.0488438 0.0189432
FixedParameters: 0 0 0

#Transform 14
Transform: AffineTransform_float_3_3
Parameters: 1 6.6167e-06 0.000264667 -6.98108e-06 1 0.000688439 -0.000264657 -0.000688442 0.999999 0.0148802 0.00567153 0.018726
FixedParameters: 0 0 0

#Transform 15
Transform: AffineTransform_float_3_3
Parameters: 1 -0.000450024 -0.00037005 0.000449949 1 -0.000101515 0.000370141 0.000101182 1 0.014364 0.047194 -0.0260927
FixedParameters: 0 0 0

#Transform 16
Transform: AffineTransform_float_3_3
Parameters: 1 -0.000303572 -0.00038757 0.000302948 1 0.000494248 0.000387326 -0.000493499 1 0.00810844 0.0101732 0.0236462
FixedParameters: 0 0 0

#Transform 17
Transform: AffineTransform_float_3_3
Parameters: 1 0.000112533 -0.00042025 -0.0001128 0.999999 0.000868855 0.000420513 -0.000868767 0.999999 0.00569531 -0.0342553 0.0499551
FixedParameters: 0 0 0

#Transform 18
Transform: AffineTransform_float_3_3
Parameters: 1 -0.000298194 -0.000385388 0.000298421 1 0.000293226 0.000385213 -0.000293456 1 0.00830988 0.040902 0.00158961
FixedParameters: 0 0 0

#Transform 19
Transform: AffineTransform_float_3_3
Parameters: 1 -0.000249867 -0.000384646 0.000249847 1 -2.51531e-05 0.000384659 2.49609e-05 1 0.0135003 0.0405151 -0.0252286
FixedParameters: 0 0 0

#Transform 20
Transform: AffineTransform_float_3_3
Parameters: 1 -8.27719e-05 -0.000138425 8.27655e-05 1 -2.31678e-05 0.000138429 2.31449e-05 1 0.0129622 -0.0154845 -0.0151504
FixedParameters: 0 0 0

#Transform 21
Transform: AffineTransform_float_3_3
Parameters: 1 -0.000264602 0.00011041 0.000264536 1 0.000301511 -0.00011057 -0.000301452 1 0.01693 0.0173493 0.0163954
FixedParameters: 0 0 0

#Transform 22
Transform: AffineTransform_float_3_3
Parameters: 1 -0.000466915 -0.000141964 0.000466677 0.999999 -0.000600402 0.000141527 0.000600256 1 0.0174309 0.0452619 -0.0371287
FixedParameters: 0 0 0

#Transform 23
Transform: AffineTransform_float_3_3
Parameters: 1 -0.000348827 5.04334e-05 0.000348832 1 -5.06716e-05 -5.03981e-05 5.07067e-05 1 0.0170687 0.0347509 -0.0534287
FixedParameters: 0 0 0

#Transform 24
Transform: AffineTransform_float_3_3
Parameters: 1 7.72391e-05 -3.33378e-05 -7.72444e-05 1 -8.00269e-05 3.33254e-05 8.0032e-05 1 0.00407125 0.0159101 -0.0214035
FixedParameters: 0 0 0

#Transform 25
Transform: AffineTransform_float_3_3
Parameters: 1 0.000136032 3.9604e-05 -0.000135995 1 -0.000469586 -3.97317e-05 0.000469575 1 0.00967233 0.0397477 -0.0536346
FixedParameters: 0 0 0

#Transform 26
Transform: AffineTransform_float_3_3
Parameters: 1 0.000121348 0.000251822 -0.000122162 1 -0.000363756 -0.000251843 0.000363688 1 0.00417538 0.0498382 -0.0335636
FixedParameters: 0 0 0

#Transform 27
Transform: AffineTransform_float_3_3
Parameters: 1 0.000351148 0.000314996 -0.000351301 1 0.000243296 -0.000314825 -0.000243517 1 -0.000324711 0.0301348 -0.0104818
FixedParameters: 0 0 0

#Transform 28
Transform: AffineTransform_float_3_3
Parameters: 1 0.000163588 0.000348878 -0.000163465 1 -0.000175824 -0.000348936 0.00017571 1 -0.00501904 -0.00752212 -0.0627433
FixedParameters: 0 0 0

#Transform 29
Transform: AffineTransform_float_3_3
Parameters: 1 0.000328516 -3.92498e-07 -0.000328516 1 9.14943e-05 4.52625e-07 -9.1494e-05 1 -0.00174904 0.0379907 -0.0753248
FixedParameters: 0 0 0

#Transform 30
Transform: AffineTransform_float_3_3
Parameters: 1 0.000330172 -6.44079e-06 -0.000330167 1 0.000334432 6.66163e-06 -0.000334427 1 -0.00583885 0.0175119 -0.0476269
FixedParameters: 0 0 0

#Transform 31
Transform: AffineTransform_float_3_3
Parameters: 1 0.000338099 0.000124673 -0.000338154 1 0.000223007 -0.000124522 -0.000223091 1 -0.0132085 0.0195817 -0.0836156
FixedParameters: 0 0 0

#Transform 32
Transform: AffineTransform_float_3_3
Parameters: 1 0.000207224 0.000406619 -0.000207243 1 2.35817e-05 -0.000406609 -2.37503e-05 1 -0.011352 0.0271813 -0.110532
FixedParameters: 0 0 0

#Transform 33
Transform: AffineTransform_float_3_3
Parameters: 1 0.000233489 -7.66824e-06 -0.000233492 1 -0.000180901 7.58377e-06 0.000180905 1 -0.00851715 0.0150458 -0.0836445
FixedParameters: 0 0 0

#Transform 34
Transform: AffineTransform_float_3_3
Parameters: 1 0.000308876 -0.000254342 -0.00030897 1 -0.000184585 0.000254228 0.000184742 1 -0.0229854 0.0468236 -0.0664703
FixedParameters: 0 0 0

#Transform 35
Transform: AffineTransform_float_3_3
Parameters: 1 0.00064741 1.22279e-05 -0.000647484 1 0.000245227 -1.29079e-05 -0.000245257 1 -0.0269241 0.0176305 -0.0612097
FixedParameters: 0 0 0

#Transform 36
Transform: AffineTransform_float_3_3
Parameters: 1 0.000688923 -9.97172e-05 -0.000688945 1 -0.000108495 9.95677e-05 0.000108632 1 -0.0226296 0.0385001 -0.0940612
FixedParameters: 0 0 0

#Transform 37
Transform: AffineTransform_float_3_3
Parameters: 1 0.000262345 -0.000297342 -0.000262354 1 -1.37656e-05 0.000297335 1.39216e-05 1 -0.00420878 0.00932229 -0.0835861
FixedParameters: 0 0 0

#Transform 38
Transform: AffineTransform_float_3_3
Parameters: 0.999999 0.000676993 -0.000255483 -0.000677117 0.999999 -0.000262321 0.00025514 0.000261676 1 -0.0107144 0.0778406 -0.0811894
FixedParameters: 0 0 0

#Transform 39
Transform: AffineTransform_float_3_3
Parameters: 1 0.000264176 -0.000416933 -0.000263375 1 -0.000247305 0.000416747 0.000246541 1 -0.00285826 0.0443929 -0.0780499
FixedParameters: 0 0 0

#Transform 40
Transform: AffineTransform_float_3_3
Parameters: 1 0.000201423 -0.000415828 -0.000201411 1 1.41799e-05 0.000415834 -1.40124e-05 1 -0.00211929 0.0306906 -0.0550545
FixedParameters: 0 0 0

#Transform 41
Transform: AffineTransform_float_3_3
Parameters: 1 0.000213147 -0.000229936 -0.000213188 1 -8.85571e-05 0.000229898 8.86551e-05 1 -0.0150008 0.0533456 -0.071153
FixedParameters: 0 0 0

#Transform 42
Transform: AffineTransform_float_3_3
Parameters: 1 0.000217368 -0.000189144 -0.000217339 1 7.79477e-05 0.000189178 -7.78655e-05 1 -0.00585711 0.0280277 -0.0533092
FixedParameters: 0 0 0

#Transform 43
Transform: AffineTransform_float_3_3
Parameters: 1 -9.7804e-06 -6.85677e-05 9.71457e-06 1 -0.000479865 6.85771e-05 0.000479864 1 -0.00600961 0.0836879 -0.0243259
FixedParameters: 0 0 0

#Transform 44
Transform: AffineTransform_float_3_3
Parameters: 1 0.000241587 0.000182545 -0.000241572 1 -4.15393e-05 -0.000182565 4.14511e-05 1 -0.0121954 0.0257887 -0.021371
FixedParameters: 0 0 0

#Transform 45
Transform: AffineTransform_float_3_3
Parameters: 1 -6.70135e-05 0.000209075 6.72162e-05 1 -0.00048483 -0.00020901 0.000484858 1 -0.0093376 0.0694486 -0.0388661
FixedParameters: 0 0 0

#Transform 46
Transform: AffineTransform_float_3_3
Parameters: 1 0.00024014 0.000185002 -0.000239986 1 -0.000235517 -0.000184118 0.000235442 1 -0.012207 0.030938 -0.0285569
FixedParameters: 0 0 0

#Transform 47
Transform: AffineTransform_float_3_3
Parameters: 1 0.000209106 -0.000224522 -0.000209373 1 -0.000593514 0.000224273 0.000593608 1 -0.00528845 0.0353848 -0.0506766
FixedParameters: 0 0 0

#Transform 48
Transform: AffineTransform_float_3_3
Parameters: 1 -5.67908e-06 -5.34539e-05 5.61602e-06 1 -0.000589713 5.34606e-05 0.000589713 1 -0.00539974 0.0361318 -0.051298
FixedParameters: 0 0 0

#Transform 49
Transform: AffineTransform_float_3_3
Parameters: 1 0.000209106 -0.000224522 -0.000209373 1 -0.000593514 0.000224273 0.000593608 1 -0.00486076 -0.00922808 -0.0330852
FixedParameters: 0 0 0

#Transform 50
Transform: AffineTransform_float_3_3
Parameters: 0.999999 0.000405067 -0.000643843 -0.00040595 0.999999 -0.00068622 0.000643286 0.000686741 0.999999 -0.0201788 0.060341 -0.0740258
FixedParameters: 0 0 0

#Transform 51
Transform: AffineTransform_float_3_3
Parameters: 0.999999 0.00074729 -0.000319784 -0.000747426 0.999999 -0.000317632 0.000320306 0.000318124 1 -0.0292688 0.0322087 -0.0339763
FixedParameters: 0 0 0

#Transform 52
Transform: AffineTransform_float_3_3
Parameters: 1 0.000208584 -0.000236975 -0.000208848 1 -0.000555665 0.000236743 0.000555763 1 -0.0275358 0.0483049 -0.0764277
FixedParameters: 0 0 0

#Transform 53
Transform: AffineTransform_float_3_3
Parameters: 1 0.000212299 -0.000219708 -0.000212416 1 -0.000265441 0.000219595 0.000265534 1 -0.00918692 0.0046131 -0.0866164
FixedParameters: 0 0 0

#Transform 54
Transform: AffineTransform_float_3_3
Parameters: 1 0.000208001 -0.000265942 -0.000208212 1 -0.00039601 0.000265777 0.000396121 1 -0.00750239 -0.000867497 -0.0254645
FixedParameters: 0 0 0

#Transform 55
Transform: AffineTransform_float_3_3
Parameters: 0.999999 0.000156147 -0.000980202 -0.000156552 0.999999 -0.000719694 0.000979904 0.000719152 1 -0.00381899 0.0430203 -0.0274669
FixedParameters: 0 0 0

#Transform 56
Transform: AffineTransform_float_3_3
Parameters: 0.999999 0.000179998 -0.000699168 -0.00018031 1 -0.000223298 0.000699088 0.00022355 0.999999 -0.0183482 0.0459315 -0.0187188
FixedParameters: 0 0 0

#Transform 57
Transform: AffineTransform_float_3_3
Parameters: 1 0.000185902 -0.00062337 -0.000186079 1 -0.000142365 0.000623317 0.000142597 1 -0.0192627 0.00201504 0.0055512
FixedParameters: 0 0 0

#Transform 58
Transform: AffineTransform_float_3_3
Parameters: 0.999999 0.000172919 -0.00074567 -0.000173882 1 -0.000645889 0.000745446 0.000646148 0.999999 -0.0076134 0.0826402 -0.017077
FixedParameters: 0 0 0

#Transform 59
Transform: AffineTransform_float_3_3
Parameters: 0.999999 0.000498979 -0.000645826 -0.000499031 1 -4.78259e-05 0.00064579 4.74798e-05 1 -0.0113349 -0.00726426 -0.00300251
FixedParameters: 0 0 0

#Transform 60
Transform: AffineTransform_float_3_3
Parameters: 1 0.000190289 -0.0005342 -0.00019064 1 -0.000328283 0.000534075 0.000328487 1 0.00509145 0.0237036 -0.0301277
FixedParameters: 0 0 0

#Transform 61
Transform: AffineTransform_float_3_3
Parameters: 1 0.000134217 -0.000437018 -0.000134656 1 -0.000502664 0.000436883 0.000502781 1 -0.00548587 0.0173206 -0.0319871
FixedParameters: 0 0 0

#Transform 62
Transform: AffineTransform_float_3_3
Parameters: 1 0.000207924 -0.000253635 -0.000208178 1 -0.000500865 0.000253427 0.000500971 1 0.00375492 0.0705901 -0.0232101
FixedParameters: 0 0 0

#Transform 63
Transform: AffineTransform_float_3_3
Parameters: 1 0.000207431 -0.000270562 -0.000207661 1 -0.000425068 0.000270385 0.00042518 1 0.00303893 0.0143954 -0.0314117
FixedParameters: 0 0 0

#Transform 64
Transform: AffineTransform_float_3_3
Parameters: 1 0.000203818 -0.000349993 -0.000203972 1 -0.000220028 0.000349904 0.00022017 1 -0.0110456 0.09675 -0.0451047
FixedParameters: 0 0 0

#Transform 65
Transform: AffineTransform_float_3_3
Parameters: 1 0.000220714 -0.000129219 -0.000220716 1 -5.32641e-06 0.000129217 5.38344e-06 1 -0.00961048 0.00106032 -0.026733
FixedParameters: 0 0 0

#Transform 66
Transform: AffineTransform_float_3_3
Parameters: 0.999999 0.000166013 -0.00087725 -0.000166751 1 -0.000420492 0.00087711 0.000420784 0.999999 -0.013189 0.0325652 -0.0538044
FixedParameters: 0 0 0

#Transform 67
Transform: AffineTransform_float_3_3
Parameters: 0.999999 0.000410914 -0.000624807 -0.000411278 1 -0.000298975 0.000624573 0.000298498 1 -0.012087 0.0399025 -0.0407561
FixedParameters: 0 0 0

#Transform 68
Transform: AffineTransform_float_3_3
Parameters: 1 0.000292067 -0.000463952 -0.000292538 1 -0.000579148 0.00046461 0.000579433 0.999999 -0.00675873 0.0263209 -0.0301175
FixedParameters: 0 0 0

#Transform 69
Transform: AffineTransform_float_3_3
Parameters: 1 0.000376754 -0.000213816 -0.000376835 1 -0.000188579 0.000213674 0.00018874 1 -0.0203244 0.026447 -0.0058108
FixedParameters: 0 0 0

#Transform 70
Transform: AffineTransform_float_3_3
Parameters: 1 0.00019183 -0.000319012 -0.000191908 1 -0.000227547 0.000319922 0.000227683 1 -0.00451564 0.0096364 -0.0114285
FixedParameters: 0 0 0

#Transform 71
Transform: AffineTransform_float_3_3
Parameters: 1 0.000161721 -0.000619922 -0.000162334 0.999999 -0.00127828 0.000619425 0.00127848 0.999999 -0.026312 0.0479276 -0.0521937
FixedParameters: 0 0 0

#Transform 72
Transform: AffineTransform_float_3_3
Parameters: 0.999999 0.000642138 -0.00160698 -0.000648682 0.999992 -0.00391795 0.00160441 0.00391924 0.999991 -0.0524149 0.0870266 -0.0843288
FixedParameters: 0 0 0

#Transform 73
Transform: AffineTransform_float_3_3
Parameters: 0.999999 0.000686229 -0.00110771 -0.00068991 0.999995 -0.00306309 0.00110623 0.00306368 0.999994 -0.0538299 0.0693721 -0.0905089
FixedParameters: 0 0 0

#Transform 74
Transform: AffineTransform_float_3_3
Parameters: 0.999999 0.000208092 -0.000774729 -0.000209599 0.999998 -0.00225367 0.000774603 0.00225402 0.999997 -0.0477075 0.0274279 -0.0867773
FixedParameters: 0 0 0

#Transform 75
Transform: AffineTransform_float_3_3
Parameters: 1 0.000299639 -0.000559658 -0.00030166 0.999997 -0.00266564 0.000558924 0.00266599 0.999997 -0.0315626 0.0192883 -0.081083
FixedParameters: 0 0 0

#Transform 76
Transform: AffineTransform_float_3_3
Parameters: 0.999999 0.000219305 -0.000896168 -0.000221997 0.999995 -0.00313738 0.000895501 0.00313781 0.999994 -0.0374339 0.0395983 -0.10381
FixedParameters: 0 0 0

#Transform 77
Transform: AffineTransform_float_3_3
Parameters: 1 0.000301698 -0.000470971 -0.00030371 0.999995 -0.00313258 0.000469927 0.00313289 0.999995 -0.045041 0.0564314 -0.124277
FixedParameters: 0 0 0

#Transform 78
Transform: AffineTransform_float_3_3
Parameters: 1 0.000326258 -0.000125868 -0.000327103 0.999995 -0.00312842 0.000124746 0.00312851 0.999995 -0.0359942 0.0403075 -0.0897088
FixedParameters: 0 0 0

#Transform 79
Transform: AffineTransform_float_3_3
Parameters: 1 0.000333355 -2.61279e-05 -0.000333512 0.999995 -0.00312722 2.59611e-05 0.00312726 0.999995 -0.0399456 0.0923278 -0.110164
FixedParameters: 0 0 0

#Transform 80
Transform: AffineTransform_float_3_3
Parameters: 1 0.000309631 -0.000419095 -0.000310895 0.999997 -0.00265794 0.000418314 0.00265822 0.999997 -0.027551 0.0358663 -0.0999773
FixedParameters: 0 0 0

#Transform 81
Transform: AffineTransform_float_3_3
Parameters: 1 0.000336987 -3.20886e-05 -0.000337191 0.999997 -0.00265327 3.12362e-05 0.0026533 0.999997 -0.039067 0.0352411 -0.085808
FixedParameters: 0 0 0

#Transform 82
Transform: AffineTransform_float_3_3
Parameters: 1 0.000298971 -2.1376e-05 -0.000299131 0.999995 -0.00331798 2.13119e-05 0.00331789 0.999994 -0.0500748 0.0843319 -0.111853
FixedParameters: 0 0 0

#Transform 83
Transform: AffineTransform_float_3_3
Parameters: 1 0.000510691 -3.9952e-05 -0.000509925 0.999996 -0.00302571 3.87146e-05 0.00302579 0.999996 -0.0519482 0.035378 -0.0844516
FixedParameters: 0 0 0

#Transform 84
Transform: AffineTransform_float_3_3
Parameters: 0.999999 0.000724927 -0.000305102 -0.000725735 0.999995 -0.00308757 0.000303471 0.00308806 0.999995 -0.0427206 0.0478794 -0.0802134
FixedParameters: 0 0 0

#Transform 85
Transform: AffineTransform_float_3_3
Parameters: 0.999999 0.000742102 -5.48587e-05 -0.000742369 0.999994 -0.00315766 5.30873e-05 0.00315778 0.999995 -0.0356399 0.058156 -0.0909372
FixedParameters: 0 0 0

#Transform 86
Transform: AffineTransform_float_3_3
Parameters: 1 0.000359625 0.000195994 -0.000359157 0.999993 -0.00391272 -0.000196865 0.00391259 0.999993 -0.0231003 0.0784423 -0.0866039
FixedParameters: 0 0 0

#Transform 87
Transform: AffineTransform_float_3_3
Parameters: 0.999999 0.000736481 -4.59812e-05 -0.000736831 0.999992 -0.00388759 4.31238e-05 0.0038877 0.999993 -0.0385623 0.0588083 -0.0932496
FixedParameters: 0 0 0

#Transform 88
Transform: AffineTransform_float_3_3
Parameters: 0.999999 0.000758786 0.000237443 -0.000758018 0.999993 -0.00365229 -0.000240029 0.00365196 0.999994 -0.0556224 0.113921 -0.0545675
FixedParameters: 0 0 0

#Transform 89
Transform: AffineTransform_float_3_3
Parameters: 1 8.75466e-05 5.40546e-08 -8.76602e-05 0.999992 -0.00383509 1.64616e-07 0.0038351 0.999992 -0.0325428 0.1195 -0.055702
FixedParameters: 0 0 0

#Transform 90
Transform: AffineTransform_float_3_3
Parameters: 1 4.46459e-05 0.000393645 -4.24016e-05 0.99999 -0.00444277 -0.000394117 0.00444273 0.99999 -0.0375229 0.102778 -0.11996
FixedParameters: 0 0 0

#Transform 91
Transform: AffineTransform_float_3_3
Parameters: 1 0.000342414 0.000390828 -0.000341081 0.99999 -0.00441919 -0.000391882 0.00441993 0.99999 -0.0411805 0.123268 -0.131195
FixedParameters: 0 0 0

#Transform 92
Transform: AffineTransform_float_3_3
Parameters: 1 0.000330548 0.00020044 -0.000330023 0.999991 -0.00419146 -0.000202281 0.00419133 0.999991 -0.0436986 0.0900721 -0.109928
FixedParameters: 0 0 0

#Transform 93
Transform: AffineTransform_float_3_3
Parameters: 0.999999 0.000257891 0.000861 -0.000253604 0.99999 -0.00432048 -0.000862163 0.00432016 0.999991 -0.0476664 0.0939402 -0.0924169
FixedParameters: 0 0 0

#Transform 94
Transform: AffineTransform_float_3_3
Parameters: 1 0.000315463 -1.24204e-05 -0.000315661 0.999992 -0.00416002 1.16525e-05 0.00416005 0.999992 -0.0628924 0.0911464 -0.0815556
FixedParameters: 0 0 0

#Transform 95
Transform: AffineTransform_float_3_3
Parameters: 1 0.000333594 0.000222153 -0.00033294 0.999992 -0.00401419 -0.000223885 0.00401405 0.999992 -0.0465277 0.0874801 -0.105381
FixedParameters: 0 0 0

#Transform 96
Transform: AffineTransform_float_3_3
Parameters: 1 0.000351585 0.000560265 -0.000348425 0.999989 -0.00480617 -0.000562679 0.00480578 0.999989 -0.0518537 0.0723401 -0.105492
FixedParameters: 0 0 0

#Transform 97
Transform: AffineTransform_float_3_3
Parameters: 1 0.000331682 0.000278054 -0.000330191 0.999988 -0.00473155 -0.000279291 0.00473138 0.999989 -0.0473845 0.0711783 -0.0697567
FixedParameters: 0 0 0

#Transform 98
Transform: AffineTransform_float_3_3
Parameters: 1 0.00033284 0.000299608 -0.000331126 0.999988 -0.00478023 -0.000300916 0.00478117 0.999989 -0.0472592 0.0488144 -0.0945418
FixedParameters: 0 0 0

#Transform 99
Transform: AffineTransform_float_3_3
Parameters: 1 0.000416284 -1.04842e-05 -0.000416488 0.999988 -0.00493184 9.18627e-06 0.00493189 0.999988 -0.0637929 0.100449 -0.0891382
FixedParameters: 0 0 0

#Transform 100
Transform: AffineTransform_float_3_3
Parameters: 1 0.000482801 0.000452629 -0.00048026 0.999992 -0.00397948 -0.000454521 0.00397906 0.999992 -0.0677537 0.00645071 -0.0440486
FixedParameters: 0 0 0

#Transform 101
Transform: AffineTransform_float_3_3
Parameters: 0.999999 0.000581247 0.000471045 -0.000578751 0.999988 -0.00486615 -0.000473745 0.00486562 0.999988 -0.0870601 0.0881756 -0.065674
FixedParameters: 0 0 0

#Transform 102
Transform: AffineTransform_float_3_3
Parameters: 0.999999 0.000576232 0.000662828 -0.000572566 0.999987 -0.00511176 -0.000665702 0.00511102 0.999986 -0.0754425 0.114753 -0.0883588
FixedParameters: 0 0 0

#Transform 103
Transform: AffineTransform_float_3_3
Parameters: 0.999999 0.000762609 0.00057917 -0.000760271 0.999989 -0.00460928 -0.000582176 0.00460941 0.999989 -0.0863456 0.0701372 -0.0533624
FixedParameters: 0 0 0

#Transform 104
Transform: AffineTransform_float_3_3
Parameters: 0.999999 0.000743425 0.000373046 -0.000741639 0.999986 -0.00512967 -0.000376736 0.00512915 0.999987 -0.072602 0.098175 -0.0948876
FixedParameters: 0 0 0

#Transform 105
Transform: AffineTransform_float_3_3
Parameters: 0.999999 0.000652683 0.000296832 -0.000651116 0.99999 -0.00439181 -0.00029965 0.00439145 0.999991 -0.0705403 0.110049 -0.0892376
FixedParameters: 0 0 0

#Transform 106
Transform: AffineTransform_float_3_3
Parameters: 0.999999 0.000833217 -4.39439e-05 -0.000833622 0.999989 -0.00466837 3.99843e-05 0.0046685 0.999989 -0.0671795 0.0961628 -0.0839022
FixedParameters: 0 0 0

#Transform 107
Transform: AffineTransform_float_3_3
Parameters: 0.999999 0.000900889 0.000506591 -0.000899004 0.999988 -0.0048393 -0.000511302 0.00483941 0.999988 -0.0734108 0.0711341 -0.082431
FixedParameters: 0 0 0

#Transform 108
Transform: AffineTransform_float_3_3
Parameters: 0.999999 0.000776539 0.000305971 -0.000774322 0.999986 -0.00526176 -0.000309289 0.00526134 0.999986 -0.0723218 0.101815 -0.0537787
FixedParameters: 0 0 0

#Transform 109
Transform: AffineTransform_float_3_3
Parameters: 0.999999 0.000892772 0.000381453 -0.000891185 0.999989 -0.00471779 -0.000385909 0.00471701 0.999989 -0.0749355 0.0930845 -0.0418206
FixedParameters: 0 0 0

#Transform 110
Transform: AffineTransform_float_3_3
Parameters: 1 0.000906507 0.000529626 -0.000904839 0.99999 -0.00434802 -0.000533444 0.00434709 0.999991 -0.0772162 0.0865463 -0.0479228
FixedParameters: 0 0 0

#Transform 111
Transform: AffineTransform_float_3_3
Parameters: 0.999999 0.00067114 0.000632608 -0.000668496 0.999989 -0.00449486 -0.000635598 0.00449502 0.999989 -0.0823757 0.116829 -0.0403292
FixedParameters: 0 0 0

#Transform 112
Transform: AffineTransform_float_3_3
Parameters: 1 0.000459722 0.000202282 -0.000458889 0.999989 -0.0047085 -0.000203715 0.00470834 0.999989 -0.0789778 0.0676046 -0.00952818
FixedParameters: 0 0 0

#Transform 113
Transform: AffineTransform_float_3_3
Parameters: 0.999999 0.000633641 0.000615563 -0.000631467 0.99999 -0.00426373 -0.000618896 0.00426296 0.99999 -0.0906858 0.0699841 -0.0397031
FixedParameters: 0 0 0

#Transform 114
Transform: AffineTransform_float_3_3
Parameters: 1 0.000902727 0.000519208 -0.000900803 0.999989 -0.00472622 -0.000523688 0.00472517 0.999988 -0.0982665 0.0924582 -0.0494435
FixedParameters: 0 0 0

#Transform 115
Transform: AffineTransform_float_3_3
Parameters: 1 0.00040922 -5.17044e-06 -0.000409426 0.999985 -0.00533376 3.58259e-06 0.0053338 0.999986 -0.0878446 0.101166 -0.0984597
FixedParameters: 0 0 0

#Transform 116
Transform: AffineTransform_float_3_3
Parameters: 0.999999 0.000845054 0.000263997 -0.000842681 0.999978 -0.00666802 -0.000269532 0.0066675 0.999978 -0.111515 0.0997973 -0.0732922
FixedParameters: 0 0 0

#Transform 117
Transform: AffineTransform_float_3_3
Parameters: 0.999999 0.000792827 0.000248809 -0.000790932 0.999982 -0.00605773 -0.000253621 0.00605725 0.999981 -0.102967 0.0481819 -0.0808791
FixedParameters: 0 0 0

#Transform 118
Transform: AffineTransform_float_3_3
Parameters: 0.999999 0.000869753 0.000475011 -0.000866517 0.999984 -0.00555749 -0.000479781 0.00555671 0.999985 -0.114972 0.115669 -0.10173
FixedParameters: 0 0 0

#Transform 119
Transform: AffineTransform_float_3_3
Parameters: 1 0.00110454 0.000240617 -0.00110303 0.999986 -0.00515418 -0.000247133 0.00515455 0.999986 -0.128386 0.0496598 -0.103328
FixedParameters: 0 0 0

#Transform 120
Transform: AffineTransform_float_3_3
Parameters: 0.999999 0.00113072 0.000522974 -0.00112793 0.999984 -0.00546602 -0.000529357 0.00546588 0.999985 -0.129158 0.136669 -0.125571
FixedParameters: 0 0 0

#Transform 121
Transform: AffineTransform_float_3_3
Parameters: 1 0.00106757 0.000132635 -0.00106724 0.999989 -0.00467612 -0.000137713 0.00467576 0.999989 -0.112367 0.0746675 0.0214937
FixedParameters: 0 0 0

#Transform 122
Transform: AffineTransform_float_3_3
Parameters: 0.999999 0.0016643 0.000461551 -0.00166116 0.999978 -0.00638919 -0.000472919 0.00638861 0.99998 -0.133407 0.111642 -0.125231
FixedParameters: 0 0 0

#Transform 123
Transform: AffineTransform_float_3_3
Parameters: 0.999999 0.0016792 0.000667581 -0.00167431 0.999978 -0.006441 -0.000678248 0.00644071 0.999979 -0.126851 0.0920309 -0.148956
FixedParameters: 0 0 0

#Transform 124
Transform: AffineTransform_float_3_3
Parameters: 0.999999 0.00155271 0.00102718 -0.00154605 0.999978 -0.00655089 -0.00103735 0.00654962 0.999978 -0.131755 0.170519 -0.151612
FixedParameters: 0 0 0

#Transform 125
Transform: AffineTransform_float_3_3
Parameters: 0.999998 0.00139254 0.00102847 -0.00138689 0.999984 -0.00558441 -0.00103585 0.00558345 0.999984 -0.129147 0.0765879 -0.140118
FixedParameters: 0 0 0

#Transform 126
Transform: AffineTransform_float_3_3
Parameters: 0.999999 0.00155175 0.00102881 -0.0015448 0.999977 -0.00669488 -0.00103944 0.00669361 0.999977 -0.114709 0.0953226 -0.163093
FixedParameters: 0 0 0

#Transform 127
Transform: AffineTransform_float_3_3
Parameters: 0.999997 0.00194747 0.00089475 -0.00194245 0.999977 -0.0064848 -0.000906839 0.00648313 0.999978 -0.152932 0.147748 -0.131279
FixedParameters: 0 0 0

#Transform 128
Transform: AffineTransform_float_3_3
Parameters: 0.999997 0.00221968 0.000973171 -0.00221424 0.999979 -0.00613324 -0.000987182 0.00613073 0.99998 -0.176158 0.0441625 -0.108846
FixedParameters: 0 0 0

#Transform 129
Transform: AffineTransform_float_3_3
Parameters: 0.999998 0.00160376 0.00139893 -0.00159508 0.99998 -0.0062271 -0.00140856 0.00622452 0.999979 -0.176028 0.0965922 -0.133302
FixedParameters: 0 0 0

#Transform 130
Transform: AffineTransform_float_3_3
Parameters: 0.999998 0.00125062 0.00104282 -0.00124416 0.999981 -0.00593398 -0.00105051 0.00593241 0.999982 -0.138347 0.13066 -0.138668
FixedParameters: 0 0 0

#Transform 131
Transform: AffineTransform_float_3_3
Parameters: 0.999999 0.00115416 0.00105288 -0.00114809 0.99998 -0.00619306 -0.00105998 0.00619166 0.999981 -0.136687 0.0678779 -0.117293
FixedParameters: 0 0 0

#Transform 132
Transform: AffineTransform_float_3_3
Parameters: 0.999999 0.000871663 0.00107258 -0.000865701 0.999981 -0.00608238 -0.00107797 0.00608152 0.999981 -0.127961 0.0916423 -0.115806
FixedParameters: 0 0 0

#Transform 133
Transform: AffineTransform_float_3_3
Parameters: 0.999999 0.00107507 0.00105585 -0.00106852 0.999982 -0.00593731 -0.00106246 0.00593607 0.999982 -0.137334 0.1144 -0.107658
FixedParameters: 0 0 0

#Transform 134
Transform: AffineTransform_float_3_3
Parameters: 0.999999 0.00107437 0.0010571 -0.00106761 0.999981 -0.0060433 -0.00106394 0.00604206 0.999981 -0.133253 0.0958246 -0.124122
FixedParameters: 0 0 0

#Transform 135
Transform: AffineTransform_float_3_3
Parameters: 0.999999 0.00106271 0.00105229 -0.00105699 0.999984 -0.00554321 -0.00105788 0.005542 0.999984 -0.135276 0.130949 -0.0987987
FixedParameters: 0 0 0

#Transform 136
Transform: AffineTransform_float_3_3
Parameters: 0.999999 0.00116195 0.000986069 -0.00115643 0.999983 -0.00583288 -0.000993469 0.00583161 0.999983 -0.118535 0.0758107 -0.110696
FixedParameters: 0 0 0

#Transform 137
Transform: AffineTransform_float_3_3
Parameters: 0.999999 0.0010992 0.000865447 -0.00109436 0.999984 -0.00566281 -0.000871782 0.00566181 0.999983 -0.127488 0.117752 -0.0992134
FixedParameters: 0 0 0

#Transform 138
Transform: AffineTransform_float_3_3
Parameters: 0.999999 0.00116096 0.00099911 -0.00115472 0.999981 -0.00609373 -0.00100612 0.00609245 0.999981 -0.131515 0.0739204 -0.0910052
FixedParameters: 0 0 0

#Transform 139
Transform: AffineTransform_float_3_3
Parameters: 1 0.000929062 0.000660192 -0.000925147 0.999981 -0.0059958 -0.000665324 0.00599561 0.999982 -0.111239 0.127956 -0.0988462
FixedParameters: 0 0 0

#Transform 140
Transform: AffineTransform_float_3_3
Parameters: 1 0.000830225 0.000784436 -0.000825321 0.999984 -0.00570145 -0.000788859 0.00570019 0.999984 -0.11859 0.118616 -0.0604702
FixedParameters: 0 0 0

#Transform 141
Transform: AffineTransform_float_3_3
Parameters: 0.999999 0.000675832 0.000677092 -0.00067207 0.999982 -0.00583849 -0.000680971 0.00583859 0.999982 -0.116804 0.108114 -0.0686091
FixedParameters: 0 0 0

#Transform 142
Transform: AffineTransform_float_3_3
Parameters: 1 0.000703249 0.000978991 -0.000698246 0.999987 -0.00515996 -0.000983088 0.00515859 0.999986 -0.110882 0.081388 -0.047079
FixedParameters: 0 0 0

#Transform 143
Transform: AffineTransform_float_3_3
Parameters: 1 0.000696245 0.000888889 -0.000692021 0.999986 -0.00521402 -0.000892008 0.00521379 0.999986 -0.0979857 0.0947623 -0.0696281
FixedParameters: 0 0 0

#Transform 144
Transform: AffineTransform_float_3_3
Parameters: 1 0.000928533 0.000652902 -0.000925534 0.999985 -0.00535683 -0.0006578 0.00535664 0.999986 -0.111907 0.131597 0.00435585
FixedParameters: 0 0 0

#Transform 145
Transform: AffineTransform_float_3_3
Parameters: 1 0.000964725 0.000646537 -0.000961159 0.999987 -0.00503215 -0.000651219 0.00503095 0.999987 -0.1121 0.0978151 0.0266338
FixedParameters: 0 0 0

#Transform 146
Transform: AffineTransform_float_3_3
Parameters: 1 0.000896592 0.00060482 -0.000893653 0.999987 -0.00489508 -0.000609557 0.00489403 0.999988 -0.110329 0.131244 -0.06917
FixedParameters: 0 0 0

#Transform 147
Transform: AffineTransform_float_3_3
Parameters: 0.999999 0.000866799 0.000558562 -0.000863622 0.999984 -0.00556647 -0.000563247 0.00556554 0.999985 -0.0871807 0.102403 0.0156963
FixedParameters: 0 0 0

#Transform 148
Transform: AffineTransform_float_3_3
Parameters: 0.999999 0.000760794 0.00110107 -0.000754747 0.999984 -0.00549894 -0.00110524 0.00549841 0.999985 -0.0805036 0.100496 0.00495043
FixedParameters: 0 0 0

#Transform 149
Transform: AffineTransform_float_3_3
Parameters: 1 0.000863498 0.000847311 -0.000858588 0.999983 -0.005888 -0.000852394 0.00588756 0.999983 -0.0781226 0.132884 0.0251228
FixedParameters: 0 0 0

#Transform 150
Transform: AffineTransform_float_3_3
Parameters: 0.999999 0.000825673 0.00134019 -0.00081849 0.999987 -0.00491455 -0.00134407 0.00491348 0.999987 -0.0876973 0.10153 0.041566
FixedParameters: 0 0 0

#Transform 151
Transform: AffineTransform_float_3_3
Parameters: 0.999999 0.000567227 0.00143308 -0.000560028 0.999988 -0.00498418 -0.00143543 0.00498354 0.999986 -0.0836824 0.117328 -0.00209182
FixedParameters: 0 0 0

#Transform 152
Transform: AffineTransform_float_3_3
Parameters: 0.999998 0.000560031 0.00168832 -0.000551449 0.999986 -0.00523892 -0.00169077 0.00523815 0.999985 -0.0874876 0.120365 -0.0232604
FixedParameters: 0 0 0

#Transform 153
Transform: AffineTransform_float_3_3
Parameters: 1 0.000502769 0.00110859 -0.000497727 0.999989 -0.00453851 -0.00110997 0.00453853 0.999989 -0.0719385 0.0845367 0.0249918
FixedParameters: 0 0 0

#Transform 154
Transform: AffineTransform_float_3_3
Parameters: 0.999999 0.000358135 0.00139063 -0.000350958 0.999987 -0.00518585 -0.00139304 0.00518582 0.999985 -0.0807865 0.123329 0.0264476
FixedParameters: 0 0 0

#Transform 155
Transform: AffineTransform_float_3_3
Parameters: 0.999999 0.000387625 0.0012146 -0.000382264 0.999986 -0.00515325 -0.00121631 0.00515342 0.999986 -0.0782605 0.122806 0.0287389
FixedParameters: 0 0 0

#Transform 156
Transform: AffineTransform_float_3_3
Parameters: 0.999999 0.000644576 0.00107038 -0.000639299 0.999985 -0.00531829 -0.00107404 0.00531804 0.999986 -0.0689809 0.123803 0.0146426
FixedParameters: 0 0 0

#Transform 157
Transform: AffineTransform_float_3_3
Parameters: 1 0.00053274 0.000992698 -0.000527097 0.999985 -0.00543136 -0.000995347 0.0054313 0.999984 -0.0769844 0.172398 0.00844415
FixedParameters: 0 0 0

#Transform 158
Transform: AffineTransform_float_3_3
Parameters: 0.999999 0.000886519 0.00105315 -0.00088131 0.999988 -0.00484161 -0.00105756 0.00484075 0.999987 -0.0816972 0.108363 0.0519183
FixedParameters: 0 0 0

#Transform 159
Transform: AffineTransform_float_3_3
Parameters: 0.999999 0.000763707 0.000999506 -0.000758103 0.999985 -0.00532117 -0.00100349 0.0053198 0.999986 -0.093185 0.110972 0.0263204
FixedParameters: 0 0 0

#Transform 160
Transform: AffineTransform_float_3_3
Parameters: 1 0.000810827 0.000824372 -0.000807265 0.999986 -0.00521677 -0.000828694 0.00521644 0.999986 -0.0773163 0.126484 0.0495107
FixedParameters: 0 0 0

#Transform 161
Transform: AffineTransform_float_3_3
Parameters: 0.999999 0.00101202 0.000986448 -0.00100659 0.999983 -0.00577358 -0.000991966 0.00577261 0.999983 -0.0841466 0.0893369 0.0642292
FixedParameters: 0 0 0

#Transform 162
Transform: AffineTransform_float_3_3
Parameters: 1 0.000617888 0.000886685 -0.000613243 0.999985 -0.0054754 -0.00088931 0.00547432 0.999984 -0.0761212 0.132447 0.0564925
FixedParameters: 0 0 0

#Transform 163
Transform: AffineTransform_float_3_3
Parameters: 1 0.000494261 0.00101058 -0.00049008 0.99999 -0.00459173 -0.00101292 0.00459072 0.999989 -0.0766109 0.0957943 0.110501
FixedParameters: 0 0 0

#Transform 164
Transform: AffineTransform_float_3_3
Parameters: 0.999999 0.000416175 0.000774522 -0.000412109 0.999985 -0.00533901 -0.000776908 0.0053385 0.999986 -0.0720682 0.109087 0.0924458
FixedParameters: 0 0 0

#Transform 165
Transform: AffineTransform_float_3_3
Parameters: 0.999999 0.00025289 0.00144032 -0.000246132 0.999988 -0.00484617 -0.00144146 0.00484655 0.999987 -0.0571985 0.0645811 0.1004
FixedParameters: 0 0 0

#Transform 166
Transform: AffineTransform_float_3_3
Parameters: 0.999997 0.000315842 0.00228174 -0.000305097 0.99999 -0.00457604 -0.00228307 0.00457483 0.999987 -0.0650855 0.101506 0.0829439
FixedParameters: 0 0 0

#Transform 167
Transform: AffineTransform_float_3_3
Parameters: 0.999998 0.000316799 0.00230991 -0.000305946 0.999988 -0.00475364 -0.0023113 0.00475255 0.999986 -0.0703679 0.131086 0.0518103
FixedParameters: 0 0 0

#Transform 168
Transform: AffineTransform_float_3_3
Parameters: 0.999997 0.00030663 0.00212955 -0.000297443 0.99999 -0.00429277 -0.0021307 0.00429283 0.999989 -0.0493841 0.0992029 0.0290558
FixedParameters: 0 0 0

#Transform 169
Transform: AffineTransform_float_3_3
Parameters: 0.999998 2.23182e-05 0.00214431 -1.27407e-05 0.999991 -0.00438989 -0.00214501 0.00439001 0.999988 -0.046456 0.0947005 0.0622289
FixedParameters: 0 0 0

#Transform 170
Transform: AffineTransform_float_3_3
Parameters: 0.999998 0.000153481 0.00174643 -0.000145626 0.99999 -0.00460634 -0.00174743 0.0046059 0.999988 -0.0483405 0.131096 0.042534
FixedParameters: 0 0 0

#Transform 171
Transform: AffineTransform_float_3_3
Parameters: 0.999999 0.000125084 0.00124985 -0.000118645 0.999987 -0.00507048 -0.00124989 0.00507127 0.999987 -0.0549582 0.100412 0.0696921
FixedParameters: 0 0 0

#Transform 172
Transform: AffineTransform_float_3_3
Parameters: 0.999999 0.000422671 0.00184038 -0.000415216 0.999991 -0.00420758 -0.00184152 0.00420727 0.99999 -0.0592102 0.0891552 0.0325416
FixedParameters: 0 0 0

#Transform 173
Transform: AffineTransform_float_3_3
Parameters: 0.999999 0.000697383 0.00139818 -0.000689692 0.999984 -0.00563977 -0.00140172 0.00563796 0.999983 -0.0792286 0.0919152 0.0571313
FixedParameters: 0 0 0

#Transform 174
Transform: AffineTransform_float_3_3
Parameters: 0.999999 0.000788987 0.00138984 -0.000780759 0.999984 -0.00550268 -0.00139426 0.00550262 0.999984 -0.0749749 0.0965892 0.0396069
FixedParameters: 0 0 0

#Transform 175
Transform: AffineTransform_float_3_3
Parameters: 0.999998 0.000521488 0.00193454 -0.000512952 0.999989 -0.00454537 -0.00193681 0.00454459 0.999988 -0.0870869 0.0857309 0.0235433
FixedParameters: 0 0 0

#Transform 176
Transform: AffineTransform_float_3_3
Parameters: 0.999999 0.000372584 0.0014118 -0.000366199 0.999989 -0.00478467 -0.00141303 0.0047836 0.999987 -0.0613539 0.111264 0.0395811
FixedParameters: 0 0 0

#Transform 177
Transform: AffineTransform_float_3_3
Parameters: 0.999998 0.000521989 0.0016072 -0.000513691 0.999987 -0.00509755 -0.00160915 0.005097 0.999985 -0.065391 0.060062 0.018337
FixedParameters: 0 0 0

#Transform 178
Transform: AffineTransform_float_3_3
Parameters: 0.999999 0.000503926 0.00123911 -0.000496738 0.999986 -0.00540005 -0.00124233 0.00539879 0.999984 -0.0668279 0.102127 0.0773319
FixedParameters: 0 0 0

#Transform 179
Transform: AffineTransform_float_3_3
Parameters: 0.999999 0.000635544 0.00115498 -0.000629614 0.999986 -0.00520823 -0.00115837 0.00520676 0.999986 -0.0605109 0.0992064 0.087899
FixedParameters: 0 0 0

#Transform 180
Transform: AffineTransform_float_3_3
Parameters: 0.999999 0.000385498 0.000972387 -0.000380314 0.999985 -0.00534528 -0.000974389 0.00534565 0.999985 -0.0539102 0.0474773 0.0631388
FixedParameters: 0 0 0

#Transform 181
Transform: AffineTransform_float_3_3
Parameters: 0.999999 0.000355221 0.00136027 -0.000347439 0.999986 -0.00514512 -0.00136268 0.00514427 0.999986 -0.0605065 0.108477 0.0733246
FixedParameters: 0 0 0

#Transform 182
Transform: AffineTransform_float_3_3
Parameters: 0.999999 0.000300737 0.00135968 -0.000294937 0.999988 -0.00476861 -0.00136122 0.0047679 0.999987 -0.0597972 0.0927914 0.103243
FixedParameters: 0 0 0

#Transform 183
Transform: AffineTransform_float_3_3
Parameters: 0.999999 0.000508288 0.00114379 -0.000502747 0.999987 -0.00508518 -0.00114574 0.00508515 0.999987 -0.0500105 0.0849014 0.128746
FixedParameters: 0 0 0

#Transform 184
Transform: AffineTransform_float_3_3
Parameters: 0.999999 0.000634846 0.000529587 -0.00063135 0.999979 -0.00634101 -0.000533739 0.00634136 0.999979 -0.0477775 0.083183 0.142303
FixedParameters: 0 0 0

#Transform 185
Transform: AffineTransform_float_3_3
Parameters: 1 0.00074622 0.000887533 -0.0007402 0.99998 -0.00627155 -0.000891817 0.00627026 0.99998 -0.0563549 0.10195 0.0837016
FixedParameters: 0 0 0

#Transform 186
Transform: AffineTransform_float_3_3
Parameters: 0.999999 0.000777934 0.00119268 -0.000771937 0.999987 -0.005036 -0.00119629 0.00503515 0.999986 -0.0635729 0.0694177 0.0458988
FixedParameters: 0 0 0

#Transform 187
Transform: AffineTransform_float_3_3
Parameters: 1 0.000710151 0.000768055 -0.000706026 0.999981 -0.00602969 -0.000772536 0.0060296 0.999981 -0.0478634 0.076191 0.109098
FixedParameters: 0 0 0

#Transform 188
Transform: AffineTransform_float_3_3
Parameters: 0.999998 0.000753539 0.00142809 -0.00074506 0.999983 -0.00580693 -0.00143253 0.00580591 0.999982 -0.0498794 0.0878552 0.057234
FixedParameters: 0 0 0

#Transform 189
Transform: AffineTransform_float_3_3
Parameters: 0.999999 0.000909902 0.0016395 -0.00090044 0.999986 -0.00531482 -0.0016438 0.00531284 0.999984 -0.0422265 0.114275 0.0936744
FixedParameters: 0 0 0

#Transform 190
Transform: AffineTransform_float_3_3
Parameters: 0.999998 0.000851099 0.00143118 -0.000842985 0.999983 -0.00565676 -0.00143648 0.00565545 0.999983 -0.0500459 0.0694104 0.107925
