#Insight Transform File V1.0
#Transform 0
Transform: AffineTransform_float_3_3
Parameters: 1 1.20597e-05 -1.44121e-06 -1.20587e-05 1 0.000327775 1.44912e-06 -0.000327775 1 -0.00163803 -0.00986551 0.0454327
FixedParameters: 0 0 0

#Transform 1
Transform: AffineTransform_float_3_3
Parameters: 1 2.63097e-05 0.000132302 -2.64684e-05 1 0.00060002 -0.00013227 -0.000600027 1 2.23965e-05 -0.0172837 0.00145163
FixedParameters: 0 0 0

#Transform 2
Transform: AffineTransform_float_3_3
Parameters: 1 0.000113251 0.000122499 -0.000113246 1 -2.16526e-05 -0.000122504 2.16249e-05 1 -0.00213386 -0.0397498 -0.0217946
FixedParameters: 0 0 0

#Transform 3
Transform: AffineTransform_float_3_3
Parameters: 1 2.19876e-05 -2.62164e-06 -2.19844e-05 1 0.00059759 2.64792e-06 -0.00059759 1 0.000483552 0.0549676 -0.0197305
FixedParameters: 0 0 0

#Transform 4
Transform: AffineTransform_float_3_3
Parameters: 1 -3.06229e-05 3.69568e-06 3.06289e-05 0.999999 -0.000832428 -3.64469e-06 0.000832428 0.999999 0.000566477 -0.0422048 -0.0104481
FixedParameters: 0 0 0

#Transform 5
Transform: AffineTransform_float_3_3
Parameters: 1 3.5388e-05 0.000146273 -3.56321e-05 0.999999 0.000834906 -0.000146213 -0.000834916 0.999999 -0.000736016 -0.0185296 0.0221925
FixedParameters: 0 0 0

#Transform 6
Transform: AffineTransform_float_3_3
Parameters: 1 -4.98181e-05 1.22509e-06 4.98178e-05 1 0.000113915 -1.23644e-06 -0.000113915 1 -0.000141962 -0.0184368 0.0173199
FixedParameters: 0 0 0

#Transform 7
Transform: AffineTransform_float_3_3
Parameters: 1 3.38686e-05 0.00039325 -3.4327e-05 1 0.000582865 -0.00039321 -0.000582892 1 6.80315e-05 -0.0521537 0.00313298
FixedParameters: 0 0 0

#Transform 8
Transform: AffineTransform_float_3_3
Parameters: 1 1.43122e-05 -0.000145174 -1.41637e-05 1 0.000511189 0.000145189 -0.000511185 1 0.0106982 0.00615953 -0.0117866
FixedParameters: 0 0 0

#Transform 9
Transform: AffineTransform_float_3_3
Parameters: 1 -3.57788e-06 -0.000198228 3.60734e-06 1 7.43089e-05 0.000198227 -7.43104e-05 1 0.00218202 -0.0255428 0.0114247
FixedParameters: 0 0 0

#Transform 10
Transform: AffineTransform_float_3_3
Parameters: 1 2.37806e-05 0.000183769 -2.39597e-05 1 0.000487262 -0.000183746 -0.00048727 1 5.35119e-05 -0.0432924 0.00388388
FixedParameters: 0 0 0

#Transform 11
Transform: AffineTransform_float_3_3
Parameters: 1 5.6132e-06 -6.58859e-05 -5.58569e-06 1 0.000208647 6.58882e-05 -0.000208647 1 0.0052515 0.0170817 0.0485803
FixedParameters: 0 0 0

#Transform 12
Transform: AffineTransform_float_3_3
Parameters: 1 1.73841e-05 -5.72535e-05 -1.73246e-05 1 0.000519467 5.72715e-05 -0.000519465 1 -0.00185556 -0.00343812 0.0511551
FixedParameters: 0 0 0

#Transform 13
Transform: AffineTransform_float_3_3
Parameters: 1 9.78586e-06 0.000270727 -9.80255e-06 1 3.08512e-05 -0.000270727 -3.08565e-05 1 0.00490675 -0.0060236 -0.0303854
FixedParameters: 0 0 0

#Transform 14
Transform: AffineTransform_float_3_3
Parameters: 1 2.05949e-05 -0.000106792 -2.04564e-05 1 0.000648221 0.000106819 -0.000648217 1 -0.00115491 -0.00405755 0.0303421
FixedParameters: 0 0 0

#Transform 15
Transform: AffineTransform_float_3_3
Parameters: 1 -3.36075e-05 6.94111e-05 3.35351e-05 1 0.0005219 -6.94462e-05 -0.000521896 1 0.00129665 -0.0219408 -0.0225861
FixedParameters: 0 0 0

#Transform 16
Transform: AffineTransform_float_3_3
Parameters: 1 1.67405e-05 6.82299e-05 -1.67944e-05 1 0.000394954 -6.82166e-05 -0.000394956 1 0.000426734 -0.0302384 -0.00897552
FixedParameters: 0 0 0

#Transform 17
Transform: AffineTransform_float_3_3
Parameters: 1 2.5622e-05 6.71733e-05 -2.57075e-05 1 0.000636787 -6.71406e-05 -0.00063679 1 0.000183323 -0.0011931 -0.00583249
FixedParameters: 0 0 0

#Transform 18
Transform: AffineTransform_float_3_3
Parameters: 1 1.64102e-05 6.82692e-05 -1.64629e-05 1 0.00038596 -6.82566e-05 -0.000385962 1 0.000322294 -0.0231777 -0.00697869
FixedParameters: 0 0 0

#Transform 19
Transform: AffineTransform_float_3_3
Parameters: 1 5.25957e-05 6.39541e-05 -5.27797e-05 0.999999 0.00137128 -6.3883e-05 -0.00137129 0.999999 -0.00223418 0.0215361 0.0572741
FixedParameters: 0 0 0

#Transform 20
Transform: AffineTransform_float_3_3
Parameters: 1 -2.8557e-06 7.05765e-05 2.87526e-06 1 -0.000138679 -7.05757e-05 0.000138679 1 0.000640023 0.0150843 -0.0202229
FixedParameters: 0 0 0

#Transform 21
Transform: AffineTransform_float_3_3
Parameters: 1 2.57322e-05 6.71603e-05 -2.5818e-05 1 0.000639785 -6.71273e-05 -0.000639788 1 -0.00173193 -0.00256852 0.0467892
FixedParameters: 0 0 0

#Transform 22
Transform: AffineTransform_float_3_3
Parameters: 1 6.06138e-06 6.9506e-05 -6.07584e-06 1 0.000104154 -6.95048e-05 -0.000104155 1 0.00274759 0.0342564 0.0303124
FixedParameters: 0 0 0

#Transform 23
Transform: AffineTransform_float_3_3
Parameters: 1 -6.06361e-07 0.000350246 8.32363e-07 1 -0.000322651 -0.000350246 0.000322652 1 -0.00023063 -0.0197916 0.00727567
FixedParameters: 0 0 0

#Transform 24
Transform: AffineTransform_float_3_3
Parameters: 1 4.50483e-05 0.000198262 -4.54749e-05 1 0.00105392 -0.00019824 -0.00105394 1 0.00629562 0.00592794 0.0545583
FixedParameters: 0 0 0

#Transform 25
Transform: AffineTransform_float_3_3
Parameters: 1 6.97516e-06 -0.000361004 -6.61665e-06 1 0.000496502 0.000361011 -0.000496497 1 -2.88791e-05 -0.0404383 0.00544889
FixedParameters: 0 0 0

#Transform 26
Transform: AffineTransform_float_3_3
Parameters: 1 2.06014e-05 -2.55316e-05 -2.05717e-05 1 0.000579528 2.55554e-05 -0.000579527 1 -0.000525247 -0.0186828 0.0153199
FixedParameters: 0 0 0

#Transform 27
Transform: AffineTransform_float_3_3
Parameters: 1 1.65464e-06 -0.000114575 -1.62174e-06 1 0.000143534 0.000114575 -0.000143533 1 0.00135431 -0.00357141 -0.0372192
FixedParameters: 0 0 0

#Transform 28
Transform: AffineTransform_float_3_3
Parameters: 1 -1.77094e-05 -0.000374128 1.75941e-05 1 -0.000154112 0.000374134 0.000154098 1 0.00171051 -0.0843498 -0.0359712
FixedParameters: 0 0 0

#Transform 29
Transform: AffineTransform_float_3_3
Parameters: 1 6.512e-05 -7.65116e-05 -6.51014e-05 1 0.000121357 7.65274e-05 -0.000121347 1 -0.000930171 0.00899238 0.0111375
FixedParameters: 0 0 0

#Transform 30
Transform: AffineTransform_float_3_3
Parameters: 1 -0.00014869 -0.000267915 0.000148935 1 0.000458566 0.000267778 -0.000458645 1 0.00292512 -0.0859992 -0.0393428
FixedParameters: 0 0 0

#Transform 31
Transform: AffineTransform_float_3_3
Parameters: 1 -0.000164558 -0.000209771 0.00016455 1 -1.79211e-05 0.000209777 1.78521e-05 1 0.00889592 -0.0074346 -0.0332606
FixedParameters: 0 0 0

#Transform 32
Transform: AffineTransform_float_3_3
Parameters: 1 -4.6606e-05 -0.000128918 4.67911e-05 0.999999 0.000717635 0.000128851 -0.000717647 0.999999 0.0116633 -0.0497536 -0.0631021
FixedParameters: 0 0 0

#Transform 33
Transform: AffineTransform_float_3_3
Parameters: 1 -0.000161821 -0.000210109 0.000161845 1 5.60287e-05 0.000210091 -5.60967e-05 1 0.0124253 -0.0676424 -0.0670619
FixedParameters: 0 0 0

#Transform 34
Transform: AffineTransform_float_3_3
Parameters: 1 -0.000136661 0.000273441 0.000136485 1 0.000321484 -0.000273529 -0.000321409 1 0.0136597 0.0331266 -0.0400729
FixedParameters: 0 0 0

#Transform 35
Transform: AffineTransform_float_3_3
Parameters: 1 -0.000142675 -0.00024457 0.000142969 1 0.00060055 0.000244399 -0.00060062 1 0.00772473 -0.0297696 -0.0639759
FixedParameters: 0 0 0

#Transform 36
Transform: AffineTransform_float_3_3
Parameters: 1 7.85573e-05 -0.000121802 -7.84628e-05 1 0.000387852 0.000121863 -0.000387833 1 0.000890101 -0.0297044 -0.0371596
FixedParameters: 0 0 0

#Transform 37
Transform: AffineTransform_float_3_3
Parameters: 1 -0.000178792 -0.000259392 0.000179683 0.999998 0.00174163 0.00025862 -0.00174166 0.999999 0.00273128 -0.00985278 -0.0270682
FixedParameters: 0 0 0

#Transform 38
Transform: AffineTransform_float_3_3
Parameters: 1 7.19689e-05 -0.000139174 -7.18988e-05 1 0.000251925 0.00013921 -0.000251905 1 0.000909199 -0.00569197 -0.0389031
FixedParameters: 0 0 0

#Transform 39
Transform: AffineTransform_float_3_3
Parameters: 1 9.82098e-05 -0.000193426 -9.88283e-05 1 0.00100522 0.000193583 -0.00100522 1 -0.000357962 -0.0319436 -0.00116086
FixedParameters: 0 0 0

#Transform 40
Transform: AffineTransform_float_3_3
Parameters: 1 8.49817e-05 -0.000191855 -8.47332e-05 1 0.000647495 0.000191965 -0.000647462 1 0.00084381 -0.0123896 -0.0356057
FixedParameters: 0 0 0

#Transform 41
Transform: AffineTransform_float_3_3
Parameters: 1 7.67398e-05 -0.000190895 -7.65776e-05 1 0.000424646 0.00019096 -0.000424617 1 -0.000629774 -0.0527732 0.00899015
FixedParameters: 0 0 0

#Transform 42
Transform: AffineTransform_float_3_3
Parameters: 1 0.00010856 -0.000271854 -0.000108834 0.999999 0.00134874 0.000272106 -0.00134872 0.999999 -0.000212925 -0.0119046 -0.00783877
FixedParameters: 0 0 0

#Transform 43
Transform: AffineTransform_float_3_3
Parameters: 1 1.82514e-05 -5.32563e-05 -1.81967e-05 1 0.000512448 5.3275e-05 -0.000512446 1 0.000572032 -0.0119435 -0.0150251
FixedParameters: 0 0 0

#Transform 44
Transform: AffineTransform_float_3_3
Parameters: 1 0.000147971 -7.08088e-05 -0.000147678 0.999998 0.00224781 7.12529e-05 -0.00224779 0.999998 -0.000558966 0.0137616 -0.000232891
FixedParameters: 0 0 0

#Transform 45
Transform: AffineTransform_float_3_3
Parameters: 1 8.3989e-05 0.000148342 -8.4087e-05 1 0.000330778 -0.000148287 -0.000330803 1 0.00181258 -0.041016 -0.0583946
FixedParameters: 0 0 0

#Transform 46
Transform: AffineTransform_float_3_3
Parameters: 1 5.36385e-06 0.000285055 -5.41487e-06 0.999999 0.00181032 -0.000285214 -0.00181028 0.999999 0.000886516 -0.0192263 -0.0103521
FixedParameters: 0 0 0

#Transform 47
Transform: AffineTransform_float_3_3
Parameters: 1 0.000124564 0.000186707 -0.000125096 0.999999 0.00140217 -0.00018643 -0.00140222 0.999999 0.0081848 -0.0426052 -0.0312314
FixedParameters: 0 0 0

#Transform 48
Transform: AffineTransform_float_3_3
Parameters: 1 0.000100788 0.000529594 -0.000101276 1 0.000460881 -0.000529501 -0.000460988 1 0.0122503 3.71402e-05 -0.0257779
FixedParameters: 0 0 0

#Transform 49
Transform: AffineTransform_float_3_3
Parameters: 1 0.000182927 -0.000146195 -0.000183561 0.999999 0.00138758 0.000145666 -0.00138757 0.999999 0.000147395 -0.0570748 -0.0261098
FixedParameters: 0 0 0

#Transform 50
Transform: AffineTransform_float_3_3
Parameters: 1 0.000307425 -0.000154704 -0.00030745 1 -8.09927e-05 0.000154654 8.10878e-05 1 0.000703854 -0.0179568 -0.0813544
FixedParameters: 0 0 0

#Transform 51
Transform: AffineTransform_float_3_3
Parameters: 1 0.000194738 -0.000152152 -0.000195364 0.999999 0.00125203 0.000152599 -0.00125201 0.999999 0.000567203 -0.0394714 -0.0412982
FixedParameters: 0 0 0

#Transform 52
Transform: AffineTransform_float_3_3
Parameters: 1 0.000101286 -0.000184537 -0.000102025 0.999999 0.000702931 0.000184712 -0.00070293 0.999999 0.00491479 -0.00335793 -0.0652255
FixedParameters: 0 0 0

#Transform 53
Transform: AffineTransform_float_3_3
Parameters: 0.999999 0.000280579 -0.000691784 -0.000280902 1 0.00048814 0.00069209 -0.000487788 0.999999 -0.000263514 -0.07029 -0.041642
FixedParameters: 0 0 0

#Transform 54
Transform: AffineTransform_float_3_3
Parameters: 1 0.000126267 -0.000202122 -0.000126878 0.999999 0.00095912 0.000202397 -0.000959105 0.999999 0.00151855 -0.0269976 -0.0575309
FixedParameters: 0 0 0

#Transform 55
Transform: AffineTransform_float_3_3
Parameters: 1 0.000143083 -0.000285982 -0.000142852 1 0.000404802 0.000286098 -0.00040472 1 0.0105835 -0.0544022 -0.0755291
FixedParameters: 0 0 0

#Transform 56
Transform: AffineTransform_float_3_3
Parameters: 1 4.02787e-05 -0.000284924 -4.06679e-05 1 0.00108499 0.000284971 -0.00108501 1 0.00179028 -0.0360025 -0.0458983
FixedParameters: 0 0 0

#Transform 57
Transform: AffineTransform_float_3_3
Parameters: 1 2.56524e-06 -0.000280446 -2.52727e-06 1 6.77179e-05 0.000280446 -6.77165e-05 1 0.0145994 -0.0370075 -0.084952
FixedParameters: 0 0 0

#Transform 58
Transform: AffineTransform_float_3_3
Parameters: 1 3.45025e-05 -0.000284212 -3.4973e-05 0.999999 0.000929098 0.000284308 -0.000929115 0.999999 0.0146548 -0.00578828 -0.0378189
FixedParameters: 0 0 0

#Transform 59
Transform: AffineTransform_float_3_3
Parameters: 1 2.34468e-05 -0.000172561 -2.426e-05 1 0.000537717 0.000172619 -0.000537745 1 0.0208675 -0.0142924 -0.0652046
FixedParameters: 0 0 0

#Transform 60
Transform: AffineTransform_float_3_3
Parameters: 1 1.34943e-05 -0.000281741 -1.42888e-05 1 0.000362482 0.000281783 -0.000362511 1 0.0172257 -0.0676458 -0.0238789
FixedParameters: 0 0 0

#Transform 61
Transform: AffineTransform_float_3_3
Parameters: 1 -0.000227154 2.54848e-05 0.000227089 1 0.00109322 -2.60548e-05 -0.00109321 1 0.0190988 -0.0277257 -0.0259287
FixedParameters: 0 0 0

#Transform 62
Transform: AffineTransform_float_3_3
Parameters: 1 -0.000402148 0.000283019 0.00040218 1 7.15325e-06 -0.000283023 -7.92284e-06 1 0.0204411 -0.00441182 -0.0357734
FixedParameters: 0 0 0

#Transform 63
Transform: AffineTransform_float_3_3
Parameters: 1 -0.000175611 -5.89353e-06 0.000175646 1 0.00102413 6.45708e-06 -0.00102413 1 0.0179888 -0.00438405 -0.00913502
FixedParameters: 0 0 0

#Transform 64
Transform: AffineTransform_float_3_3
Parameters: 1 -0.00029455 -0.000271685 0.000294704 1 0.000281749 0.000271518 -0.000281909 1 0.0332699 -0.0470422 0.0255097
FixedParameters: 0 0 0

#Transform 65
Transform: AffineTransform_float_3_3
Parameters: 1 -0.000394043 0.000272916 0.000393913 1 0.000237958 -0.000273103 -0.000237743 1 0.0378526 -0.00682673 -0.019232
FixedParameters: 0 0 0

#Transform 66
Transform: AffineTransform_float_3_3
Parameters: 1 -0.000810568 0.000619071 0.000810832 0.999999 -0.000176084 -0.00061871 0.000176091 1 0.0580734 -0.0386656 -0.000766264
FixedParameters: 0 0 0

#Transform 67
Transform: AffineTransform_float_3_3
Parameters: 0.999999 -0.000772308 0.000502072 0.000772386 0.999999 0.000976691 -0.000502687 -0.00097687 1 0.0567402 -0.0186021 0.0291801
FixedParameters: 0 0 0

#Transform 68
Transform: AffineTransform_float_3_3
Parameters: 0.999999 -0.000792822 0.000550207 0.000793404 1 0.000373264 -0.00055083 -0.000372418 1 0.0582769 -0.0495087 -0.0080497
FixedParameters: 0 0 0

#Transform 69
Transform: AffineTransform_float_3_3
Parameters: 1 -0.000852545 0.000776904 0.000851778 0.999999 0.00118025 -0.000777949 -0.00117988 0.999999 0.057485 -0.037404 0.0316386
FixedParameters: 0 0 0

#Transform 70
Transform: AffineTransform_float_3_3
Parameters: 1 -0.000667857 0.000781734 0.000668181 1 -0.000221627 -0.00078236 0.000222666 0.999999 0.0581566 -0.0673294 -0.0282451
FixedParameters: 0 0 0

#Transform 71
Transform: AffineTransform_float_3_3
Parameters: 1 -0.00100469 0.000601468 0.00100435 0.999999 0.00119203 -0.000601899 -0.00119177 0.999999 0.0586925 -0.0401686 0.0329231
FixedParameters: 0 0 0

#Transform 72
Transform: AffineTransform_float_3_3
Parameters: 1 -0.0008568 0.000725617 0.000855998 1 0.000554655 -0.000726492 -0.000553475 0.999999 0.0599875 -0.0923701 -0.0293087
FixedParameters: 0 0 0

#Transform 73
Transform: AffineTransform_float_3_3
Parameters: 0.999999 -0.000877928 0.000896816 0.000877777 1 0.000679503 -0.000897042 -0.000678884 1 0.0573117 -0.016277 0.0370303
FixedParameters: 0 0 0

#Transform 74
Transform: AffineTransform_float_3_3
Parameters: 1 -0.00070584 0.000826957 0.000705021 0.999999 0.000542538 -0.00082665 -0.000542363 0.999999 0.0623575 -0.0568245 -0.0268405
FixedParameters: 0 0 0

#Transform 75
Transform: AffineTransform_float_3_3
Parameters: 1 -0.000684882 0.000866125 0.000684062 0.999999 0.00108935 -0.00086665 -0.00108911 0.999999 0.0583653 -0.0307967 0.0600734
FixedParameters: 0 0 0

#Transform 76
Transform: AffineTransform_float_3_3
Parameters: 0.999999 -0.00111093 0.000973269 0.00111044 0.999999 0.00134314 -0.000974319 -0.00134295 0.999998 0.0754427 0.0333152 0.031523
FixedParameters: 0 0 0

#Transform 77
Transform: AffineTransform_float_3_3
Parameters: 1 -0.000764235 0.000686348 0.000764062 1 0.000877267 -0.000686723 -0.000876176 1 0.0702432 -0.0445316 -0.00390208
FixedParameters: 0 0 0

#Transform 78
Transform: AffineTransform_float_3_3
Parameters: 0.999999 -0.000634221 0.00109585 0.000632361 0.999998 0.00180209 -0.00109628 -0.00180161 0.999998 0.0685034 0.0131132 0.0534822
FixedParameters: 0 0 0

#Transform 79
Transform: AffineTransform_float_3_3
Parameters: 0.999999 -0.000961815 0.000856843 0.000961887 1 0.000581385 -0.000856994 -0.000580691 1 0.0757019 -0.0226618 -0.00297423
FixedParameters: 0 0 0

#Transform 80
Transform: AffineTransform_float_3_3
Parameters: 1 -0.000780707 0.000849831 0.000779973 0.999999 0.00163927 -0.000850532 -0.00163786 0.999999 0.0743965 -0.0291173 0.00416938
FixedParameters: 0 0 0

#Transform 81
Transform: AffineTransform_float_3_3
Parameters: 1 -0.000621711 0.000998493 0.0006202 0.999998 0.00178612 -0.00099985 -0.0017858 0.999998 0.0695424 -0.0120379 0.00931848
FixedParameters: 0 0 0

#Transform 82
Transform: AffineTransform_float_3_3
Parameters: 1 -0.000744373 0.000849027 0.000742774 0.999999 0.00156381 -0.00085046 -0.0015635 0.999999 0.0728421 0.00579543 0.0349568
FixedParameters: 0 0 0

#Transform 83
Transform: AffineTransform_float_3_3
Parameters: 1 -0.000732739 0.000848046 0.000730911 0.999998 0.00172047 -0.000848674 -0.00172018 0.999998 0.0743035 -0.0211297 -0.00332994
FixedParameters: 0 0 0

#Transform 84
Transform: AffineTransform_float_3_3
Parameters: 0.999999 -0.000348667 0.00118256 0.000347547 1 0.000896055 -0.00118322 -0.000895195 0.999999 0.0730319 -0.0241899 -0.0546987
FixedParameters: 0 0 0

#Transform 85
Transform: AffineTransform_float_3_3
Parameters: 1 -0.000811658 0.000851827 0.000810357 0.999998 0.00138924 -0.000853114 -0.00138881 0.999998 0.0732874 0.00824488 0.0325504
FixedParameters: 0 0 0

#Transform 86
Transform: AffineTransform_float_3_3
Parameters: 0.999999 -0.000317022 0.000836947 0.000315879 0.999999 0.00129349 -0.000836874 -0.00129292 0.999999 0.0729202 -0.0514822 -0.0538874
FixedParameters: 0 0 0

#Transform 87
Transform: AffineTransform_float_3_3
Parameters: 0.999999 -0.000466868 0.00134485 0.000452959 0.999943 0.0106571 -0.00135028 -0.0106562 0.999942 0.0540822 0.183279 0.539626
FixedParameters: 0 0 0

#Transform 88
Transform: AffineTransform_float_3_3
Parameters: 1 -0.000717151 0.000788052 0.000713839 0.999992 0.00405717 -0.000790479 -0.00405697 0.999991 0.0655502 0.189355 0.22408
FixedParameters: 0 0 0

#Transform 89
Transform: AffineTransform_float_3_3
Parameters: 1 -0.000763021 0.000641035 0.000761349 0.999996 0.00290735 -0.000642761 -0.00290634 0.999995 0.0668171 0.0127595 0.0596027
FixedParameters: 0 0 0

#Transform 90
Transform: AffineTransform_float_3_3
Parameters: 0.999999 -0.000728028 0.000993316 0.00072495 0.999994 0.00359536 -0.000996117 -0.00359476 0.999993 0.0691705 0.0303076 0.147346
FixedParameters: 0 0 0

#Transform 91
Transform: AffineTransform_float_3_3
Parameters: 1 -0.000747908 0.000843627 0.00074566 0.999994 0.00316204 -0.000845747 -0.00316165 0.999994 0.0728943 -0.0363674 0.0548842
FixedParameters: 0 0 0

#Transform 92
Transform: AffineTransform_float_3_3
Parameters: 0.999999 -0.000858543 0.0011671 0.000854856 0.999996 0.00288769 -0.00117044 -0.00288657 0.999995 0.0765817 -0.00409012 0.126211
FixedParameters: 0 0 0

#Transform 93
Transform: AffineTransform_float_3_3
Parameters: 1 -0.000915408 0.0006878 0.000913605 0.999995 0.00283528 -0.000690278 -0.00283493 0.999996 0.0727265 -0.0174957 0.0281826
FixedParameters: 0 0 0

#Transform 94
Transform: AffineTransform_float_3_3
Parameters: 0.999999 -0.000814553 0.00158386 0.000810157 0.999996 0.00268409 -0.00158657 -0.00268329 0.999995 0.0891636 -0.0723338 0.127908
FixedParameters: 0 0 0

#Transform 95
Transform: AffineTransform_float_3_3
Parameters: 0.999999 -0.000718675 0.00158117 0.000715397 0.999996 0.00265142 -0.00158336 -0.00265089 0.999996 0.0827165 0.0144531 0.137971
FixedParameters: 0 0 0

#Transform 96
Transform: AffineTransform_float_3_3
Parameters: 0.999999 -0.000969262 0.00116444 0.000966171 0.999994 0.00309605 -0.00116786 -0.00309563 0.999994 0.0724163 -0.0278116 0.094344
FixedParameters: 0 0 0

#Transform 97
Transform: AffineTransform_float_3_3
Parameters: 0.999999 -0.000984392 0.00141775 0.000981515 0.999996 0.00246559 -0.00141987 -0.00246357 0.999996 0.0894272 0.00835871 0.142895
FixedParameters: 0 0 0

#Transform 98
Transform: AffineTransform_float_3_3
Parameters: 0.999999 -0.000968407 0.00116431 0.000965223 0.999994 0.00312103 -0.00116778 -0.00311961 0.999994 0.0895358 0.00612713 0.0807277
FixedParameters: 0 0 0

#Transform 99
Transform: AffineTransform_float_3_3
Parameters: 0.999998 -0.00105264 0.00152058 0.00104879 0.999997 0.0022896 -0.00152363 -0.00228821 0.999997 0.0910812 -0.0119121 0.111824
FixedParameters: 0 0 0

#Transform 100
Transform: AffineTransform_float_3_3
Parameters: 0.999998 -0.000978489 0.00124615 0.000974675 0.999995 0.00277258 -0.00124889 -0.00277102 0.999995 0.0904023 -0.0120864 0.115532
FixedParameters: 0 0 0

#Transform 101
Transform: AffineTransform_float_3_3
Parameters: 0.999999 -0.0010786 0.00135302 0.00107533 0.999996 0.00234773 -0.00135632 -0.00234562 0.999997 0.0912551 -0.0373081 0.11565
FixedParameters: 0 0 0

#Transform 102
Transform: AffineTransform_float_3_3
Parameters: 0.999998 -0.00120183 0.00117558 0.00119897 0.999997 0.00212724 -0.00117791 -0.00212632 0.999997 0.092119 -0.0294259 0.11347
FixedParameters: 0 0 0

#Transform 103
Transform: AffineTransform_float_3_3
Parameters: 0.999998 -0.00108719 0.00164969 0.00108331 0.999995 0.00273398 -0.001653 -0.00273212 0.999995 0.0894074 -0.0380579 0.0893035
FixedParameters: 0 0 0

#Transform 104
Transform: AffineTransform_float_3_3
Parameters: 0.999998 -0.000929632 0.0016186 0.000925101 0.999996 0.00237346 -0.00162025 -0.00237226 0.999996 0.0904181 -0.00805983 0.105692
FixedParameters: 0 0 0

#Transform 105
Transform: AffineTransform_float_3_3
Parameters: 0.999999 -0.00139522 0.00117798 0.00139163 0.999995 0.0028491 -0.00118224 -0.00284667 0.999996 0.0944881 -0.00695004 0.0899409
FixedParameters: 0 0 0

#Transform 106
Transform: AffineTransform_float_3_3
Parameters: 0.999997 -0.0012482 0.00172137 0.00124365 0.999996 0.00253637 -0.00172497 -0.0025349 0.999995 0.107506 -0.00673242 0.10701
FixedParameters: 0 0 0

#Transform 107
Transform: AffineTransform_float_3_3
Parameters: 0.999998 -0.00153466 0.00132284 0.0015296 0.999994 0.00311537 -0.00132771 -0.00311323 0.999994 0.112305 -0.0055974 0.112169
FixedParameters: 0 0 0

#Transform 108
Transform: AffineTransform_float_3_3
Parameters: 0.999998 -0.000941168 0.00165567 0.000937229 0.999997 0.00244114 -0.00165754 -0.00243986 0.999995 0.112917 -0.0241634 0.104454
FixedParameters: 0 0 0

#Transform 109
Transform: AffineTransform_float_3_3
Parameters: 0.999999 -0.00122423 0.00117479 0.0012216 0.999996 0.00245333 -0.00117804 -0.00245232 0.999997 0.0965083 -0.0260104 0.110705
FixedParameters: 0 0 0

#Transform 110
Transform: AffineTransform_float_3_3
Parameters: 0.999997 -0.00128339 0.00163129 0.00127888 0.999994 0.00297657 -0.00163438 -0.00297411 0.999995 0.107674 0.0223597 0.122836
FixedParameters: 0 0 0

#Transform 111
Transform: AffineTransform_float_3_3
Parameters: 0.999999 -0.000689107 0.00157483 0.000684679 0.999995 0.00301248 -0.00157743 -0.00301105 0.999995 0.107034 0.0011663 0.0796294
FixedParameters: 0 0 0

#Transform 112
Transform: AffineTransform_float_3_3
Parameters: 0.999999 -0.00127742 0.00130987 0.00127328 0.999996 0.00278732 -0.00131331 -0.00278584 0.999996 0.108469 0.0340614 0.15881
FixedParameters: 0 0 0

#Transform 113
Transform: AffineTransform_float_3_3
Parameters: 0.999999 -0.00120995 0.00117254 0.00120638 0.999995 0.00285504 -0.00117576 -0.00285307 0.999996 0.109693 0.0149797 0.112204
FixedParameters: 0 0 0

#Transform 114
Transform: AffineTransform_float_3_3
Parameters: 0.999998 -0.00127792 0.00132806 0.00127376 0.999996 0.00275839 -0.00133135 -0.00275692 0.999995 0.107996 0.0428953 0.170903
FixedParameters: 0 0 0

#Transform 115
Transform: AffineTransform_float_3_3
Parameters: 0.999999 -0.00115431 0.00136879 0.00115107 0.999995 0.00268292 -0.00137226 -0.00268059 0.999995 0.108591 0.0138618 0.129857
FixedParameters: 0 0 0

#Transform 116
Transform: AffineTransform_float_3_3
Parameters: 0.999998 -0.000694292 0.00172306 0.000689734 0.999997 0.00251507 -0.00172489 -0.00251446 0.999996 0.104528 0.0127462 0.148099
FixedParameters: 0 0 0

#Transform 117
Transform: AffineTransform_float_3_3
Parameters: 0.999998 -0.00118063 0.0014663 0.00117644 0.999994 0.00318582 -0.00147027 -0.00318415 0.999994 0.108604 0.0530669 0.1321
FixedParameters: 0 0 0

#Transform 118
Transform: AffineTransform_float_3_3
Parameters: 0.999999 -0.000870929 0.00116225 0.000867189 0.999996 0.00293717 -0.00116475 -0.00293602 0.999995 0.106231 0.0453869 0.131508
FixedParameters: 0 0 0

#Transform 119
Transform: AffineTransform_float_3_3
Parameters: 0.999999 -0.00105671 0.00142194 0.00105193 0.999994 0.0031308 -0.00142597 -0.00312957 0.999994 0.108319 0.0520798 0.115559
FixedParameters: 0 0 0

#Transform 120
Transform: AffineTransform_float_3_3
Parameters: 0.999999 -0.00108598 0.00130812 0.00108157 0.999994 0.00327237 -0.00131164 -0.00327135 0.999994 0.103219 0.0197122 0.0665055
FixedParameters: 0 0 0

#Transform 121
Transform: AffineTransform_float_3_3
Parameters: 0.999999 -0.000854538 0.0016261 0.000849218 0.999996 0.00290599 -0.00162848 -0.00290498 0.999995 0.105422 0.0220388 0.15847
FixedParameters: 0 0 0

#Transform 122
Transform: AffineTransform_float_3_3
Parameters: 0.999998 -0.000878152 0.00162568 0.000872924 0.999994 0.00317409 -0.0016287 -0.00317198 0.999993 0.106098 0.0656091 0.139435
FixedParameters: 0 0 0

#Transform 123
Transform: AffineTransform_float_3_3
Parameters: 0.999999 -0.000845973 0.00162867 0.000841761 0.999997 0.00224021 -0.0016307 -0.00223827 0.999996 0.108007 -0.0155215 0.084723
FixedParameters: 0 0 0

#Transform 124
Transform: AffineTransform_float_3_3
Parameters: 0.999998 -0.000924566 0.00205249 0.000918882 0.999996 0.00263881 -0.00205474 -0.00263669 0.999995 0.108448 -0.0619353 0.101175
FixedParameters: 0 0 0

#Transform 125
Transform: AffineTransform_float_3_3
Parameters: 0.999998 -0.000961537 0.0016295 0.000957379 0.999996 0.00285008 -0.00163235 -0.00284875 0.999994 0.113062 0.043125 0.126857
FixedParameters: 0 0 0

#Transform 126
Transform: AffineTransform_float_3_3
Parameters: 0.999998 -0.00102154 0.00174205 0.00101789 0.999997 0.00221958 -0.00174485 -0.0022168 0.999996 0.096832 -0.0218262 0.0489801
FixedParameters: 0 0 0

#Transform 127
Transform: AffineTransform_float_3_3
Parameters: 0.999998 -0.0012489 0.00161057 0.00124326 0.999994 0.00334633 -0.00161544 -0.0033441 0.999993 0.0993275 -0.012045 0.0176959
FixedParameters: 0 0 0

#Transform 128
Transform: AffineTransform_float_3_3
Parameters: 0.999998 -0.000910216 0.0018043 0.000904425 0.999995 0.00302616 -0.00180725 -0.00302462 0.999994 0.10269 -0.0207058 0.0916937
FixedParameters: 0 0 0

#Transform 129
Transform: AffineTransform_float_3_3
Parameters: 0.999998 -0.000780617 0.00177221 0.000776982 0.999998 0.00189922 -0.00177334 -0.00189727 0.999996 0.109541 0.029154 0.0163039
FixedParameters: 0 0 0

#Transform 130
Transform: AffineTransform_float_3_3
Parameters: 0.999999 -0.000783751 0.00160401 0.000780584 0.999998 0.00195251 -0.00160623 -0.00195182 0.999997 0.108417 -0.043841 0.0596912
FixedParameters: 0 0 0

#Transform 131
Transform: AffineTransform_float_3_3
Parameters: 0.999998 -0.000796833 0.00182526 0.000792713 0.999997 0.00224737 -0.00182711 -0.00224524 0.999996 0.108626 -0.0177803 0.0546922
FixedParameters: 0 0 0

#Transform 132
Transform: AffineTransform_float_3_3
Parameters: 0.999997 -0.001053 0.00183619 0.00105063 0.999999 0.00149882 -0.00183851 -0.00149777 0.999998 0.109442 0.0249682 0.0717786
FixedParameters: 0 0 0

#Transform 133
Transform: AffineTransform_float_3_3
Parameters: 0.999998 -0.0011022 0.00171768 0.00109813 0.999996 0.00239367 -0.00172023 -0.00239165 0.999995 0.105715 0.0451631 0.0809296
FixedParameters: 0 0 0

#Transform 134
Transform: AffineTransform_float_3_3
Parameters: 0.999999 -0.000828019 0.00150486 0.000826364 0.999999 0.00157943 -0.00150557 -0.00157782 0.999997 0.10648 0.0195987 -0.00492184
FixedParameters: 0 0 0

#Transform 135
Transform: AffineTransform_float_3_3
Parameters: 0.999998 -0.00100923 0.00158301 0.00100563 0.999997 0.00213414 -0.00158448 -0.00213282 0.999996 0.109288 0.00395043 0.0786671
FixedParameters: 0 0 0

#Transform 136
Transform: AffineTransform_float_3_3
Parameters: 0.999999 -0.00104691 0.00133091 0.00104368 0.999996 0.00238442 -0.00133314 -0.00238245 0.999997 0.111454 0.0172166 0.023611
FixedParameters: 0 0 0

#Transform 137
Transform: AffineTransform_float_3_3
Parameters: 0.999998 -0.000848762 0.0013302 0.00084778 0.999999 0.00114601 -0.0013312 -0.00114467 0.999998 0.109534 -0.0714649 0.0367108
FixedParameters: 0 0 0

#Transform 138
Transform: AffineTransform_float_3_3
Parameters: 0.999998 -0.000822148 0.00132623 0.000820203 0.999998 0.00189652 -0.00132759 -0.00189516 0.999998 0.109422 -0.015955 0.0314263
FixedParameters: 0 0 0

#Transform 139
Transform: AffineTransform_float_3_3
Parameters: 0.999998 -0.00113106 0.00191793 0.00113002 1 0.000314437 -0.00191756 -0.000313023 0.999998 0.113164 -0.04796 -0.00964767
FixedParameters: 0 0 0

#Transform 140
Transform: AffineTransform_float_3_3
Parameters: 0.999997 -0.00124749 0.0017425 0.00124624 0.999998 0.00097644 -0.001743 -0.00097394 0.999998 0.123937 -0.0260585 0.0794217
FixedParameters: 0 0 0

#Transform 141
Transform: AffineTransform_float_3_3
Parameters: 0.999997 -0.00140921 0.00199039 0.00140811 0.999998 0.00082701 -0.00199071 -0.000824245 0.999998 0.115257 -0.070542 -0.00313054
FixedParameters: 0 0 0

#Transform 142
Transform: AffineTransform_float_3_3
Parameters: 0.999997 -0.00174829 0.00182023 0.00174553 0.999998 0.00135738 -0.00182296 -0.00135399 0.999997 0.117773 -0.0694489 -0.000253922
FixedParameters: 0 0 0

#Transform 143
Transform: AffineTransform_float_3_3
Parameters: 0.999996 -0.00139127 0.00217994 0.00138893 0.999999 0.00102953 -0.00218186 -0.00102632 0.999997 0.123513 -0.0376029 -0.0244954
FixedParameters: 0 0 0

#Transform 144
Transform: AffineTransform_float_3_3
Parameters: 0.999996 -0.00150444 0.00208112 0.0015031 0.999998 0.00108743 -0.00208249 -0.00108398 0.999998 0.14099 -0.0188211 0.0236634
FixedParameters: 0 0 0

#Transform 145
Transform: AffineTransform_float_3_3
Parameters: 0.999996 -0.00147165 0.00207292 0.00146842 0.999997 0.00154639 -0.00207556 -0.0015431 0.999996 0.137428 -0.0355024 -0.00867743
FixedParameters: 0 0 0

#Transform 146
Transform: AffineTransform_float_3_3
Parameters: 0.999997 -0.00143612 0.00206849 0.00143421 0.999999 0.000990575 -0.00206932 -0.000987544 0.999997 0.137198 -0.0726058 0.0398084
FixedParameters: 0 0 0

#Transform 147
Transform: AffineTransform_float_3_3
Parameters: 0.999995 -0.00172374 0.00276563 0.00172031 0.999997 0.00122724 -0.0027668 -0.00122344 0.999995 0.144613 0.0157124 -0.0260574
FixedParameters: 0 0 0

#Transform 148
Transform: AffineTransform_float_3_3
Parameters: 0.999997 -0.00107447 0.0024322 0.00107264 0.999999 0.000815465 -0.00243393 -0.000813031 0.999997 0.139782 -0.0913476 -0.0179163
FixedParameters: 0 0 0

#Transform 149
Transform: AffineTransform_float_3_3
Parameters: 0.999996 -0.0013559 0.0024364 0.00135138 0.999998 0.00179415 -0.00243938 -0.00179132 0.999995 0.141558 -0.0212768 -0.0128878
FixedParameters: 0 0 0

#Transform 150
Transform: AffineTransform_float_3_3
Parameters: 0.999997 -0.00120342 0.00243662 0.001201 0.999999 0.000730455 -0.00243832 -0.000727421 0.999997 0.143199 -0.0136719 -0.0211315
FixedParameters: 0 0 0

#Transform 151
Transform: AffineTransform_float_3_3
Parameters: 0.999995 -0.00144767 0.00255852 0.00144408 0.999998 0.00172649 -0.00256075 -0.00172275 0.999996 0.140801 -0.0721785 0.0352349
FixedParameters: 0 0 0

#Transform 152
Transform: AffineTransform_float_3_3
Parameters: 0.999996 -0.00117969 0.00233301 0.00117764 0.999999 0.000902092 -0.0023342 -0.000899376 0.999997 0.140509 -0.0143322 -0.0312451
FixedParameters: 0 0 0

#Transform 153
Transform: AffineTransform_float_3_3
Parameters: 0.999997 -0.00130137 0.00235501 0.00130151 0.999999 -6.43628e-07 -0.00235493 3.9102e-06 0.999998 0.149274 -0.0809165 -0.039764
FixedParameters: 0 0 0

#Transform 154
Transform: AffineTransform_float_3_3
Parameters: 0.999997 -0.00148195 0.00203889 0.00148022 0.999998 0.00119538 -0.00204152 -0.00119215 0.999998 0.141839 0.0194922 -0.00932212
FixedParameters: 0 0 0

#Transform 155
Transform: AffineTransform_float_3_3
Parameters: 0.999996 -0.00149113 0.00235298 0.00149028 0.999998 0.000650239 -0.0023539 -0.000647004 0.999997 0.142512 -0.0849966 -0.0110103
FixedParameters: 0 0 0

#Transform 156
Transform: AffineTransform_float_3_3
Parameters: 0.999996 -0.00149054 0.00212578 0.001489 0.999998 0.000871982 -0.00212736 -0.000868494 0.999997 0.142885 -0.0577885 -0.0265311
FixedParameters: 0 0 0

#Transform 157
Transform: AffineTransform_float_3_3
Parameters: 0.999996 -0.00136006 0.00226823 0.00135957 0.999999 -8.29684e-05 -0.00226789 8.61729e-05 0.999997 0.141665 -0.11292 -0.0154329
FixedParameters: 0 0 0

#Transform 158
Transform: AffineTransform_float_3_3
Parameters: 0.999997 -0.00148237 0.00216259 0.00148092 0.999999 0.00107304 -0.00216478 -0.00107044 0.999997 0.141082 -0.0338117 0.0232586
FixedParameters: 0 0 0

#Transform 159
Transform: AffineTransform_float_3_3
Parameters: 0.999997 -0.00150629 0.00204305 0.00150543 0.999998 0.00049384 -0.00204448 -0.000491573 0.999998 0.142318 -0.0110027 -0.0182204
FixedParameters: 0 0 0

#Transform 160
Transform: AffineTransform_float_3_3
Parameters: 0.999995 -0.00146056 0.0025296 0.00145781 0.999998 0.00137758 -0.00253174 -0.0013739 0.999996 0.139111 -0.0332845 -0.010497
FixedParameters: 0 0 0

#Transform 161
Transform: AffineTransform_float_3_3
Parameters: 0.999995 -0.00143766 0.00251263 0.0014326 0.999997 0.00205703 -0.00251477 -0.00205347 0.999995 0.157277 0.0327365 0.0519778
FixedParameters: 0 0 0

#Transform 162
Transform: AffineTransform_float_3_3
Parameters: 0.999996 -0.00156857 0.00242985 0.00156701 0.999999 0.000773767 -0.00243126 -0.000769992 0.999997 0.150019 -0.0563737 0.0199948
FixedParameters: 0 0 0

#Transform 163
Transform: AffineTransform_float_3_3
Parameters: 0.999996 -0.00149021 0.00233373 0.00148914 0.999998 0.000695115 -0.00233478 -0.000690944 0.999997 0.142637 -0.0110663 0.063268
FixedParameters: 0 0 0

#Transform 164
Transform: AffineTransform_float_3_3
Parameters: 0.999996 -0.001482 0.00237956 0.00148 0.999999 0.000890151 -0.00238018 -0.000886942 0.999997 0.138622 0.0332432 0.0649596
FixedParameters: 0 0 0

#Transform 165
Transform: AffineTransform_float_3_3
Parameters: 0.999996 -0.00147358 0.00243138 0.00147153 0.999999 0.00108728 -0.0024326 -0.00108392 0.999996 0.150015 -0.00393911 0.0454335
FixedParameters: 0 0 0

#Transform 166
Transform: AffineTransform_float_3_3
Parameters: 0.999996 -0.00148391 0.00243012 0.00148227 0.999998 0.000789491 -0.00243145 -0.000786063 0.999997 0.167234 0.00455198 0.0441455
FixedParameters: 0 0 0

#Transform 167
Transform: AffineTransform_float_3_3
Parameters: 0.999996 -0.00147985 0.00247163 0.00147775 0.999999 0.000869591 -0.00247319 -0.000866125 0.999996 0.162949 0.0351811 0.0652693
FixedParameters: 0 0 0

#Transform 168
Transform: AffineTransform_float_3_3
Parameters: 0.999997 -0.00111219 0.00242185 0.0011111 1 0.000254476 -0.00242234 -0.000251954 0.999997 0.146547 -0.0255382 -0.0239591
FixedParameters: 0 0 0

#Transform 169
Transform: AffineTransform_float_3_3
Parameters: 0.999996 -0.00146999 0.00234536 0.00146727 0.999998 0.00126774 -0.0023471 -0.00126466 0.999996 0.150469 -0.0121697 0.0485552
FixedParameters: 0 0 0

#Transform 170
Transform: AffineTransform_float_3_3
Parameters: 0.999997 -0.00131684 0.00230413 0.0013137 0.999999 0.00115942 -0.00230516 -0.0011562 0.999997 0.145761 0.031046 0.038785
FixedParameters: 0 0 0

#Transform 171
Transform: AffineTransform_float_3_3
Parameters: 0.999997 -0.000909168 0.00227351 0.000907231 1 0.000673022 -0.00227377 -0.000670716 0.999997 0.131563 -0.0450379 -0.0333113
FixedParameters: 0 0 0

#Transform 172
Transform: AffineTransform_float_3_3
Parameters: 0.999996 -0.00116863 0.00274562 0.00116556 0.999999 0.000967017 -0.00274586 -0.00096432 0.999996 0.133271 0.00194206 -0.019062
FixedParameters: 0 0 0

#Transform 173
Transform: AffineTransform_float_3_3
Parameters: 0.999996 -0.000927733 0.00269625 0.000928248 1 -0.000255596 -0.00269573 0.000257763 0.999997 0.144559 -0.0763005 -0.0603832
FixedParameters: 0 0 0

#Transform 174
Transform: AffineTransform_float_3_3
Parameters: 0.999995 -0.00139047 0.00263564 0.00138907 0.999999 0.00029264 -0.00263637 -0.000288176 0.999996 0.151289 -0.0328152 0.000815759
FixedParameters: 0 0 0

#Transform 175
Transform: AffineTransform_float_3_3
Parameters: 0.999996 -0.00139127 0.00252826 0.00139059 0.999999 0.000367136 -0.00252923 -0.000363925 0.999997 0.15004 0.0152728 -0.0534094
FixedParameters: 0 0 0

#Transform 176
Transform: AffineTransform_float_3_3
Parameters: 0.999995 -0.00138623 0.00289318 0.0013854 0.999999 0.00017693 -0.00289358 -0.000172707 0.999996 0.148899 -0.047952 -0.0280962
FixedParameters: 0 0 0

#Transform 177
Transform: AffineTransform_float_3_3
Parameters: 0.999995 -0.00138923 0.00278516 0.0013884 0.999999 0.000189432 -0.00278461 -0.000185488 0.999996 0.152193 0.00647083 -0.027818
FixedParameters: 0 0 0

#Transform 178
Transform: AffineTransform_float_3_3
Parameters: 0.999996 -0.00137824 0.00265568 0.00137611 0.999999 0.000629546 -0.00265637 -0.000625985 0.999997 0.152666 -0.0393904 -0.0319281
FixedParameters: 0 0 0

#Transform 179
Transform: AffineTransform_float_3_3
Parameters: 0.999995 -0.00137714 0.00257912 0.00137454 0.999998 0.000732088 -0.00258009 -0.00072781 0.999996 0.151969 0.0170975 -0.0241533
FixedParameters: 0 0 0

#Transform 180
Transform: AffineTransform_float_3_3
Parameters: 0.999995 -0.00141162 0.00278296 0.00141239 0.999999 -0.000463153 -0.0027815 0.000467141 0.999996 0.157316 -0.0322358 -0.0665843
FixedParameters: 0 0 0

#Transform 181
Transform: AffineTransform_float_3_3
Parameters: 0.999995 -0.00134718 0.00261627 0.00134319 0.999998 0.00156973 -0.00261861 -0.00156639 0.999995 0.150222 -0.0409961 0.0337008
FixedParameters: 0 0 0

#Transform 182
Transform: AffineTransform_float_3_3
Parameters: 0.999997 -0.00108781 0.00248039 0.00108432 0.999998 0.00154676 -0.00248188 -0.00154408 0.999996 0.145247 -0.00146706 0.0299437
FixedParameters: 0 0 0

#Transform 183
Transform: AffineTransform_float_3_3
Parameters: 0.999995 -0.0013068 0.00266374 0.00130616 0.999999 0.000340606 -0.00266465 -0.000337404 0.999997 0.153601 -0.03151 -0.0850752
FixedParameters: 0 0 0

#Transform 184
Transform: AffineTransform_float_3_3
Parameters: 0.999996 -0.00129691 0.002751 0.00129547 0.999999 0.000665942 -0.00275171 -0.000662527 0.999996 0.149321 -0.0303721 -0.051362
FixedParameters: 0 0 0

#Transform 185
Transform: AffineTransform_float_3_3
Parameters: 0.999995 -0.00129659 0.00261092 0.00129433 0.999999 0.000658088 -0.00261165 -0.000654079 0.999997 0.151693 0.0216967 -0.0368179
FixedParameters: 0 0 0

#Transform 186
Transform: AffineTransform_float_3_3
Parameters: 0.999996 -0.00137208 0.0025036 0.00137248 0.999999 0.00016212 -0.00250299 -0.000159068 0.999997 0.154079 -0.0212725 -0.085793
FixedParameters: 0 0 0

#Transform 187
Transform: AffineTransform_float_3_3
Parameters: 0.999997 -0.000936702 0.00255837 0.00093516 1 0.000718677 -0.00255969 -0.000716677 0.999996 0.133486 -0.0207331 -0.0202185
FixedParameters: 0 0 0

#Transform 188
Transform: AffineTransform_float_3_3
Parameters: 0.999997 -0.00136359 0.00227107 0.00136298 0.999999 0.000619761 -0.00227175 -0.000617349 0.999998 0.132468 0.0418881 -0.0276991
FixedParameters: 0 0 0

#Transform 189
Transform: AffineTransform_float_3_3
Parameters: 0.999996 -0.00126316 0.0025564 0.00126155 0.999999 0.000544364 -0.00255672 -0.000540731 0.999996 0.133581 -0.0333302 -0.0684195
FixedParameters: 0 0 0

#Transform 190
Transform: AffineTransform_float_3_3
