#Insight Transform File V1.0
#Transform 0
Transform: AffineTransform_float_3_3
Parameters: 0.999996 0.000563098 -0.00274244 -0.000572259 0.999994 -0.00351615 0.00274056 0.00351801 0.99999 0.0390952 0.0887935 -0.0417803
FixedParameters: 0 0 0

#Transform 1
Transform: AffineTransform_float_3_3
Parameters: 0.999996 0.000231227 -0.00296198 -0.000245106 0.999989 -0.00467723 0.00296129 0.0046777 0.999984 0.0455621 0.0586002 -0.252978
FixedParameters: 0 0 0

#Transform 2
Transform: AffineTransform_float_3_3
Parameters: 0.999997 0.000157248 -0.00247703 -0.000170368 0.999985 -0.00537764 0.00247564 0.0053783 0.999983 0.0744711 0.163251 -0.207228
FixedParameters: 0 0 0

#Transform 3
Transform: AffineTransform_float_3_3
Parameters: 0.999997 0.000274838 -0.00225327 -0.000285908 0.99999 -0.00467706 0.00225162 0.00467772 0.999987 0.0768492 0.0802331 -0.242565
FixedParameters: 0 0 0

#Transform 4
Transform: AffineTransform_float_3_3
Parameters: 0.999997 -0.000215442 -0.00261799 0.000206339 0.999995 -0.00319689 0.00261897 0.00319594 0.999991 0.103834 0.083966 -0.0948735
FixedParameters: 0 0 0

#Transform 5
Transform: AffineTransform_float_3_3
Parameters: 0.999998 1.76081e-05 -0.00194105 -2.75612e-05 0.999988 -0.0049575 0.00194132 0.00495756 0.999986 0.0970067 0.200894 -0.173958
FixedParameters: 0 0 0

#Transform 6
Transform: AffineTransform_float_3_3
Parameters: 0.999998 0.000357336 -0.00171323 -0.000363975 0.999994 -0.00346125 0.00171212 0.0034615 0.999993 0.075463 0.105529 -0.108844
FixedParameters: 0 0 0

#Transform 7
Transform: AffineTransform_float_3_3
Parameters: 0.999998 0.000297276 -0.00214282 -0.000308536 0.999985 -0.00542573 0.0021416 0.00542647 0.999983 0.0900464 0.142284 -0.19928
FixedParameters: 0 0 0

#Transform 8
Transform: AffineTransform_float_3_3
Parameters: 0.999996 0.00092678 -0.00266416 -0.000935404 0.999995 -0.00324981 0.00266114 0.00325257 0.999991 0.076771 0.0397832 -0.170327
FixedParameters: 0 0 0

#Transform 9
Transform: AffineTransform_float_3_3
Parameters: 0.999998 0.000311164 -0.0020251 -0.000320546 0.999989 -0.00448472 0.00202323 0.00448531 0.999988 0.0426318 0.156029 -0.135894
FixedParameters: 0 0 0

#Transform 10
Transform: AffineTransform_float_3_3
Parameters: 0.999997 0.000163079 -0.0024181 -0.000173325 0.999991 -0.00416243 0.00241725 0.00416269 0.999988 0.0933345 0.0476144 -0.251189
FixedParameters: 0 0 0

#Transform 11
Transform: AffineTransform_float_3_3
Parameters: 0.999997 0.000148944 -0.0025209 -0.000161407 0.999988 -0.00486721 0.00252012 0.00486837 0.999985 0.0711645 0.0701043 -0.19518
FixedParameters: 0 0 0

#Transform 12
Transform: AffineTransform_float_3_3
Parameters: 0.999996 -0.00030298 -0.00249416 0.000294128 0.999993 -0.00359239 0.00249501 0.003592 0.99999 0.10845 0.131056 -0.152977
FixedParameters: 0 0 0

#Transform 13
Transform: AffineTransform_float_3_3
Parameters: 0.999997 0.000450647 -0.00214664 -0.000455388 0.999996 -0.0024908 0.00214566 0.00249124 0.999995 0.0834387 -0.00952986 -0.165139
FixedParameters: 0 0 0

#Transform 14
Transform: AffineTransform_float_3_3
Parameters: 0.999998 0.000683196 -0.00184273 -0.000689141 0.999994 -0.00320374 0.00184039 0.00320531 0.999993 0.0937884 0.0666215 -0.152682
FixedParameters: 0 0 0

#Transform 15
Transform: AffineTransform_float_3_3
Parameters: 0.999999 0.00114115 -0.000874774 -0.00114046 0.999999 0.000860548 0.000876395 -0.00085938 0.999999 -0.0311318 0.000863653 -0.0579333
FixedParameters: 0 0 0

#Transform 16
Transform: AffineTransform_float_3_3
Parameters: 1 0.000803449 -0.00089147 -0.000803784 0.999999 -0.000145008 0.000891209 0.000145811 1 -0.0121995 -0.0594551 -0.0334241
FixedParameters: 0 0 0

#Transform 17
Transform: AffineTransform_float_3_3
Parameters: 0.999999 -0.000107905 -0.00132866 0.000107311 0.999999 -0.000624258 0.00132819 0.000624269 0.999999 0.0451011 0.0473292 -0.0972902
FixedParameters: 0 0 0

#Transform 18
Transform: AffineTransform_float_3_3
Parameters: 1 0.000201535 -0.000499177 -0.000200701 0.999998 0.00162125 0.000499327 -0.00162109 0.999998 0.0162171 -0.0695383 0.00700532
FixedParameters: 0 0 0

#Transform 19
Transform: AffineTransform_float_3_3
Parameters: 1 0.00020124 -0.000358074 -0.000201797 0.999998 -0.00225046 0.000357928 0.0022506 0.999998 0.0252275 0.0961427 -0.0678152
FixedParameters: 0 0 0

#Transform 20
Transform: AffineTransform_float_3_3
Parameters: 1 0.000188105 -0.00050708 -0.000188039 1 6.4194e-05 0.000507104 -6.40034e-05 1 0.0210935 -0.000944719 -0.00770945
FixedParameters: 0 0 0

#Transform 21
Transform: AffineTransform_float_3_3
Parameters: 1 -0.000316403 -0.000293892 0.000315701 0.999999 -0.00144289 0.000294639 0.00144272 0.999999 0.00586897 0.0817194 -0.091163
FixedParameters: 0 0 0

#Transform 22
Transform: AffineTransform_float_3_3
Parameters: 1 0.000400252 -0.000281011 -0.000400895 1 0.000511479 0.000281085 -0.00051131 1 -0.0092096 -0.0335682 -0.0237923
FixedParameters: 0 0 0

#Transform 23
Transform: AffineTransform_float_3_3
Parameters: 1 0.000231057 -0.000211153 -0.000231873 0.999999 -0.00152735 0.000211204 0.00152736 0.999999 0.00128119 0.0925714 -0.0546538
FixedParameters: 0 0 0

#Transform 24
Transform: AffineTransform_float_3_3
Parameters: 0.999999 0.000754881 -0.000146187 -0.00075429 0.999999 0.00112791 0.000147717 -0.00112846 0.999999 -0.0338076 0.00607465 0.0774379
FixedParameters: 0 0 0

#Transform 25
Transform: AffineTransform_float_3_3
Parameters: 1 0.000528418 -0.000426087 -0.00052893 0.999999 -0.00179879 0.000425107 0.00179845 0.999998 -0.00578339 0.115775 -0.0306924
FixedParameters: 0 0 0

#Transform 26
Transform: AffineTransform_float_3_3
Parameters: 0.999999 0.00104446 -0.00109075 -0.00104372 0.999999 0.000746703 0.00109194 -0.000745884 0.999999 0.0378728 -0.0149771 0.0480064
FixedParameters: 0 0 0

#Transform 27
Transform: AffineTransform_float_3_3
Parameters: 1 0.000312228 0.000353656 -0.000311598 0.999999 -0.00129161 -0.000353701 0.00129208 1 0.0276209 0.144753 -0.0726688
FixedParameters: 0 0 0

#Transform 28
Transform: AffineTransform_float_3_3
Parameters: 0.999999 0.000730549 -0.000188724 -0.000730254 0.999999 0.000774762 0.000189855 -0.000774488 0.999999 0.0077437 -0.0936269 -0.0179555
FixedParameters: 0 0 0

#Transform 29
Transform: AffineTransform_float_3_3
Parameters: 0.999999 0.00123334 0.000600592 -0.00123449 0.999998 0.00161579 -0.000598621 -0.00161707 0.999999 -0.0323495 0.104972 0.289095
FixedParameters: 0 0 0

#Transform 30
Transform: AffineTransform_float_3_3
Parameters: 1 0.000395492 -0.000391551 -0.000395586 1 -0.00109191 0.00039178 0.00109219 1 0.0254826 0.0521938 -0.0513537
FixedParameters: 0 0 0

#Transform 31
Transform: AffineTransform_float_3_3
Parameters: 1 0.000168645 -0.000363445 -0.000167514 0.999999 0.0013523 0.000363733 -0.00135217 0.999999 0.0316326 0.0485157 0.0729937
FixedParameters: 0 0 0

#Transform 32
Transform: AffineTransform_float_3_3
Parameters: 1 -5.03742e-05 0.000184016 5.03906e-05 1 -4.56471e-05 -0.000184012 4.56657e-05 1 0.0128892 0.0814918 0.0971305
FixedParameters: 0 0 0

#Transform 33
Transform: AffineTransform_float_3_3
Parameters: 1 -0.000143559 0.000274649 0.000143353 1 0.000374109 -0.000274756 -0.000374032 1 0.0265718 0.000461942 0.0263326
FixedParameters: 0 0 0

#Transform 34
Transform: AffineTransform_float_3_3
Parameters: 1 -0.000517887 0.000996913 0.000517766 1 2.00766e-05 -0.000996962 -1.96745e-05 1 0.031796 0.0863118 0.0481273
FixedParameters: 0 0 0

#Transform 35
Transform: AffineTransform_float_3_3
Parameters: 1 -0.000327845 0.000392862 0.000327051 1 -0.000178606 -0.000393081 0.000178809 1 0.0512225 0.0347408 -0.0183855
FixedParameters: 0 0 0

#Transform 36
Transform: AffineTransform_float_3_3
Parameters: 0.999999 -2.89418e-05 0.00076436 2.85135e-05 1 0.00098517 -0.000764248 -0.000985063 0.999999 0.0330501 0.0142123 0.0391711
FixedParameters: 0 0 0

#Transform 37
Transform: AffineTransform_float_3_3
Parameters: 0.999999 -0.000433034 0.000527622 0.000432846 0.999999 -0.000706908 -0.000527345 0.000707313 0.999999 0.0506085 0.11226 -0.00513861
FixedParameters: 0 0 0

#Transform 38
Transform: AffineTransform_float_3_3
Parameters: 1 0.000150655 -0.000136522 -0.000150473 0.999997 0.00246993 0.00013643 -0.00246991 0.999997 0.0605932 -0.0320978 0.0709846
FixedParameters: 0 0 0

#Transform 39
Transform: AffineTransform_float_3_3
Parameters: 1 -0.00072979 0.00067132 0.000730257 1 0.000369203 -0.000671555 -0.000369574 1 0.0468117 0.0567414 0.0135702
FixedParameters: 0 0 0

#Transform 40
Transform: AffineTransform_float_3_3
Parameters: 1 -0.000334608 0.000413563 0.000333566 0.999999 0.00174457 -0.000415067 -0.00174505 0.999998 0.0484424 -0.0299601 0.0275192
FixedParameters: 0 0 0

#Transform 41
Transform: AffineTransform_float_3_3
Parameters: 0.999999 -0.00040941 0.00087827 0.00040489 0.999985 0.00531179 -0.000880812 -0.00531099 0.999985 0.0519229 0.0385956 0.287601
FixedParameters: 0 0 0

#Transform 42
Transform: AffineTransform_float_3_3
Parameters: 0.999999 8.58436e-06 0.000782491 -1.21875e-05 0.999992 0.00413325 -0.000782309 -0.00413316 0.999991 0.0286996 -0.0605484 0.0651701
FixedParameters: 0 0 0

#Transform 43
Transform: AffineTransform_float_3_3
Parameters: 1 -0.000284058 0.000387072 0.000282061 0.99999 0.00443389 -0.000388139 -0.00443379 0.99999 0.0223943 0.0215278 0.292841
FixedParameters: 0 0 0

#Transform 44
Transform: AffineTransform_float_3_3
Parameters: 1 -0.000985945 -0.000408271 0.000986659 0.999999 0.00156437 0.000407063 -0.00156474 0.999999 0.0692706 0.0450039 0.0479377
FixedParameters: 0 0 0

#Transform 45
Transform: AffineTransform_float_3_3
Parameters: 0.999999 -0.00110567 0.000829265 0.00110181 0.999989 0.00445788 -0.000834643 -0.00445698 0.99999 -0.00390163 -0.11137 0.0849988
FixedParameters: 0 0 0

#Transform 46
Transform: AffineTransform_float_3_3
Parameters: 0.999998 -0.00185843 0.000862074 0.00185662 0.999996 0.00225308 -0.000865887 -0.00225178 0.999997 0.0275485 0.0745816 0.0914067
FixedParameters: 0 0 0

#Transform 47
Transform: AffineTransform_float_3_3
Parameters: 0.999999 -0.00114807 0.000190614 0.00114778 0.999993 0.00354151 -0.000194254 -0.00354077 0.999994 0.0577024 -0.111503 0.00694746
FixedParameters: 0 0 0

#Transform 48
Transform: AffineTransform_float_3_3
Parameters: 0.999998 -0.00177235 0.000783295 0.00177039 0.999994 0.00314799 -0.000788964 -0.00314714 0.999994 0.062015 0.0519376 0.236254
FixedParameters: 0 0 0

#Transform 49
Transform: AffineTransform_float_3_3
Parameters: 0.999998 -0.00153878 8.36807e-05 0.00153902 0.999998 0.001409 -8.5807e-05 -0.00140903 0.999999 0.0883572 0.00207221 -0.0342186
FixedParameters: 0 0 0

#Transform 50
Transform: AffineTransform_float_3_3
Parameters: 0.999999 -0.0014724 6.36919e-05 0.00147161 0.999993 0.00329639 -6.79904e-05 -0.00329684 0.999994 0.0944629 -0.00629791 0.113667
FixedParameters: 0 0 0

#Transform 51
Transform: AffineTransform_float_3_3
Parameters: 0.999999 -0.00168007 0.00045666 0.00168024 0.999998 0.0013185 -0.000458381 -0.00131799 0.999999 0.101919 0.0639289 0.0481517
FixedParameters: 0 0 0

#Transform 52
Transform: AffineTransform_float_3_3
Parameters: 0.999998 -0.00186367 0.000354426 0.00186201 0.999993 0.00323612 -0.00036071 -0.00323475 0.999995 0.104155 -0.0630567 0.0539514
FixedParameters: 0 0 0

#Transform 53
Transform: AffineTransform_float_3_3
Parameters: 0.999997 -0.0023521 0.0013353 0.0023492 0.999996 0.00193679 -0.00134063 -0.00193373 0.999998 0.0816444 0.0917035 0.131824
FixedParameters: 0 0 0

#Transform 54
Transform: AffineTransform_float_3_3
Parameters: 0.999997 -0.00214782 0.000926886 0.00214495 0.999995 0.00248926 -0.000932088 -0.00248728 0.999997 0.0953933 -0.0240137 0.0289748
FixedParameters: 0 0 0

#Transform 55
Transform: AffineTransform_float_3_3
Parameters: 0.999996 -0.00229628 0.00151708 0.00229143 0.999992 0.00304577 -0.00152384 -0.00304213 0.999994 0.0727779 0.0479311 0.163967
FixedParameters: 0 0 0

#Transform 56
Transform: AffineTransform_float_3_3
Parameters: 0.999997 -0.00226584 0.00103171 0.00226347 0.999996 0.0017449 -0.00103617 -0.00174272 0.999998 0.096881 -0.00869113 -0.0334156
FixedParameters: 0 0 0

#Transform 57
Transform: AffineTransform_float_3_3
Parameters: 0.999998 -0.00212087 0.000199714 0.00212023 0.999989 0.00410526 -0.000208583 -0.00410535 0.999991 0.0975849 -0.0222396 0.112918
FixedParameters: 0 0 0

#Transform 58
Transform: AffineTransform_float_3_3
Parameters: 0.999997 -0.00251871 0.000765025 0.00251621 0.999992 0.0030137 -0.000772501 -0.00301135 0.999995 0.0782834 0.0067897 0.0619419
FixedParameters: 0 0 0

#Transform 59
Transform: AffineTransform_float_3_3
Parameters: 0.999997 -0.00227256 0.000432785 0.00227056 0.999991 0.00366153 -0.000441633 -0.0036604 0.999994 0.0857862 -0.00882443 0.0876697
FixedParameters: 0 0 0

#Transform 60
Transform: AffineTransform_float_3_3
Parameters: 0.999997 -0.00218962 0.000674044 0.00218801 0.999997 0.00128748 -0.00067638 -0.0012857 1 0.0773363 0.108107 0.0881963
FixedParameters: 0 0 0

#Transform 61
Transform: AffineTransform_float_3_3
Parameters: 0.999997 -0.00244922 0.000753143 0.00244657 0.999991 0.00320151 -0.000761316 -0.00319994 0.999995 0.0860614 -0.0279337 0.0699831
FixedParameters: 0 0 0

#Transform 62
Transform: AffineTransform_float_3_3
Parameters: 0.999996 -0.00275677 0.000877736 0.00275495 0.999994 0.00184852 -0.000881943 -0.00184649 0.999998 0.0922732 0.0310839 0.136448
FixedParameters: 0 0 0

#Transform 63
Transform: AffineTransform_float_3_3
Parameters: 0.999997 -0.00227649 4.85319e-05 0.00227632 0.999991 0.0035591 -5.70921e-05 -0.00355916 0.999994 0.0955308 0.00112386 0.131419
FixedParameters: 0 0 0

#Transform 64
Transform: AffineTransform_float_3_3
Parameters: 0.999997 -0.00226106 0.000768841 0.00225761 0.999984 0.00518223 -0.000780237 -0.00517985 0.999986 0.0104954 -0.00162231 0.32552
FixedParameters: 0 0 0

#Transform 65
Transform: AffineTransform_float_3_3
Parameters: 0.999997 -0.00231315 0.00064958 0.00231029 0.999992 0.00327082 -0.000657706 -0.00326998 0.999995 0.0628897 0.00755001 0.10441
FixedParameters: 0 0 0

#Transform 66
Transform: AffineTransform_float_3_3
Parameters: 0.999996 -0.00278481 0.000731538 0.00278158 0.999981 0.00543463 -0.000746831 -0.00543263 0.999985 0.0721006 -0.0552743 0.131102
FixedParameters: 0 0 0

#Transform 67
Transform: AffineTransform_float_3_3
Parameters: 0.999995 -0.00295092 0.00125869 0.00294522 0.999986 0.00455566 -0.00127146 -0.00455152 0.99999 0.0661246 0.0498183 0.175009
FixedParameters: 0 0 0

#Transform 68
Transform: AffineTransform_float_3_3
Parameters: 0.999996 -0.00285394 0.000779582 0.00285137 0.999989 0.00388065 -0.000790888 -0.00387799 0.999992 0.0795753 -0.107802 0.0327665
FixedParameters: 0 0 0

#Transform 69
Transform: AffineTransform_float_3_3
Parameters: 0.999996 -0.00275974 0.000972231 0.00275531 0.999981 0.00537484 -0.000987535 -0.0053728 0.999985 0.0721691 -0.0409573 0.130356
FixedParameters: 0 0 0

#Transform 70
Transform: AffineTransform_float_3_3
Parameters: 0.999994 -0.00324749 0.00129482 0.00324273 0.999988 0.00381704 -0.00130703 -0.00381338 0.999992 0.0228264 0.063714 0.0471333
FixedParameters: 0 0 0

#Transform 71
Transform: AffineTransform_float_3_3
Parameters: 0.999994 -0.00341706 0.000244658 0.00341542 0.999989 0.00331437 -0.000255644 -0.00331369 0.999994 0.102165 -0.0237896 -0.102874
FixedParameters: 0 0 0

#Transform 72
Transform: AffineTransform_float_3_3
Parameters: 0.999995 -0.00305403 2.12165e-05 0.00305354 0.999982 0.00503953 -3.58047e-05 -0.00503913 0.999988 0.0887313 -0.0599664 -0.000211603
FixedParameters: 0 0 0

#Transform 73
Transform: AffineTransform_float_3_3
Parameters: 0.999995 -0.00325385 0.000685036 0.00324993 0.999979 0.00563091 -0.000703736 -0.00562896 0.999984 0.0803289 -0.00330909 0.212249
FixedParameters: 0 0 0

#Transform 74
Transform: AffineTransform_float_3_3
Parameters: 0.999994 -0.00339253 0.000678533 0.00339005 0.999988 0.00346437 -0.000690809 -0.00346117 0.999993 0.129497 0.0168855 0.100124
FixedParameters: 0 0 0

#Transform 75
Transform: AffineTransform_float_3_3
Parameters: 0.999996 -0.00275154 0.000100682 0.00275039 0.999987 0.00431895 -0.000111981 -0.00431845 0.999991 0.120461 -0.0535259 0.0772745
FixedParameters: 0 0 0

#Transform 76
Transform: AffineTransform_float_3_3
Parameters: 0.999995 -0.00303391 0.000420384 0.00303175 0.999982 0.00525513 -0.000436493 -0.00525363 0.999986 0.0962716 0.0529771 0.269736
FixedParameters: 0 0 0

#Transform 77
Transform: AffineTransform_float_3_3
Parameters: 0.999993 -0.00357799 0.00044253 0.00357607 0.999989 0.00319627 -0.000453395 -0.00319403 0.999995 0.0796319 0.00937971 0.244892
FixedParameters: 0 0 0

#Transform 78
Transform: AffineTransform_float_3_3
Parameters: 0.999996 -0.00298164 0.000153552 0.0029802 0.999982 0.00513678 -0.000168915 -0.00513627 0.999987 0.0932615 -0.00805351 0.186755
FixedParameters: 0 0 0

#Transform 79
Transform: AffineTransform_float_3_3
Parameters: 0.999994 -0.00335661 0.000275658 0.0033552 0.99998 0.00534625 -0.000293732 -0.00534502 0.999985 0.100578 0.0894888 0.328899
FixedParameters: 0 0 0

#Transform 80
Transform: AffineTransform_float_3_3
Parameters: 0.999995 -0.00311793 7.72548e-05 0.00311804 0.999987 0.0039274 -8.93466e-05 -0.003927 0.999992 0.119299 -0.103002 0.087972
FixedParameters: 0 0 0

#Transform 81
Transform: AffineTransform_float_3_3
Parameters: 0.999997 -0.00256557 -0.000163095 0.00256573 0.999976 0.00633055 0.000146814 -0.00633056 0.99998 0.124001 -0.103691 0.235552
FixedParameters: 0 0 0

#Transform 82
Transform: AffineTransform_float_3_3
Parameters: 0.999998 -0.00204142 -7.8313e-05 0.00204176 0.99998 0.00603248 6.59645e-05 -0.00603285 0.999982 0.10775 0.00503103 0.396946
FixedParameters: 0 0 0

#Transform 83
Transform: AffineTransform_float_3_3
Parameters: 0.999995 -0.00305971 -0.000701097 0.00306299 0.999986 0.00427986 0.000687994 -0.0042824 0.999991 0.157706 -0.00262859 0.183224
FixedParameters: 0 0 0

#Transform 84
Transform: AffineTransform_float_3_3
Parameters: 0.999995 -0.00294363 -0.000583745 0.0029471 0.999977 0.00613605 0.00056567 -0.00613829 0.999981 0.157064 -0.0857758 0.293998
FixedParameters: 0 0 0

#Transform 85
Transform: AffineTransform_float_3_3
Parameters: 0.999995 -0.00322772 -0.000288635 0.00322941 0.999983 0.0048723 0.000272463 -0.00487323 0.999989 0.153162 -0.0230706 0.0744353
FixedParameters: 0 0 0

#Transform 86
Transform: AffineTransform_float_3_3
Parameters: 0.999995 -0.00294921 0.000626967 0.00294505 0.999971 0.00695057 -0.000647281 -0.00694821 0.999975 0.0959872 -0.137848 0.113444
FixedParameters: 0 0 0

#Transform 87
Transform: AffineTransform_float_3_3
Parameters: 0.999994 -0.00331236 0.000752787 0.00330884 0.999987 0.00403144 -0.000765681 -0.00402868 0.999992 0.0910016 0.01698 0.157468
FixedParameters: 0 0 0

#Transform 88
Transform: AffineTransform_float_3_3
Parameters: 0.999996 -0.00294025 0.000133158 0.00293891 0.999981 0.00541847 -0.000149161 -0.00541816 0.999986 0.114452 -0.0620369 0.18177
FixedParameters: 0 0 0

#Transform 89
Transform: AffineTransform_float_3_3
Parameters: 0.999992 -0.00375051 0.000549236 0.0037484 0.999983 0.00444793 -0.000565631 -0.00444577 0.99999 0.0872599 0.0180681 0.171041
FixedParameters: 0 0 0

#Transform 90
Transform: AffineTransform_float_3_3
Parameters: 0.999994 -0.0035 0.000409187 0.00349712 0.999973 0.00648273 -0.000431526 -0.00648164 0.999979 0.0951793 -0.0470481 0.182296
FixedParameters: 0 0 0

#Transform 91
Transform: AffineTransform_float_3_3
Parameters: 0.999992 -0.00381465 0.000100547 0.0038147 0.999975 0.00595427 -0.000123326 -0.00595402 0.999982 0.0716293 -0.00321478 0.249539
FixedParameters: 0 0 0

#Transform 92
Transform: AffineTransform_float_3_3
Parameters: 0.999994 -0.00334616 0.000170308 0.00334506 0.999975 0.00627769 -0.000191614 -0.00627685 0.99998 0.0898533 -0.102464 0.205499
FixedParameters: 0 0 0

#Transform 93
Transform: AffineTransform_float_3_3
Parameters: 0.999993 -0.00369579 -0.0001076 0.0036955 0.999967 0.00720615 8.14477e-05 -0.00720738 0.999974 0.0886846 0.0113983 0.349042
FixedParameters: 0 0 0

#Transform 94
Transform: AffineTransform_float_3_3
Parameters: 0.99999 -0.00424276 -0.00136131 0.00425113 0.999974 0.00586429 0.00133663 -0.00587018 0.999981 0.13166 -0.0181304 0.122307
FixedParameters: 0 0 0

#Transform 95
Transform: AffineTransform_float_3_3
Parameters: 0.999991 -0.00413075 -0.000748895 0.00413686 0.99996 0.00793654 0.000716132 -0.00793983 0.999968 0.105036 -0.087328 0.317147
FixedParameters: 0 0 0

#Transform 96
Transform: AffineTransform_float_3_3
Parameters: 0.99999 -0.00426672 -0.00106931 0.00427261 0.999975 0.00566381 0.00104549 -0.00566789 0.999983 0.144601 0.0164904 0.267884
FixedParameters: 0 0 0

#Transform 97
Transform: AffineTransform_float_3_3
Parameters: 0.999989 -0.00451523 -0.00140574 0.00452584 0.999964 0.0072625 0.00137334 -0.00726834 0.999973 0.152151 -0.0778936 0.213761
FixedParameters: 0 0 0

#Transform 98
Transform: AffineTransform_float_3_3
Parameters: 0.999991 -0.00441817 -0.000245024 0.00441955 0.999966 0.00696783 0.000213847 -0.00696886 0.999976 0.125238 -0.0348065 0.33791
FixedParameters: 0 0 0

#Transform 99
Transform: AffineTransform_float_3_3
Parameters: 0.999991 -0.00434559 -0.000448824 0.00434863 0.999961 0.00761468 0.000415716 -0.00761705 0.999971 0.137825 -0.0267335 0.259095
FixedParameters: 0 0 0

#Transform 100
Transform: AffineTransform_float_3_3
Parameters: 0.999992 -0.00346685 0.00223952 0.00343209 0.999877 0.0152917 -0.00229166 -0.015284 0.999881 0.0563121 -0.188084 0.719046
FixedParameters: 0 0 0

#Transform 101
Transform: AffineTransform_float_3_3
Parameters: 0.999989 -0.00401469 0.00234089 0.00397765 0.99987 0.0156137 -0.00240263 -0.015605 0.999875 0.081342 -0.223405 0.680138
FixedParameters: 0 0 0

#Transform 102
Transform: AffineTransform_float_3_3
Parameters: 0.999992 -0.00380692 0.001187 0.00378993 0.9999 0.0136205 -0.0012388 -0.0136163 0.999906 0.112564 -0.34405 0.356213
FixedParameters: 0 0 0

#Transform 103
Transform: AffineTransform_float_3_3
Parameters: 0.999989 -0.00470256 0.000945879 0.00468902 0.999902 0.0131491 -0.00100819 -0.0131441 0.999913 0.141626 -0.166498 0.453857
FixedParameters: 0 0 0

#Transform 104
Transform: AffineTransform_float_3_3
Parameters: 0.999986 -0.0050971 0.0013754 0.00508184 0.999927 0.010953 -0.00143166 -0.0109456 0.999939 0.126299 -0.118851 0.361992
FixedParameters: 0 0 0

#Transform 105
Transform: AffineTransform_float_3_3
Parameters: 0.99999 -0.00414745 0.00198102 0.00411833 0.999889 0.0143005 -0.00204104 -0.014292 0.999896 0.0912095 -0.182511 0.495121
FixedParameters: 0 0 0

#Transform 106
Transform: AffineTransform_float_3_3
Parameters: 0.999988 -0.00412155 0.00244689 0.00409125 0.999919 0.0120679 -0.00249744 -0.012058 0.999924 0.0728347 -0.126651 0.481959
FixedParameters: 0 0 0

#Transform 107
Transform: AffineTransform_float_3_3
Parameters: 0.99999 -0.00417726 0.0016503 0.00415546 0.999906 0.0130725 -0.0017048 -0.0130655 0.999913 0.0889966 -0.1653 0.472508
FixedParameters: 0 0 0

#Transform 108
Transform: AffineTransform_float_3_3
Parameters: 0.999985 -0.00483498 0.00243119 0.0048033 0.999905 0.0129356 -0.00249323 -0.0129231 0.999913 0.0419543 -0.141539 0.713507
FixedParameters: 0 0 0

#Transform 109
Transform: AffineTransform_float_3_3
Parameters: 0.999986 -0.00503296 0.00188797 0.00500909 0.999913 0.012176 -0.00194824 -0.0121665 0.999924 0.107373 -0.206071 0.307036
FixedParameters: 0 0 0

#Transform 110
Transform: AffineTransform_float_3_3
Parameters: 0.999988 -0.00443341 0.00196752 0.00440319 0.999877 0.0150861 -0.00203494 -0.0150775 0.999884 0.0912048 -0.162531 0.537692
FixedParameters: 0 0 0

#Transform 111
Transform: AffineTransform_float_3_3
Parameters: 0.999986 -0.00500593 0.0018368 0.00497837 0.999877 0.0148646 -0.0019111 -0.0148552 0.999888 0.135004 -0.177327 0.514192
FixedParameters: 0 0 0

#Transform 112
Transform: AffineTransform_float_3_3
Parameters: 0.999986 -0.0049446 0.00174132 0.00491895 0.99988 0.0146513 -0.00181394 -0.014643 0.999892 0.118043 -0.240549 0.433302
FixedParameters: 0 0 0

#Transform 113
Transform: AffineTransform_float_3_3
Parameters: 0.999985 -0.00471034 0.00281594 0.00466688 0.99987 0.0154153 -0.00288862 -0.0154019 0.999877 0.0932225 -0.179774 0.529082
FixedParameters: 0 0 0

#Transform 114
Transform: AffineTransform_float_3_3
Parameters: 0.999986 -0.00473136 0.00227901 0.00469812 0.999883 0.0145275 -0.00234787 -0.0145166 0.999892 0.103367 -0.206606 0.386409
FixedParameters: 0 0 0

#Transform 115
Transform: AffineTransform_float_3_3
Parameters: 0.999983 -0.00476511 0.00311736 0.00471461 0.999862 0.0159423 -0.00319224 -0.0159264 0.999868 0.0809742 -0.176421 0.570659
FixedParameters: 0 0 0

#Transform 116
Transform: AffineTransform_float_3_3
Parameters: 0.999984 -0.00482465 0.00294742 0.00478237 0.999884 0.0144888 -0.00301703 -0.0144739 0.999891 0.100711 -0.162944 0.418398
FixedParameters: 0 0 0

#Transform 117
Transform: AffineTransform_float_3_3
Parameters: 0.999986 -0.00465162 0.00264475 0.00460781 0.999857 0.0162926 -0.00272068 -0.0162809 0.999864 0.100315 -0.222464 0.52193
FixedParameters: 0 0 0

#Transform 118
Transform: AffineTransform_float_3_3
Parameters: 0.99998 -0.00520445 0.00366984 0.00514987 0.99988 0.0146512 -0.0037459 -0.014632 0.999886 0.0931527 -0.197805 0.477524
FixedParameters: 0 0 0

#Transform 119
Transform: AffineTransform_float_3_3
Parameters: 0.999982 -0.00493841 0.00351379 0.00487884 0.99985 0.0166144 -0.00359472 -0.016597 0.999856 0.0882871 -0.280654 0.598089
FixedParameters: 0 0 0

#Transform 120
Transform: AffineTransform_float_3_3
Parameters: 0.999985 -0.00489765 0.00242454 0.004865 0.9999 0.0132472 -0.00248862 -0.0132346 0.999909 0.127636 -0.150261 0.432797
FixedParameters: 0 0 0

#Transform 121
Transform: AffineTransform_float_3_3
Parameters: 0.999988 -0.00428365 0.0024346 0.0042465 0.999878 0.0150098 -0.00249847 -0.0149984 0.999884 0.0811599 -0.207941 0.590573
FixedParameters: 0 0 0

#Transform 122
Transform: AffineTransform_float_3_3
Parameters: 0.999983 -0.00540082 0.00241147 0.00537065 0.99991 0.0123717 -0.00247856 -0.0123585 0.999921 0.100857 -0.125647 0.396104
FixedParameters: 0 0 0

#Transform 123
Transform: AffineTransform_float_3_3
Parameters: 0.999985 -0.00482986 0.00250344 0.00478926 0.999861 0.0159341 -0.00258013 -0.0159218 0.999869 0.0835106 -0.234659 0.543166
FixedParameters: 0 0 0

#Transform 124
Transform: AffineTransform_float_3_3
Parameters: 0.999982 -0.00521775 0.00286662 0.00517758 0.999895 0.013558 -0.0029368 -0.013543 0.999904 0.0960888 -0.131703 0.460755
FixedParameters: 0 0 0

#Transform 125
Transform: AffineTransform_float_3_3
Parameters: 0.999984 -0.00458463 0.00335777 0.00453032 0.999861 0.0160238 -0.00343085 -0.016009 0.999866 0.0568617 -0.192287 0.523239
FixedParameters: 0 0 0

#Transform 126
Transform: AffineTransform_float_3_3
Parameters: 0.999979 -0.00551464 0.00352091 0.00546052 0.999872 0.0150784 -0.00360364 -0.0150587 0.999881 0.0792665 -0.177443 0.476907
FixedParameters: 0 0 0

#Transform 127
Transform: AffineTransform_float_3_3
Parameters: 0.999986 -0.00476614 0.00264982 0.00472262 0.999862 0.0159027 -0.00272587 -0.0158904 0.99987 0.0986009 -0.234837 0.589532
FixedParameters: 0 0 0

#Transform 128
Transform: AffineTransform_float_3_3
Parameters: 0.999982 -0.00514698 0.00288696 0.00510753 0.999897 0.0134086 -0.00295536 -0.0133928 0.999906 0.111015 -0.0990214 0.600125
FixedParameters: 0 0 0

#Transform 129
Transform: AffineTransform_float_3_3
Parameters: 0.999981 -0.00498456 0.00341583 0.00492907 0.999856 0.0161928 -0.00349571 -0.016176 0.999863 0.0944903 -0.271212 0.582509
FixedParameters: 0 0 0

#Transform 130
Transform: AffineTransform_float_3_3
Parameters: 0.999981 -0.00514076 0.00326619 0.00509375 0.999886 0.014208 -0.00333821 -0.0141915 0.999894 0.109782 -0.152267 0.49957
FixedParameters: 0 0 0

#Transform 131
Transform: AffineTransform_float_3_3
Parameters: 0.999981 -0.00524199 0.00317788 0.00518048 0.999801 0.019294 -0.00327872 -0.0192778 0.999809 0.157564 -0.244361 0.682435
FixedParameters: 0 0 0

#Transform 132
Transform: AffineTransform_float_3_3
Parameters: 0.999983 -0.00492324 0.00329439 0.00486243 0.999825 0.0180461 -0.00338301 -0.0180295 0.999832 0.097896 -0.169901 0.809954
FixedParameters: 0 0 0

#Transform 133
Transform: AffineTransform_float_3_3
Parameters: 0.999985 -0.0048751 0.00224512 0.00483962 0.99987 0.0153856 -0.00231924 -0.0153738 0.999879 0.122532 -0.239862 0.585435
FixedParameters: 0 0 0

#Transform 134
Transform: AffineTransform_float_3_3
Parameters: 0.999986 -0.00486955 0.00214584 0.00483675 0.999882 0.0145904 -0.00221609 -0.0145794 0.999891 0.15736 -0.172015 0.549705
FixedParameters: 0 0 0

#Transform 135
Transform: AffineTransform_float_3_3
Parameters: 0.999988 -0.00455341 0.00223641 0.00451265 0.999831 0.0178325 -0.00231679 -0.017822 0.999838 0.163117 -0.246319 0.626952
FixedParameters: 0 0 0

#Transform 136
Transform: AffineTransform_float_3_3
Parameters: 0.999987 -0.0043857 0.00256423 0.00434783 0.999888 0.0143334 -0.00262639 -0.0143223 0.999894 0.138879 -0.106977 0.742264
FixedParameters: 0 0 0

#Transform 137
Transform: AffineTransform_float_3_3
Parameters: 0.999987 -0.00429051 0.00256908 0.00425029 0.999875 0.0152361 -0.00263415 -0.0152248 0.99988 0.134668 -0.277843 0.5896
FixedParameters: 0 0 0

#Transform 138
Transform: AffineTransform_float_3_3
Parameters: 0.999988 -0.00417125 0.00272461 0.00412434 0.999849 0.0168786 -0.00279545 -0.016868 0.999854 0.136377 -0.153916 0.739896
FixedParameters: 0 0 0

#Transform 139
Transform: AffineTransform_float_3_3
Parameters: 0.999988 -0.00404418 0.00238969 0.00400254 0.999849 0.0169086 -0.00245776 -0.0168982 0.999855 0.143976 -0.270477 0.672118
FixedParameters: 0 0 0

#Transform 140
Transform: AffineTransform_float_3_3
Parameters: 0.999987 -0.00429342 0.00266445 0.00424872 0.999855 0.0165127 -0.00273544 -0.0165008 0.99986 0.135629 -0.156642 0.693821
FixedParameters: 0 0 0

#Transform 141
Transform: AffineTransform_float_3_3
Parameters: 0.999986 -0.00460168 0.00258334 0.00455625 0.999839 0.0173845 -0.00266325 -0.0173719 0.999845 0.15558 -0.195336 0.604788
FixedParameters: 0 0 0

#Transform 142
Transform: AffineTransform_float_3_3
Parameters: 0.999984 -0.00487208 0.00280056 0.00482312 0.999844 0.0170031 -0.00288396 -0.0169892 0.999852 0.133091 -0.137609 0.732261
FixedParameters: 0 0 0

#Transform 143
Transform: AffineTransform_float_3_3
Parameters: 0.999986 -0.00478699 0.00248796 0.00474411 0.999849 0.016718 -0.00256794 -0.0167064 0.999857 0.150814 -0.25357 0.651926
FixedParameters: 0 0 0

#Transform 144
Transform: AffineTransform_float_3_3
Parameters: 0.999985 -0.00493519 0.00236222 0.0048988 0.999877 0.0149078 -0.00243605 -0.0148964 0.999886 0.17807 -0.181218 0.643231
FixedParameters: 0 0 0

#Transform 145
Transform: AffineTransform_float_3_3
Parameters: 0.999988 -0.00459752 0.00210501 0.00456009 0.999842 0.017162 -0.00218411 -0.0171523 0.999851 0.162282 -0.273607 0.690169
FixedParameters: 0 0 0

#Transform 146
Transform: AffineTransform_float_3_3
Parameters: 0.999983 -0.00491532 0.00294386 0.00486374 0.999842 0.0170942 -0.00302801 -0.0170799 0.99985 0.118654 -0.157794 0.87213
FixedParameters: 0 0 0

#Transform 147
Transform: AffineTransform_float_3_3
Parameters: 0.999987 -0.00458887 0.00237635 0.00454453 0.999825 0.0181745 -0.00245939 -0.0181631 0.999832 0.130405 -0.298576 0.831678
FixedParameters: 0 0 0

#Transform 148
Transform: AffineTransform_float_3_3
Parameters: 0.999983 -0.00538288 0.0025637 0.00534016 0.999852 0.0163404 -0.00265095 -0.0163264 0.999863 0.140507 -0.220043 0.740252
FixedParameters: 0 0 0

#Transform 149
Transform: AffineTransform_float_3_3
Parameters: 0.999985 -0.00461894 0.00290183 0.00456 0.999795 0.0197122 -0.00299202 -0.0196993 0.999802 0.10797 -0.262587 0.903896
FixedParameters: 0 0 0

#Transform 150
Transform: AffineTransform_float_3_3
Parameters: 0.999978 -0.00544531 0.00367571 0.00537406 0.999803 0.0190776 -0.00377821 -0.0190571 0.999811 0.138088 -0.205879 0.764502
FixedParameters: 0 0 0

#Transform 151
Transform: AffineTransform_float_3_3
Parameters: 0.999984 -0.00499008 0.0023415 0.00494121 0.999785 0.0201032 -0.0024411 -0.0200912 0.999795 0.162003 -0.361742 0.740756
FixedParameters: 0 0 0

#Transform 152
Transform: AffineTransform_float_3_3
Parameters: 0.999983 -0.00527003 0.00276586 0.00522127 0.999831 0.0175818 -0.00285796 -0.0175669 0.999842 0.147403 -0.229554 0.708198
FixedParameters: 0 0 0

#Transform 153
Transform: AffineTransform_float_3_3
Parameters: 0.999983 -0.00523721 0.00258892 0.00518774 0.999812 0.0186648 -0.00268612 -0.0186506 0.999822 0.152941 -0.316977 0.680729
FixedParameters: 0 0 0

#Transform 154
Transform: AffineTransform_float_3_3
Parameters: 0.999985 -0.00458054 0.0029419 0.00452621 0.999822 0.0183412 -0.00302484 -0.0183267 0.999827 0.129731 -0.194757 0.819994
FixedParameters: 0 0 0

#Transform 155
Transform: AffineTransform_float_3_3
Parameters: 0.999983 -0.00530982 0.0020407 0.00527132 0.999823 0.0180699 -0.00213613 -0.0180584 0.999834 0.204128 -0.282353 0.622218
FixedParameters: 0 0 0

#Transform 156
Transform: AffineTransform_float_3_3
Parameters: 0.999983 -0.00531162 0.00238573 0.00526784 0.999822 0.0181374 -0.00248174 -0.0181245 0.999833 0.204128 -0.19133 0.690625
FixedParameters: 0 0 0

#Transform 157
Transform: AffineTransform_float_3_3
Parameters: 0.999983 -0.00527836 0.00243957 0.00523136 0.999802 0.0192203 -0.0025403 -0.019208 0.999812 0.207276 -0.264547 0.715254
FixedParameters: 0 0 0

#Transform 158
Transform: AffineTransform_float_3_3
Parameters: 0.999988 -0.00446508 0.00187495 0.00442849 0.999807 0.0191217 -0.00195963 -0.0191135 0.999815 0.175866 -0.290452 0.967624
FixedParameters: 0 0 0

#Transform 159
Transform: AffineTransform_float_3_3
Parameters: 0.999985 -0.00533678 0.00136333 0.00531469 0.999855 0.0161758 -0.00144904 -0.0161685 0.999869 0.208452 -0.230503 0.749841
FixedParameters: 0 0 0

#Transform 160
Transform: AffineTransform_float_3_3
Parameters: 0.999985 -0.00530387 0.00182268 0.00527259 0.999844 0.0168603 -0.00191081 -0.0168501 0.999856 0.202319 -0.195152 0.7718
FixedParameters: 0 0 0

#Transform 161
Transform: AffineTransform_float_3_3
Parameters: 0.99998 -0.00618952 0.00160797 0.00616402 0.99986 0.0155448 -0.00170419 -0.0155343 0.999878 0.231473 -0.278957 0.592208
FixedParameters: 0 0 0

#Transform 162
Transform: AffineTransform_float_3_3
Parameters: 0.999982 -0.00566519 0.00185573 0.00563235 0.999835 0.0172705 -0.00195306 -0.01726 0.999849 0.188192 -0.241803 0.848714
FixedParameters: 0 0 0

#Transform 163
Transform: AffineTransform_float_3_3
Parameters: 0.999982 -0.00568632 0.00170072 0.00565743 0.999847 0.0165435 -0.00179457 -0.0165339 0.999862 0.210178 -0.313304 0.649553
FixedParameters: 0 0 0

#Transform 164
Transform: AffineTransform_float_3_3
Parameters: 0.999979 -0.00619216 0.00215013 0.00615102 0.999811 0.0184492 -0.00226451 -0.0184358 0.999827 0.224261 -0.243702 0.823591
FixedParameters: 0 0 0

#Transform 165
Transform: AffineTransform_float_3_3
Parameters: 0.999973 -0.00699328 0.00226721 0.00695591 0.999846 0.0160907 -0.00237943 -0.0160742 0.999869 0.273547 -0.218051 0.660272
FixedParameters: 0 0 0

#Transform 166
Transform: AffineTransform_float_3_3
Parameters: 0.999974 -0.00688106 0.00247715 0.00683633 0.999817 0.0178674 -0.00259965 -0.0178505 0.999837 0.266477 -0.277962 0.738766
FixedParameters: 0 0 0

#Transform 167
Transform: AffineTransform_float_3_3
Parameters: 0.999973 -0.00697012 0.00243035 0.00692974 0.999846 0.016138 -0.00254288 -0.0161213 0.999866 0.291944 -0.155665 0.663255
FixedParameters: 0 0 0

#Transform 168
Transform: AffineTransform_float_3_3
Parameters: 0.999975 -0.00683798 0.00193317 0.00680194 0.999813 0.0181265 -0.00205661 -0.0181125 0.999834 0.308602 -0.354404 0.660107
FixedParameters: 0 0 0

#Transform 169
Transform: AffineTransform_float_3_3
Parameters: 0.999972 -0.00668087 0.00332514 0.00662254 0.999831 0.0171614 -0.00343994 -0.0171393 0.999847 0.263661 -0.257205 0.656599
FixedParameters: 0 0 0

#Transform 170
Transform: AffineTransform_float_3_3
Parameters: 0.999971 -0.00720044 0.00227714 0.00715509 0.999786 0.0193999 -0.0024156 -0.0193841 0.999809 0.26284 -0.313601 0.766918
FixedParameters: 0 0 0

#Transform 171
Transform: AffineTransform_float_3_3
Parameters: 0.999967 -0.00766072 0.00240991 0.00761979 0.999832 0.0166759 -0.00253653 -0.0166578 0.999859 0.260296 -0.184309 0.804263
FixedParameters: 0 0 0

#Transform 172
Transform: AffineTransform_float_3_3
Parameters: 0.99997 -0.00743931 0.00254419 0.00739251 0.999809 0.018095 -0.00267803 -0.0180755 0.999834 0.243457 -0.289622 0.768862
FixedParameters: 0 0 0

#Transform 173
Transform: AffineTransform_float_3_3
Parameters: 0.999968 -0.00790429 0.00175879 0.00787538 0.999841 0.0159672 -0.00188417 -0.0159527 0.999871 0.288216 -0.16122 0.627741
FixedParameters: 0 0 0

#Transform 174
Transform: AffineTransform_float_3_3
Parameters: 0.999965 -0.00796508 0.00241958 0.0079162 0.999775 0.0196901 -0.0025763 -0.01967 0.999804 0.273481 -0.351122 0.661587
FixedParameters: 0 0 0

#Transform 175
Transform: AffineTransform_float_3_3
Parameters: 0.999963 -0.00805014 0.00288398 0.00799914 0.999822 0.0170928 -0.00302092 -0.0170697 0.99985 0.27444 -0.193552 0.715562
FixedParameters: 0 0 0

#Transform 176
Transform: AffineTransform_float_3_3
Parameters: 0.999964 -0.00807571 0.0025119 0.00802604 0.999788 0.0189743 -0.00266501 -0.0189539 0.999817 0.296964 -0.305018 0.710127
FixedParameters: 0 0 0

#Transform 177
Transform: AffineTransform_float_3_3
Parameters: 0.999966 -0.00779653 0.00278326 0.00774859 0.999832 0.0165862 -0.00291181 -0.0165642 0.999859 0.306618 -0.244933 0.663252
FixedParameters: 0 0 0

#Transform 178
Transform: AffineTransform_float_3_3
Parameters: 0.999968 -0.00764386 0.00234245 0.00760072 0.999809 0.0180074 -0.00247992 -0.0179891 0.999835 0.294199 -0.264087 0.63723
FixedParameters: 0 0 0

#Transform 179
Transform: AffineTransform_float_3_3
Parameters: 0.999967 -0.00734982 0.00327144 0.00728753 0.999799 0.0187153 -0.00340784 -0.018691 0.99982 0.236142 -0.202998 0.956377
FixedParameters: 0 0 0

#Transform 180
Transform: AffineTransform_float_3_3
Parameters: 0.999967 -0.00784455 0.00232311 0.00780689 0.999842 0.0159579 -0.0024479 -0.0159388 0.99987 0.294 -0.215765 0.591817
FixedParameters: 0 0 0

#Transform 181
Transform: AffineTransform_float_3_3
Parameters: 0.999971 -0.00738033 0.00192729 0.00734227 0.999794 0.0188983 -0.00206575 -0.0188839 0.99982 0.299491 -0.31718 0.649289
FixedParameters: 0 0 0

#Transform 182
Transform: AffineTransform_float_3_3
Parameters: 0.999967 -0.00748957 0.00332284 0.00742638 0.999798 0.0186598 -0.00346279 -0.0186353 0.99982 0.25168 -0.2128 0.816647
FixedParameters: 0 0 0

#Transform 183
Transform: AffineTransform_float_3_3
Parameters: 0.999962 -0.00812449 0.00293722 0.00807563 0.999836 0.0162228 -0.00306837 -0.016198 0.999864 0.297846 -0.256094 0.541058
FixedParameters: 0 0 0

#Transform 184
Transform: AffineTransform_float_3_3
Parameters: 0.999965 -0.00780979 0.00298002 0.00775094 0.999783 0.0193427 -0.00313028 -0.0193188 0.999808 0.258135 -0.280086 0.793139
FixedParameters: 0 0 0

#Transform 185
Transform: AffineTransform_float_3_3
Parameters: 0.999964 -0.00811394 0.00265184 0.00807219 0.99985 0.0153287 -0.00277601 -0.0153064 0.999879 0.304455 -0.199144 0.635085
FixedParameters: 0 0 0

#Transform 186
Transform: AffineTransform_float_3_3
Parameters: 0.999968 -0.00769663 0.00235611 0.00765232 0.999805 0.0182241 -0.00249617 -0.0182056 0.999831 0.331238 -0.273211 0.687609
FixedParameters: 0 0 0

#Transform 187
Transform: AffineTransform_float_3_3
Parameters: 0.999965 -0.00794255 0.00279097 0.00789292 0.999817 0.0174285 -0.00292875 -0.017407 0.999844 0.304509 -0.192595 0.693135
FixedParameters: 0 0 0

#Transform 188
Transform: AffineTransform_float_3_3
Parameters: 0.999971 -0.00706688 0.00296356 0.00701404 0.999823 0.0174447 -0.00308609 -0.0174236 0.999844 0.306751 -0.232494 0.658631
FixedParameters: 0 0 0

#Transform 189
Transform: AffineTransform_float_3_3
Parameters: 0.999966 -0.00751729 0.00325276 0.00745907 0.99982 0.017463 -0.00338291 -0.0174383 0.999842 0.278756 -0.166751 0.757359
