# transform file /out/sourcedata/freesurfer/sub-v1s5x0050749_ses-1/mri/transforms/cc_up.lta
# created by oesteban on Tue Mar 10 06:53:24 2026

type      = 0 # LINEAR_VOX_TO_VOX
nxforms   = 1
mean      = 131.0000 107.0000 121.0000
sigma     = 10000.0000
1 4 4
9.943642020225525e-01 5.888750404119492e-02 8.816056698560715e-02 -1.614101028442383e+01 
-5.865741521120071e-02 9.982646703720093e-01 -5.200580228120089e-03 4.941062164306641e+01 
-8.831382542848587e-02 -4.656613428188905e-10 9.960927963256836e-01 2.699234008789062e+01 
0.000000000000000e+00 0.000000000000000e+00 0.000000000000000e+00 1.000000000000000e+00 
src volume info
valid = 1  # volume info valid
filename = /out/sourcedata/freesurfer/sub-v1s5x0050749_ses-1/mri/norm.mgz
volume = 256 256 256
voxelsize = 1.000000000000000e+00 1.000000000000000e+00 1.000000000000000e+00
xras   = -9.999999403953552e-01 -9.313225746154785e-10 0.000000000000000e+00
yras   = 1.490116119384766e-08 0.000000000000000e+00 -1.000000000000000e+00
zras   = -5.587935447692871e-09 9.999999403953552e-01 0.000000000000000e+00
cras   = 6.364135742187500e+00 1.973663330078125e+00 -3.683547973632812e+00
dst volume info
valid = 1  # volume info valid
filename = /out/sourcedata/freesurfer/sub-v1s5x0050749_ses-1/mri/norm.mgz
volume = 256 256 256
voxelsize = 1.000000000000000e+00 1.000000000000000e+00 1.000000000000000e+00
xras   = -9.999999403953552e-01 -9.313225746154785e-10 0.000000000000000e+00
yras   = 1.490116119384766e-08 0.000000000000000e+00 -1.000000000000000e+00
zras   = -5.587935447692871e-09 9.999999403953552e-01 0.000000000000000e+00
cras   = 6.364135742187500e+00 1.973663330078125e+00 -3.683547973632812e+00
