type      = 1 # LINEAR_RAS_TO_RAS
nxforms   = 1
mean      = 0.0000 0.0000 0.0000
sigma     = 1.0000
1 4 4
1.088796019554138e+00 -7.757899910211563e-02 6.687399744987488e-02 -7.279326915740967e+00 
4.230000078678131e-02 1.147847056388855e+00 2.134529948234558e-01 -1.589595794677734e+01 
-9.351100027561188e-02 -9.488900005817413e-02 1.151011943817139e+00 -1.675831604003906e+01 
0.000000000000000e+00 0.000000000000000e+00 0.000000000000000e+00 1.000000000000000e+00 
src volume info
valid = 1  # volume info valid
filename = /out/sourcedata/freesurfer/sub-v1s5x0050749_ses-1/mri/orig_nu.mgz
volume = 256 256 256
voxelsize = 1.000000000000000e+00 1.000000000000000e+00 1.000000000000000e+00
xras   = -9.999999403953552e-01 -9.313225746154785e-10 0.000000000000000e+00
yras   = 1.490116119384766e-08 0.000000000000000e+00 -1.000000000000000e+00
zras   = -5.587935447692871e-09 9.999999403953552e-01 0.000000000000000e+00
cras   = 6.364135742187500e+00 1.973663330078125e+00 -3.683547973632812e+00
dst volume info
valid = 1  # volume info valid
filename = /opt/freesurfer/average/mni305.cor.mgz
volume = 256 256 256
voxelsize = 1.000000000000000e+00 1.000000000000000e+00 1.000000000000000e+00
xras   = -1.000000000000000e+00 0.000000000000000e+00 0.000000000000000e+00
yras   = 0.000000000000000e+00 0.000000000000000e+00 -1.000000000000000e+00
zras   = 0.000000000000000e+00 1.000000000000000e+00 0.000000000000000e+00
cras   = 0.000000000000000e+00 0.000000000000000e+00 0.000000000000000e+00
subject fsaverage
fscale 0.100000
