# transform file transforms/talairach.lta
# created by oesteban on Tue Mar 10 05:19:57 2026

type      = 0 # LINEAR_VOX_TO_VOX
nxforms   = 1
mean      = 131.0000 108.0000 121.0000
sigma     = 10000.0000
1 4 4
1.042409539222717e+00 8.208248764276505e-02 8.315607905387878e-02 -2.669504928588867e+01 
-7.246582210063934e-02 1.199168443679810e+00 1.411163508892059e-01 -9.688307762145996e+00 
-6.342953443527222e-02 -1.666520684957504e-01 1.042886257171631e+00 1.158314990997314e+01 
0.000000000000000e+00 0.000000000000000e+00 0.000000000000000e+00 1.000000000000000e+00 
src volume info
valid = 1  # volume info valid
filename = nu.mgz
volume = 256 256 256
voxelsize = 1.000000000000000e+00 1.000000000000000e+00 1.000000000000000e+00
xras   = -9.999999403953552e-01 -9.313225746154785e-10 0.000000000000000e+00
yras   = 1.490116119384766e-08 0.000000000000000e+00 -1.000000000000000e+00
zras   = -5.587935447692871e-09 9.999999403953552e-01 0.000000000000000e+00
cras   = 6.364135742187500e+00 1.973663330078125e+00 -3.683547973632812e+00
dst volume info
valid = 1  # volume info valid
filename = /opt/freesurfer/average/RB_all_2020-01-02.gca
volume = 256 256 256
voxelsize = 1.000000000000000e+00 1.000000000000000e+00 1.000000000000000e+00
xras   = -1.000000000000000e+00 0.000000000000000e+00 0.000000000000000e+00
yras   = 0.000000000000000e+00 0.000000000000000e+00 -1.000000000000000e+00
zras   = 0.000000000000000e+00 1.000000000000000e+00 0.000000000000000e+00
cras   = 0.000000000000000e+00 0.000000000000000e+00 0.000000000000000e+00
