# transform file /out/sourcedata/freesurfer/sub-v1s5x0050742_ses-1/mri/transforms/cc_up.lta
# created by oesteban on Tue Mar 10 06:09:49 2026

type      = 0 # LINEAR_VOX_TO_VOX
nxforms   = 1
mean      = 123.0000 106.0000 123.0000
sigma     = 10000.0000
1 4 4
9.981613755226135e-01 -8.509515784680843e-03 -6.001406535506248e-02 1.079474639892578e+01 
8.494176901876926e-03 9.999638795852661e-01 -5.107091274112463e-04 4.199953842163086e+01 
6.001624092459679e-02 5.820766785236131e-11 9.981975555419922e-01 6.703465461730957e+00 
0.000000000000000e+00 0.000000000000000e+00 0.000000000000000e+00 1.000000000000000e+00 
src volume info
valid = 1  # volume info valid
filename = /out/sourcedata/freesurfer/sub-v1s5x0050742_ses-1/mri/norm.mgz
volume = 256 256 256
voxelsize = 1.000000000000000e+00 1.000000000000000e+00 1.000000000000000e+00
xras   = -1.000000000000000e+00 -6.519258022308350e-09 0.000000000000000e+00
yras   = 7.450580596923828e-09 7.450580596923828e-09 -9.999998807907104e-01
zras   = -6.984919309616089e-10 9.999999403953552e-01 7.450580596923828e-09
cras   = -1.219154357910156e+00 1.561938476562500e+01 -1.702706146240234e+01
dst volume info
valid = 1  # volume info valid
filename = /out/sourcedata/freesurfer/sub-v1s5x0050742_ses-1/mri/norm.mgz
volume = 256 256 256
voxelsize = 1.000000000000000e+00 1.000000000000000e+00 1.000000000000000e+00
xras   = -1.000000000000000e+00 -6.519258022308350e-09 0.000000000000000e+00
yras   = 7.450580596923828e-09 7.450580596923828e-09 -9.999998807907104e-01
zras   = -6.984919309616089e-10 9.999999403953552e-01 7.450580596923828e-09
cras   = -1.219154357910156e+00 1.561938476562500e+01 -1.702706146240234e+01
