type      = 1 # LINEAR_RAS_TO_RAS
nxforms   = 1
mean      = 0.0000 0.0000 0.0000
sigma     = 1.0000
1 4 4
1.069236040115356e+00 5.710199847817421e-02 -3.202300146222115e-02 -1.054183959960938e+00 
9.882000274956226e-03 1.131013035774231e+00 1.511819958686829e-01 -2.755798339843750e+01 
-5.269999965094030e-04 -7.468099892139435e-02 1.096515059471130e+00 -2.245666980743408e+00 
0.000000000000000e+00 0.000000000000000e+00 0.000000000000000e+00 1.000000000000000e+00 
src volume info
valid = 1  # volume info valid
filename = /out/sourcedata/freesurfer/sub-v1s5x0050742_ses-1/mri/orig_nu.mgz
volume = 256 256 256
voxelsize = 1.000000000000000e+00 1.000000000000000e+00 1.000000000000000e+00
xras   = -1.000000000000000e+00 -6.519258022308350e-09 0.000000000000000e+00
yras   = 7.450580596923828e-09 7.450580596923828e-09 -9.999998807907104e-01
zras   = -6.984919309616089e-10 9.999999403953552e-01 7.450580596923828e-09
cras   = -1.219154357910156e+00 1.561938476562500e+01 -1.702706146240234e+01
dst volume info
valid = 1  # volume info valid
filename = /opt/freesurfer/average/mni305.cor.mgz
volume = 256 256 256
voxelsize = 1.000000000000000e+00 1.000000000000000e+00 1.000000000000000e+00
xras   = -1.000000000000000e+00 0.000000000000000e+00 0.000000000000000e+00
yras   = 0.000000000000000e+00 0.000000000000000e+00 -1.000000000000000e+00
zras   = 0.000000000000000e+00 1.000000000000000e+00 0.000000000000000e+00
cras   = 0.000000000000000e+00 0.000000000000000e+00 0.000000000000000e+00
subject fsaverage
fscale 0.100000
