type      = 0 # LINEAR_VOX_TO_VOX
nxforms   = 1
mean      = 0.0000 0.0000 0.0000
sigma     = 1.0000
1 4 4
1.069236040115356e+00 -3.202300518751144e-02 -5.710199475288391e-02 3.466377258300781e+00 
-5.270004621706903e-04 1.096514940261841e+00 7.468098402023315e-02 2.362976074218750e-01 
-9.882007725536823e-03 -1.511819660663605e-01 1.131012916564941e+00 -8.631958007812500e+00 
0.000000000000000e+00 0.000000000000000e+00 0.000000000000000e+00 1.000000000000000e+00 
src volume info
valid = 1  # volume info valid
filename = /out/sourcedata/freesurfer/sub-v1s5x0050742_ses-1/mri/orig.mgz
volume = 256 256 256
voxelsize = 1.000000000000000e+00 1.000000000000000e+00 1.000000000000000e+00
xras   = -1.000000000000000e+00 -6.519258022308350e-09 0.000000000000000e+00
yras   = 7.450580596923828e-09 7.450580596923828e-09 -9.999998807907104e-01
zras   = -6.984919309616089e-10 9.999999403953552e-01 7.450580596923828e-09
cras   = -1.219154357910156e+00 1.561938476562500e+01 -1.702706146240234e+01
dst volume info
valid = 1  # volume info valid
filename = /opt/freesurfer/average/mni305.cor.mgz
volume = 256 256 256
voxelsize = 1.000000000000000e+00 1.000000000000000e+00 1.000000000000000e+00
xras   = -1.000000000000000e+00 0.000000000000000e+00 0.000000000000000e+00
yras   = 0.000000000000000e+00 0.000000000000000e+00 -1.000000000000000e+00
zras   = 0.000000000000000e+00 1.000000000000000e+00 0.000000000000000e+00
cras   = 0.000000000000000e+00 0.000000000000000e+00 0.000000000000000e+00
subject fsaverage
fscale 0.100000
