# transform file transforms/talairach.lta
# created by oesteban on Tue Mar 10 04:56:08 2026

type      = 0 # LINEAR_VOX_TO_VOX
nxforms   = 1
mean      = 123.0000 106.0000 123.0000
sigma     = 10000.0000
1 4 4
1.038370013237000e+00 -1.645266078412533e-02 -3.640651330351830e-02 1.940487384796143e+00 
1.726918108761311e-02 1.144941091537476e+00 8.373813331127167e-02 -6.549586772918701e+00 
3.257174417376518e-02 -7.611895352602005e-02 1.028845191001892e+00 -8.325510025024414e+00 
0.000000000000000e+00 0.000000000000000e+00 0.000000000000000e+00 1.000000000000000e+00 
src volume info
valid = 1  # volume info valid
filename = nu.mgz
volume = 256 256 256
voxelsize = 1.000000000000000e+00 1.000000000000000e+00 1.000000000000000e+00
xras   = -1.000000000000000e+00 -6.519258022308350e-09 0.000000000000000e+00
yras   = 7.450580596923828e-09 7.450580596923828e-09 -9.999998807907104e-01
zras   = -6.984919309616089e-10 9.999999403953552e-01 7.450580596923828e-09
cras   = -1.219154357910156e+00 1.561938476562500e+01 -1.702706146240234e+01
dst volume info
valid = 1  # volume info valid
filename = /opt/freesurfer/average/RB_all_2020-01-02.gca
volume = 256 256 256
voxelsize = 1.000000000000000e+00 1.000000000000000e+00 1.000000000000000e+00
xras   = -1.000000000000000e+00 0.000000000000000e+00 0.000000000000000e+00
yras   = 0.000000000000000e+00 0.000000000000000e+00 -1.000000000000000e+00
zras   = 0.000000000000000e+00 1.000000000000000e+00 0.000000000000000e+00
cras   = 0.000000000000000e+00 0.000000000000000e+00 0.000000000000000e+00
