#Insight Transform File V1.0
#Transform 0
Transform: AffineTransform_float_3_3
Parameters: 0.999998 0.00065427 0.00190118 -0.000668113 0.999974 0.00725919 -0.00189622 -0.00726036 0.999972 -0.0274249 -0.00861416 -0.0702491
FixedParameters: 0 0 0

#Transform 1
Transform: AffineTransform_float_3_3
Parameters: 0.999997 0.000596422 0.00240282 -0.000611193 0.999982 0.00593167 -0.00239839 -0.00593328 0.999979 -0.034668 0.093812 -0.0339061
FixedParameters: 0 0 0

#Transform 2
Transform: AffineTransform_float_3_3
Parameters: 0.999997 0.00018306 0.00226746 -0.000196933 0.999983 0.0058257 -0.00226603 -0.00582614 0.99998 -0.0201043 -0.0785006 -0.0870477
FixedParameters: 0 0 0

#Transform 3
Transform: AffineTransform_float_3_3
Parameters: 0.999996 0.000485128 0.00295029 -0.000506424 0.999974 0.00717607 -0.00294617 -0.00717808 0.99997 -0.0297557 0.00228555 -0.0426399
FixedParameters: 0 0 0

#Transform 4
Transform: AffineTransform_float_3_3
Parameters: 0.999997 0.000274504 0.00266012 -0.000291992 0.999978 0.00670938 -0.00265861 -0.00670975 0.999974 -0.0398678 0.0499287 -0.0460984
FixedParameters: 0 0 0

#Transform 5
Transform: AffineTransform_float_3_3
Parameters: 0.999997 9.41605e-05 0.00263993 -0.000111771 0.999977 0.00676379 -0.00263977 -0.00676412 0.999973 -0.0303204 -0.00725014 -0.0866082
FixedParameters: 0 0 0

#Transform 6
Transform: AffineTransform_float_3_3
Parameters: 0.999997 -0.000294549 0.00246076 0.000278103 0.999978 0.00673741 -0.0024629 -0.0067366 0.999975 0.00691604 -0.101047 -0.134905
FixedParameters: 0 0 0

#Transform 7
Transform: AffineTransform_float_3_3
Parameters: 0.999997 -0.000102877 0.00258401 8.40073e-05 0.999972 0.00741108 -0.00258439 -0.00741142 0.999969 0.0023615 -0.00255266 -0.130263
FixedParameters: 0 0 0

#Transform 8
Transform: AffineTransform_float_3_3
Parameters: 0.999996 -0.000236137 0.00263284 0.000218803 0.99998 0.00634447 -0.00263408 -0.00634406 0.999977 0.00377942 0.0253487 -0.126122
FixedParameters: 0 0 0

#Transform 9
Transform: AffineTransform_float_3_3
Parameters: 0.999997 -2.54729e-05 0.00258701 6.15004e-06 0.999972 0.00748726 -0.00258731 -0.0074869 0.999968 0.0165525 -0.026851 -0.102714
FixedParameters: 0 0 0

#Transform 10
Transform: AffineTransform_float_3_3
Parameters: 0.999995 -0.000449303 0.00305541 0.000428872 0.999977 0.00676219 -0.00305925 -0.00676044 0.999973 0.00461889 -0.0475736 -0.120604
FixedParameters: 0 0 0

#Transform 11
Transform: AffineTransform_float_3_3
Parameters: 0.999995 -0.000247632 0.00308207 0.000226681 0.999979 0.00650868 -0.0030833 -0.00650718 0.999974 0.00422565 -0.01527 -0.10362
FixedParameters: 0 0 0

#Transform 12
Transform: AffineTransform_float_3_3
Parameters: 0.999995 -0.000210126 0.00331593 0.000187898 0.999977 0.00670233 -0.00331746 -0.00670118 0.999972 0.00166639 0.00811102 -0.0902365
FixedParameters: 0 0 0

#Transform 13
Transform: AffineTransform_float_3_3
Parameters: 0.999996 -0.000453381 0.00277677 0.000434576 0.999979 0.00644157 -0.00277976 -0.00643982 0.999976 0.0138314 -0.000110363 -0.113768
FixedParameters: 0 0 0

#Transform 14
Transform: AffineTransform_float_3_3
Parameters: 0.999998 0.0020415 -0.00117038 -0.00203772 0.999994 0.00281015 0.00117571 -0.00280752 0.999996 -0.0972745 -0.0621691 -0.095418
FixedParameters: 0 0 0

#Transform 15
Transform: AffineTransform_float_3_3
Parameters: 0.999993 0.00238221 -0.00281707 -0.00239129 0.999992 -0.00326497 0.00280868 0.00327237 0.999991 -0.0790872 -0.0539429 0.0237371
FixedParameters: 0 0 0

#Transform 16
Transform: AffineTransform_float_3_3
Parameters: 0.999997 0.00139437 -0.00154028 -0.00139772 0.999996 -0.00224373 0.00153747 0.00224608 0.999996 0.00346435 0.0216655 0.0521647
FixedParameters: 0 0 0

#Transform 17
Transform: AffineTransform_float_3_3
Parameters: 1 0.000484297 -0.00108972 -0.000484254 1 -3.22438e-05 0.0010897 3.31247e-05 1 0.00798003 0.016311 0.0497558
FixedParameters: 0 0 0

#Transform 18
Transform: AffineTransform_float_3_3
Parameters: 1 0.00027363 -7.04522e-05 -0.000272705 1 -0.000454687 7.0291e-05 0.00045473 1 -0.0166191 -0.0394811 -0.030454
FixedParameters: 0 0 0

#Transform 19
Transform: AffineTransform_float_3_3
Parameters: 1 9.79548e-05 -0.000240187 -9.8102e-05 1 -0.000306292 0.000240127 0.000306339 1 -0.000753412 0.0107013 -0.00762603
FixedParameters: 0 0 0

#Transform 20
Transform: AffineTransform_float_3_3
Parameters: 1 -1.5151e-05 -0.00048697 1.50826e-05 1 -7.02009e-05 0.000486973 7.0186e-05 1 0.00359418 0.000727477 -0.00446683
FixedParameters: 0 0 0

#Transform 21
Transform: AffineTransform_float_3_3
Parameters: 1 -0.000113623 -0.000315718 0.000114339 1 -0.000434004 0.000315904 0.000433936 1 -0.000186685 0.017043 -0.0487217
FixedParameters: 0 0 0

#Transform 22
Transform: AffineTransform_float_3_3
Parameters: 1 -0.000117805 -0.000267981 0.000118563 1 -0.000431245 0.00026817 0.000431186 1 0.000274253 -0.0119845 -0.0603589
FixedParameters: 0 0 0

#Transform 23
Transform: AffineTransform_float_3_3
Parameters: 1 -0.000226898 -9.80356e-05 0.000226883 1 -7.58874e-05 9.80699e-05 7.58428e-05 1 0.00578007 -0.0202019 -0.0303367
FixedParameters: 0 0 0

#Transform 24
Transform: AffineTransform_float_3_3
Parameters: 1 -0.000161921 0.000233345 0.000162093 1 -0.000369191 -0.000233226 0.000369266 1 0.0153372 0.0334887 -0.036682
FixedParameters: 0 0 0

#Transform 25
Transform: AffineTransform_float_3_3
Parameters: 0.999999 -0.000447824 0.00081509 0.000448637 1 -0.000498663 -0.000814643 0.000499394 0.999999 0.0110401 0.0108011 -0.0119183
FixedParameters: 0 0 0

#Transform 26
Transform: AffineTransform_float_3_3
Parameters: 0.999999 -0.000309014 0.000744879 0.00030932 1 -0.000205295 -0.000744752 0.000205756 0.999999 0.0155358 -0.0345173 -0.0173127
FixedParameters: 0 0 0

#Transform 27
Transform: AffineTransform_float_3_3
Parameters: 0.999999 -0.000598457 0.000752349 0.000599697 1 -0.000907945 -0.000751204 0.000907863 1 0.0103762 0.0317853 -0.0605588
FixedParameters: 0 0 0

#Transform 28
Transform: AffineTransform_float_3_3
Parameters: 0.999999 -0.000515858 0.000706422 0.000516121 1 0.000506753 -0.0007068 -0.000507002 0.999999 0.0203653 -0.0238438 0.0117986
FixedParameters: 0 0 0

#Transform 29
Transform: AffineTransform_float_3_3
Parameters: 0.999999 -0.000613623 0.0005888 0.000613467 1 0.000133293 -0.000588963 -0.00013257 1 0.0247586 -0.0380351 -0.0336341
FixedParameters: 0 0 0

#Transform 30
Transform: AffineTransform_float_3_3
Parameters: 0.999999 -0.000426721 0.000680618 0.000427022 1 -0.000229018 -0.000680366 0.000228616 0.999999 0.0174231 0.0166681 0.000752995
FixedParameters: 0 0 0

#Transform 31
Transform: AffineTransform_float_3_3
Parameters: 0.999999 -0.000226997 0.000952231 0.000227026 1 -1.50055e-05 -0.000952224 1.54382e-05 0.999999 0.00994126 0.00190312 0.00241155
FixedParameters: 0 0 0

#Transform 32
Transform: AffineTransform_float_3_3
Parameters: 0.999997 -0.000786595 0.00206383 0.000787181 1 -9.10263e-05 -0.00206355 9.19604e-05 0.999998 0.0682963 -0.0073115 -0.00477494
FixedParameters: 0 0 0

#Transform 33
Transform: AffineTransform_float_3_3
Parameters: 0.999996 -0.00123997 0.00245421 0.00123914 1 0.000237286 -0.00245466 -0.000233515 0.999997 0.0945263 -0.0146422 0.0118039
FixedParameters: 0 0 0

#Transform 34
Transform: AffineTransform_float_3_3
Parameters: 0.999998 -0.00129013 0.00181812 0.00129007 0.999999 0.000325146 -0.00181775 -0.000322533 0.999998 0.106443 -0.0276179 -0.0283144
FixedParameters: 0 0 0

#Transform 35
Transform: AffineTransform_float_3_3
Parameters: 0.999998 -0.00077103 0.00189248 0.000771873 0.999999 -0.000164194 -0.00189215 0.000165783 0.999998 0.0944168 0.0462818 0.0185956
FixedParameters: 0 0 0

#Transform 36
Transform: AffineTransform_float_3_3
Parameters: 0.999998 -0.00143675 0.00180015 0.00143639 0.999999 0.000410445 -0.00180012 -0.000407351 0.999998 0.0869353 -0.0452267 -0.0034852
FixedParameters: 0 0 0

#Transform 37
Transform: AffineTransform_float_3_3
Parameters: 0.999998 -0.00120574 0.00179089 0.00120457 0.999999 0.000915443 -0.0017918 -0.000913198 0.999998 0.0929182 -0.0135764 -0.0126034
FixedParameters: 0 0 0

#Transform 38
Transform: AffineTransform_float_3_3
Parameters: 0.999998 -0.0012102 0.00188325 0.00120975 1 0.000415018 -0.00188305 -0.000412539 0.999998 0.0574629 -0.0268448 -0.0805303
FixedParameters: 0 0 0

#Transform 39
Transform: AffineTransform_float_3_3
Parameters: 1 -0.000143291 0.00052902 0.000143911 1 -0.000585462 -0.000528852 0.000585614 0.999999 0.0359407 -0.0145386 -0.0509262
FixedParameters: 0 0 0

#Transform 40
Transform: AffineTransform_float_3_3
Parameters: 1 -0.000553182 0.000393385 0.000553761 0.999999 -0.000736566 -0.00039257 0.000737001 0.999999 0.0521717 -0.0173357 -0.0582387
FixedParameters: 0 0 0

#Transform 41
Transform: AffineTransform_float_3_3
Parameters: 0.999999 -0.000628221 0.000556256 0.000628176 1 3.12343e-05 -0.000556239 -3.15182e-05 1 0.064742 -0.0116102 -0.0194071
FixedParameters: 0 0 0

#Transform 42
Transform: AffineTransform_float_3_3
Parameters: 0.999999 -0.000604414 0.000604091 0.000604554 1 -0.00011524 -0.000603952 0.00011597 1 0.0584232 -0.0227973 -0.0369604
FixedParameters: 0 0 0

#Transform 43
Transform: AffineTransform_float_3_3
Parameters: 0.999999 -0.000463022 0.000687034 0.000462745 1 0.000194079 -0.000687157 -0.000194426 0.999999 0.0506591 -0.00906755 0.0355761
FixedParameters: 0 0 0

#Transform 44
Transform: AffineTransform_float_3_3
Parameters: 1 -0.000514483 0.000385773 0.000514905 0.999999 -0.000547688 -0.00038521 0.000548085 1 0.0240807 0.0265559 0.0213518
FixedParameters: 0 0 0

#Transform 45
Transform: AffineTransform_float_3_3
Parameters: 0.999999 -0.000846964 0.000379987 0.000847643 0.999999 -0.000945711 -0.000379322 0.000945314 1 0.0417967 -0.072844 -0.0041466
FixedParameters: 0 0 0

#Transform 46
Transform: AffineTransform_float_3_3
Parameters: 0.999999 -0.000836526 0.000336669 0.000836655 0.999999 -0.000189957 -0.000336351 0.00019052 1 0.0214918 0.0187342 -0.0412712
FixedParameters: 0 0 0

#Transform 47
Transform: AffineTransform_float_3_3
Parameters: 0.999999 -0.00112926 0.000576377 0.00112991 0.999999 -0.00056544 -0.000575054 0.000565932 0.999999 0.0501937 -0.0600377 -0.12957
FixedParameters: 0 0 0

#Transform 48
Transform: AffineTransform_float_3_3
Parameters: 1 -0.00101866 0.000334022 0.00101804 1 -0.000417427 -0.000334264 0.00041822 1 0.0509328 -0.0156295 -0.0663629
FixedParameters: 0 0 0

#Transform 49
Transform: AffineTransform_float_3_3
Parameters: 0.999999 -0.000992416 3.14602e-05 0.000992326 1 -0.000397131 -3.0682e-05 0.000397367 1 0.0405104 -0.0380023 0.0303857
FixedParameters: 0 0 0

#Transform 50
Transform: AffineTransform_float_3_3
Parameters: 0.999999 -0.000832938 0.000186604 0.000833618 0.999997 -0.00260277 -0.000184264 0.00260314 0.999996 -0.0132901 0.040731 0.0331114
FixedParameters: 0 0 0

#Transform 51
Transform: AffineTransform_float_3_3
Parameters: 0.999999 0.000697739 -0.00146848 -0.000701352 0.999997 -0.0025065 0.00146639 0.00250747 0.999995 -0.0962002 -0.0133169 0.0348645
FixedParameters: 0 0 0

#Transform 52
Transform: AffineTransform_float_3_3
Parameters: 0.999998 0.000914024 -0.00161109 -0.000915923 0.999998 -0.00151264 0.00160971 0.00151335 0.999998 -0.0756219 -0.0103425 0.0435439
FixedParameters: 0 0 0

#Transform 53
Transform: AffineTransform_float_3_3
Parameters: 0.999998 0.000892564 -0.00136342 -0.000894769 0.999998 -0.00149853 0.00136197 0.00149987 0.999998 -0.0890605 0.0406214 0.0350149
FixedParameters: 0 0 0

#Transform 54
Transform: AffineTransform_float_3_3
Parameters: 1 -0.000458473 0.000242065 0.000458765 0.999999 -0.00060313 -0.000241512 0.000603351 1 -0.00797241 -0.00825213 0.0821187
FixedParameters: 0 0 0

#Transform 55
Transform: AffineTransform_float_3_3
Parameters: 0.999999 -0.00140386 4.31651e-05 0.00140306 0.999998 -0.00149451 -4.10571e-05 0.00149468 0.999999 0.0133074 0.00256427 0.0263459
FixedParameters: 0 0 0

#Transform 56
Transform: AffineTransform_float_3_3
Parameters: 0.999998 -0.00171115 0.000159926 0.00171137 0.999998 -0.000776357 -0.000158283 0.000777192 0.999999 0.015199 -0.0128746 0.052074
FixedParameters: 0 0 0

#Transform 57
Transform: AffineTransform_float_3_3
Parameters: 0.999998 -0.0020597 0.000424588 0.00206038 0.999997 -0.000716535 -0.000422593 0.000717588 0.999999 0.0238235 -0.00184471 0.0745019
FixedParameters: 0 0 0

#Transform 58
Transform: AffineTransform_float_3_3
Parameters: 0.999998 -0.00226194 0.000456273 0.00226234 0.999996 -0.0012546 -0.000453631 0.00125585 0.999999 0.0209478 0.0255471 0.060203
FixedParameters: 0 0 0

#Transform 59
Transform: AffineTransform_float_3_3
Parameters: 0.999998 -0.00213277 0.000816289 0.00213316 0.999997 -0.000731228 -0.000814147 0.000732852 1 0.0278397 -0.0117847 0.0675489
FixedParameters: 0 0 0

#Transform 60
Transform: AffineTransform_float_3_3
Parameters: 0.999996 -0.00260853 0.00111415 0.00261011 0.999995 -0.00145732 -0.00111054 0.00146029 0.999998 0.030982 0.000704502 -0.0450657
FixedParameters: 0 0 0

#Transform 61
Transform: AffineTransform_float_3_3
Parameters: 0.999996 -0.00244916 0.000874111 0.00245036 0.999997 -0.00118227 -0.000871302 0.00118493 0.999999 0.0137579 -0.00229578 -0.0190869
FixedParameters: 0 0 0

#Transform 62
Transform: AffineTransform_float_3_3
Parameters: 0.999998 -0.00211771 -8.08331e-05 0.00211758 0.999997 -0.00116054 8.37377e-05 0.00116043 1 -0.0141014 0.0161629 0.0477952
FixedParameters: 0 0 0

#Transform 63
Transform: AffineTransform_float_3_3
Parameters: 0.999999 -0.0018554 0.000150264 0.00185619 0.999995 -0.00226069 -0.000145861 0.00226118 0.999998 -0.0191899 0.00740202 0.036735
FixedParameters: 0 0 0

#Transform 64
Transform: AffineTransform_float_3_3
Parameters: 0.999996 -0.00243568 0.000877111 0.00243786 0.999994 -0.00221705 -0.00087235 0.00221934 0.999997 0.00928887 -0.00873044 0.021619
FixedParameters: 0 0 0

#Transform 65
Transform: AffineTransform_float_3_3
Parameters: 0.999997 -0.00261436 0.000734831 0.00261565 0.999994 -0.00202922 -0.000729269 0.00203113 0.999998 0.0204563 -0.00653043 0.0183605
FixedParameters: 0 0 0

#Transform 66
Transform: AffineTransform_float_3_3
Parameters: 0.999995 -0.00324082 0.000984586 0.00324254 0.999993 -0.00220994 -0.000977353 0.0022138 0.999997 0.0483899 -0.114123 0.0600002
FixedParameters: 0 0 0

#Transform 67
Transform: AffineTransform_float_3_3
Parameters: 0.999983 -0.00523338 0.00278006 0.00524758 0.999972 -0.00522975 -0.0027527 0.00524475 0.999983 0.118389 -0.0114826 0.0581152
FixedParameters: 0 0 0

#Transform 68
Transform: AffineTransform_float_3_3
Parameters: 0.999965 -0.00727619 0.00411458 0.00730991 0.999939 -0.00826254 -0.00405411 0.00829168 0.999957 0.166169 0.0990182 0.110088
FixedParameters: 0 0 0

#Transform 69
Transform: AffineTransform_float_3_3
Parameters: 0.999959 -0.00817138 0.00398624 0.00820297 0.999936 -0.00778949 -0.00392232 0.00782186 0.999962 0.207671 0.0525191 0.0881876
FixedParameters: 0 0 0

#Transform 70
Transform: AffineTransform_float_3_3
Parameters: 0.999954 -0.00859002 0.00420256 0.00862166 0.999934 -0.00756818 -0.00413789 0.00760485 0.999962 0.228372 0.0131491 0.104401
FixedParameters: 0 0 0

#Transform 71
Transform: AffineTransform_float_3_3
Parameters: 0.999954 -0.00865471 0.00421747 0.00868707 0.999933 -0.00764405 -0.00415045 0.0076807 0.999962 0.234149 -0.00315095 0.118266
FixedParameters: 0 0 0

#Transform 72
Transform: AffineTransform_float_3_3
Parameters: 0.999952 -0.00866417 0.00454259 0.00869896 0.999932 -0.00778292 -0.00447512 0.00782186 0.99996 0.250359 0.0347592 0.0795636
FixedParameters: 0 0 0

#Transform 73
Transform: AffineTransform_float_3_3
Parameters: 0.999952 -0.00875667 0.00419076 0.00878644 0.999934 -0.00736387 -0.00412607 0.00739998 0.999964 0.271862 -0.0199232 0.0816857
FixedParameters: 0 0 0

#Transform 74
Transform: AffineTransform_float_3_3
Parameters: 0.99995 -0.00904605 0.00419225 0.00907898 0.999929 -0.00773637 -0.00412144 0.00777412 0.999961 0.266871 0.0334848 0.102838
FixedParameters: 0 0 0

#Transform 75
Transform: AffineTransform_float_3_3
Parameters: 0.999955 -0.00846196 0.00425262 0.00849515 0.999933 -0.00794321 -0.00418468 0.0079794 0.99996 0.251515 0.0334214 0.0930028
FixedParameters: 0 0 0

#Transform 76
Transform: AffineTransform_float_3_3
Parameters: 0.999952 -0.00873972 0.00424161 0.00877151 0.999931 -0.00776242 -0.00417332 0.00779908 0.999961 0.280808 -0.000948108 0.119707
FixedParameters: 0 0 0

#Transform 77
Transform: AffineTransform_float_3_3
Parameters: 0.99995 -0.00905877 0.00433859 0.00908986 0.999933 -0.00723051 -0.00427267 0.00726916 0.999965 0.339719 -0.026731 0.151483
FixedParameters: 0 0 0

#Transform 78
Transform: AffineTransform_float_3_3
Parameters: 0.99995 -0.00918165 0.00393013 0.0092118 0.999928 -0.00763205 -0.00386012 0.00766837 0.999963 0.330208 0.0197023 0.152298
FixedParameters: 0 0 0

#Transform 79
Transform: AffineTransform_float_3_3
Parameters: 0.999946 -0.00948901 0.00430397 0.00952178 0.999926 -0.00756173 -0.00423252 0.00760268 0.999962 0.376132 0.000934247 0.168805
FixedParameters: 0 0 0

#Transform 80
Transform: AffineTransform_float_3_3
Parameters: 0.999937 -0.0103488 0.00448094 0.0103842 0.999915 -0.00795603 -0.00439822 0.00800262 0.999959 0.407969 -0.0205279 0.187747
FixedParameters: 0 0 0

#Transform 81
Transform: AffineTransform_float_3_3
Parameters: 0.999938 -0.0103337 0.00411137 0.0103683 0.999912 -0.00824171 -0.00402594 0.00828362 0.999958 0.398119 -0.00940548 0.17111
FixedParameters: 0 0 0

#Transform 82
Transform: AffineTransform_float_3_3
Parameters: 0.999933 -0.0105107 0.00472784 0.0105477 0.999914 -0.0077842 -0.00464597 0.0078335 0.999959 0.42252 -0.00547318 0.235093
FixedParameters: 0 0 0

#Transform 83
Transform: AffineTransform_float_3_3
Parameters: 0.999917 -0.0116296 0.00563049 0.011676 0.999897 -0.00831803 -0.00553357 0.00838313 0.99995 0.501505 0.0477591 0.249869
FixedParameters: 0 0 0

#Transform 84
Transform: AffineTransform_float_3_3
Parameters: 0.999909 -0.0124534 0.00508821 0.0124942 0.999889 -0.00814164 -0.00498669 0.00820432 0.999953 0.541516 -0.00183072 0.273269
FixedParameters: 0 0 0

#Transform 85
Transform: AffineTransform_float_3_3
Parameters: 0.999934 -0.0108595 0.00362585 0.0108886 0.999909 -0.00786985 -0.00353965 0.00790865 0.999963 0.444852 0.00528036 0.242184
FixedParameters: 0 0 0

#Transform 86
Transform: AffineTransform_float_3_3
Parameters: 0.999931 -0.0110314 0.00387003 0.0110648 0.999901 -0.00869947 -0.00377407 0.00874235 0.999955 0.398163 -0.0082183 0.204717
FixedParameters: 0 0 0

#Transform 87
Transform: AffineTransform_float_3_3
Parameters: 0.999937 -0.0105485 0.0038055 0.0105784 0.999912 -0.0080021 -0.00372162 0.00804178 0.999961 0.414358 -0.013601 0.265038
FixedParameters: 0 0 0

#Transform 88
Transform: AffineTransform_float_3_3
Parameters: 0.999948 -0.00936583 0.00385093 0.00940104 0.999912 -0.00943659 -0.00376274 0.00947217 0.999948 0.370489 0.0208246 0.276976
FixedParameters: 0 0 0

#Transform 89
Transform: AffineTransform_float_3_3
Parameters: 0.999954 -0.00870281 0.00402642 0.00874262 0.999913 -0.00992142 -0.0039405 0.00995607 0.999943 0.324513 -0.00500252 0.270648
FixedParameters: 0 0 0

#Transform 90
Transform: AffineTransform_float_3_3
Parameters: 0.999942 -0.0101236 0.00369138 0.0101613 0.999896 -0.0103045 -0.00358619 0.010341 0.99994 0.389474 -0.000789629 0.22719
FixedParameters: 0 0 0

#Transform 91
Transform: AffineTransform_float_3_3
Parameters: 0.999937 -0.0104738 0.00398244 0.0105125 0.999898 -0.00970519 -0.00388043 0.00974692 0.999945 0.410357 -0.0692749 0.248938
FixedParameters: 0 0 0

#Transform 92
Transform: AffineTransform_float_3_3
Parameters: 0.999933 -0.0109064 0.00402542 0.0109459 0.999891 -0.00991611 -0.00391737 0.00995946 0.999943 0.42659 0.0904746 0.259122
FixedParameters: 0 0 0

#Transform 93
Transform: AffineTransform_float_3_3
Parameters: 0.99993 -0.0111075 0.00393919 0.0111455 0.999889 -0.00979598 -0.00383076 0.00983929 0.999944 0.422376 -0.0499315 0.24502
FixedParameters: 0 0 0

#Transform 94
Transform: AffineTransform_float_3_3
Parameters: 0.999932 -0.0109733 0.0041208 0.0110114 0.999896 -0.00937307 -0.0040172 0.00941747 0.999947 0.418398 0.0872975 0.261937
FixedParameters: 0 0 0

#Transform 95
Transform: AffineTransform_float_3_3
Parameters: 0.999921 -0.0115893 0.00479381 0.0116324 0.999891 -0.00910167 -0.00468773 0.00915703 0.999948 0.431746 -0.0129653 0.259742
FixedParameters: 0 0 0

#Transform 96
Transform: AffineTransform_float_3_3
Parameters: 0.99992 -0.0117994 0.00458043 0.0118406 0.999888 -0.00909032 -0.00447273 0.00914417 0.999948 0.433162 0.00221215 0.239382
FixedParameters: 0 0 0

#Transform 97
Transform: AffineTransform_float_3_3
Parameters: 0.999922 -0.0116719 0.00435194 0.0117132 0.999886 -0.00952369 -0.00423954 0.00957376 0.999945 0.414246 0.025203 0.244187
FixedParameters: 0 0 0

#Transform 98
Transform: AffineTransform_float_3_3
Parameters: 0.999912 -0.0122918 0.00493885 0.0123387 0.999879 -0.0094651 -0.00482183 0.00952524 0.999943 0.446766 0.0365944 0.24393
FixedParameters: 0 0 0

#Transform 99
Transform: AffineTransform_float_3_3
Parameters: 0.999906 -0.0127027 0.00521329 0.0127537 0.99987 -0.00979369 -0.00508808 0.0098589 0.999938 0.44384 -0.0249371 0.239334
FixedParameters: 0 0 0

#Transform 100
Transform: AffineTransform_float_3_3
Parameters: 0.999902 -0.0130068 0.00520273 0.0130576 0.999865 -0.0099803 -0.00507179 0.0100477 0.999937 0.470308 0.0610545 0.250222
FixedParameters: 0 0 0

#Transform 101
Transform: AffineTransform_float_3_3
Parameters: 0.999908 -0.0125456 0.00520809 0.0125948 0.999875 -0.00954429 -0.00508725 0.00960871 0.999941 0.442194 0.0127502 0.266348
FixedParameters: 0 0 0

#Transform 102
Transform: AffineTransform_float_3_3
Parameters: 0.999971 -0.00758345 0.0003478 0.00758644 0.999922 -0.00999194 -0.000271245 0.00999441 0.99995 0.268022 0.00672642 0.264884
FixedParameters: 0 0 0

#Transform 103
Transform: AffineTransform_float_3_3
Parameters: 0.999989 -0.00379582 -0.00259219 0.00376887 0.999938 -0.0104882 0.00263171 0.0104777 0.999941 0.19558 -0.022121 0.285055
FixedParameters: 0 0 0

#Transform 104
Transform: AffineTransform_float_3_3
Parameters: 0.99999 -0.00358711 -0.00248503 0.00356132 0.999937 -0.0106272 0.00252319 0.0106185 0.999941 0.209001 -0.0309738 0.298049
FixedParameters: 0 0 0

#Transform 105
Transform: AffineTransform_float_3_3
Parameters: 0.999991 -0.00353792 -0.0024902 0.00351191 0.999939 -0.0104811 0.00252724 0.0104717 0.999942 0.205503 0.0301706 0.32857
FixedParameters: 0 0 0

#Transform 106
Transform: AffineTransform_float_3_3
Parameters: 0.999988 -0.00422231 -0.00227893 0.00419821 0.999933 -0.0108228 0.00232502 0.0108138 0.999939 0.223205 0.000365968 0.267964
FixedParameters: 0 0 0

#Transform 107
Transform: AffineTransform_float_3_3
Parameters: 0.999988 -0.0042584 -0.00225843 0.00423541 0.999941 -0.00998499 0.00230088 0.00997525 0.999947 0.230043 -0.0154995 0.274327
FixedParameters: 0 0 0

#Transform 108
Transform: AffineTransform_float_3_3
Parameters: 0.999988 -0.00447398 -0.00183924 0.00445365 0.999932 -0.010773 0.00188795 0.0107651 0.999941 0.212294 -0.0388489 0.265215
FixedParameters: 0 0 0

#Transform 109
Transform: AffineTransform_float_3_3
Parameters: 0.999987 -0.00474346 -0.0015401 0.00472782 0.999941 -0.00975205 0.00158651 0.00974521 0.999951 0.232188 0.00251321 0.330692
FixedParameters: 0 0 0

#Transform 110
Transform: AffineTransform_float_3_3
Parameters: 0.999985 -0.00516434 -0.00186346 0.00514316 0.999927 -0.0110127 0.00191945 0.011003 0.999937 0.279406 -0.064598 0.301801
FixedParameters: 0 0 0

#Transform 111
Transform: AffineTransform_float_3_3
Parameters: 0.999988 -0.00446982 -0.00183504 0.00445044 0.999934 -0.0106094 0.00188222 0.0106015 0.999942 0.248062 -0.0270438 0.373026
FixedParameters: 0 0 0

#Transform 112
Transform: AffineTransform_float_3_3
Parameters: 0.99999 -0.00403341 -0.0017877 0.00401378 0.999933 -0.0108278 0.00183044 0.0108208 0.999939 0.25479 0.0149469 0.356159
FixedParameters: 0 0 0

#Transform 113
Transform: AffineTransform_float_3_3
Parameters: 0.999989 -0.00435506 -0.00191752 0.00433283 0.999927 -0.0112405 0.0019669 0.0112321 0.999935 0.226719 -0.0614319 0.311127
FixedParameters: 0 0 0

#Transform 114
Transform: AffineTransform_float_3_3
Parameters: 0.999989 -0.00430675 -0.00184575 0.00428779 0.999938 -0.010234 0.00188915 0.0102266 0.999946 0.217193 0.0188382 0.342669
FixedParameters: 0 0 0

#Transform 115
Transform: AffineTransform_float_3_3
Parameters: 0.999989 -0.00443792 -0.00183259 0.0044176 0.999934 -0.0106092 0.00187904 0.0106004 0.999942 0.237283 0.0187155 0.30553
FixedParameters: 0 0 0

#Transform 116
Transform: AffineTransform_float_3_3
Parameters: 0.999987 -0.00471551 -0.00187803 0.00469524 0.999937 -0.010227 0.00192561 0.0102179 0.999946 0.221593 -0.0602759 0.31945
FixedParameters: 0 0 0

#Transform 117
Transform: AffineTransform_float_3_3
Parameters: 0.999987 -0.00485855 -0.00186831 0.0048381 0.999932 -0.0105594 0.0019191 0.0105507 0.999943 0.240265 0.0216901 0.329044
FixedParameters: 0 0 0

#Transform 118
Transform: AffineTransform_float_3_3
Parameters: 0.999986 -0.00485866 -0.00190583 0.00484018 0.999939 -0.00996153 0.00195386 0.00995178 0.999948 0.246356 -0.0164319 0.319583
FixedParameters: 0 0 0

#Transform 119
Transform: AffineTransform_float_3_3
Parameters: 0.999986 -0.00487954 -0.00163871 0.00486213 0.999936 -0.0102244 0.00168854 0.0102161 0.999947 0.231217 -0.0109189 0.304857
FixedParameters: 0 0 0

#Transform 120
Transform: AffineTransform_float_3_3
Parameters: 0.999984 -0.00526672 -0.00188542 0.00524615 0.999928 -0.0107899 0.00194132 0.0107796 0.99994 0.230861 -0.0632781 0.302683
FixedParameters: 0 0 0

#Transform 121
Transform: AffineTransform_float_3_3
Parameters: 0.999984 -0.00555593 -0.00147944 0.00553837 0.999921 -0.0112689 0.00154166 0.011261 0.999936 0.249027 -0.0995702 0.330014
FixedParameters: 0 0 0

#Transform 122
Transform: AffineTransform_float_3_3
Parameters: 0.999975 -0.00697383 -0.00108293 0.00695981 0.999903 -0.0120898 0.00116736 0.0120814 0.999927 0.242105 -0.0339346 0.350889
FixedParameters: 0 0 0

#Transform 123
Transform: AffineTransform_float_3_3
Parameters: 0.999975 -0.00704344 -0.000672949 0.0070351 0.999906 -0.0117677 0.000755282 0.0117631 0.999931 0.248466 0.0360726 0.348066
FixedParameters: 0 0 0

#Transform 124
Transform: AffineTransform_float_3_3
Parameters: 0.999974 -0.00720382 -0.000721057 0.00719573 0.999912 -0.0112158 0.000801228 0.0112098 0.999936 0.273018 0.00949452 0.331973
FixedParameters: 0 0 0

#Transform 125
Transform: AffineTransform_float_3_3
Parameters: 0.999967 -0.00810019 -0.000790498 0.00809035 0.999905 -0.0112074 0.000880444 0.0112004 0.999937 0.269907 -0.0106451 0.278043
FixedParameters: 0 0 0

#Transform 126
Transform: AffineTransform_float_3_3
Parameters: 0.999964 -0.0084357 -0.000925639 0.0084246 0.999904 -0.0110133 0.00101882 0.0110048 0.999939 0.300819 -0.0445476 0.335463
FixedParameters: 0 0 0

#Transform 127
Transform: AffineTransform_float_3_3
Parameters: 0.999963 -0.00857315 -0.000725092 0.00856507 0.999894 -0.0117108 0.000825396 0.0117041 0.999931 0.293108 0.0154175 0.323713
FixedParameters: 0 0 0

#Transform 128
Transform: AffineTransform_float_3_3
Parameters: 0.999962 -0.00870228 -0.000746852 0.0086934 0.999902 -0.0109878 0.000842371 0.010981 0.99994 0.30831 0.0183911 0.339332
FixedParameters: 0 0 0

#Transform 129
Transform: AffineTransform_float_3_3
Parameters: 0.999961 -0.00879105 -0.000384141 0.00878595 0.999901 -0.0110429 0.000481467 0.0110395 0.999939 0.322318 -0.0405705 0.34056
FixedParameters: 0 0 0

#Transform 130
Transform: AffineTransform_float_3_3
Parameters: 0.999962 -0.00864886 -0.000544187 0.00864235 0.999896 -0.0115555 0.000643398 0.011551 0.999933 0.32176 0.0341746 0.3326
FixedParameters: 0 0 0

#Transform 131
Transform: AffineTransform_float_3_3
Parameters: 0.999961 -0.00886518 -0.00037394 0.00886053 0.9999 -0.0110102 0.000471325 0.011007 0.999939 0.318557 0.00656012 0.334382
FixedParameters: 0 0 0

#Transform 132
Transform: AffineTransform_float_3_3
Parameters: 0.999956 -0.00931077 -0.000504044 0.00930482 0.999896 -0.0109611 0.000605312 0.0109564 0.999939 0.330685 -6.74054e-05 0.333269
FixedParameters: 0 0 0

#Transform 133
Transform: AffineTransform_float_3_3
Parameters: 0.999958 -0.0091608 -0.000549037 0.00915316 0.999889 -0.0117978 0.000656404 0.0117929 0.99993 0.32585 0.0229249 0.302506
FixedParameters: 0 0 0

#Transform 134
Transform: AffineTransform_float_3_3
Parameters: 0.999958 -0.00911825 -0.000288183 0.00911405 0.999893 -0.0114416 0.000392998 0.0114387 0.999935 0.341814 -0.0270917 0.341395
FixedParameters: 0 0 0

#Transform 135
Transform: AffineTransform_float_3_3
Parameters: 0.999952 -0.00980793 9.19267e-05 0.00980816 0.99989 -0.0111247 1.72905e-05 0.0111255 0.999938 0.361369 0.0097658 0.298561
FixedParameters: 0 0 0

#Transform 136
Transform: AffineTransform_float_3_3
Parameters: 0.999943 -0.0106735 0.000661173 0.0106798 0.999887 -0.0105436 -0.000549207 0.0105499 0.999944 0.38024 -0.0381162 0.294802
FixedParameters: 0 0 0

#Transform 137
Transform: AffineTransform_float_3_3
Parameters: 0.99994 -0.0108921 0.000680119 0.0108993 0.999879 -0.0111105 -0.000559154 0.0111174 0.999938 0.397954 0.0858549 0.299469
FixedParameters: 0 0 0

#Transform 138
Transform: AffineTransform_float_3_3
Parameters: 0.999944 -0.0105542 0.000428316 0.0105585 0.999887 -0.0107229 -0.000315021 0.010727 0.999943 0.411047 -0.0122663 0.31093
FixedParameters: 0 0 0

#Transform 139
Transform: AffineTransform_float_3_3
Parameters: 0.99994 -0.0110037 0.000733812 0.011012 0.999868 -0.0120169 -0.000601417 0.0120246 0.999928 0.403738 -0.00632299 0.284617
FixedParameters: 0 0 0

#Transform 140
Transform: AffineTransform_float_3_3
Parameters: 0.999942 -0.0107544 0.000426094 0.0107589 0.999882 -0.0109165 -0.000308333 0.0109207 0.999941 0.407866 0.0186338 0.348113
FixedParameters: 0 0 0

#Transform 141
Transform: AffineTransform_float_3_3
Parameters: 0.999946 -0.0104063 0.000463076 0.0104103 0.999884 -0.0110654 -0.000347876 0.0110696 0.999939 0.414092 0.0280296 0.333585
FixedParameters: 0 0 0

#Transform 142
Transform: AffineTransform_float_3_3
Parameters: 0.999944 -0.0103245 0.00195478 0.0103423 0.999901 -0.0095357 -0.00185608 0.00955527 0.999953 0.384644 -0.0329566 0.324919
FixedParameters: 0 0 0

#Transform 143
Transform: AffineTransform_float_3_3
Parameters: 0.999933 -0.0113206 0.00243307 0.0113453 0.999882 -0.0104019 -0.00231477 0.0104297 0.999943 0.439481 -0.0525998 0.30174
FixedParameters: 0 0 0

#Transform 144
Transform: AffineTransform_float_3_3
Parameters: 0.999928 -0.011612 0.00284796 0.0116384 0.999889 -0.00940028 -0.00273864 0.0094329 0.999952 0.467147 0.0222214 0.325058
FixedParameters: 0 0 0

#Transform 145
Transform: AffineTransform_float_3_3
Parameters: 0.999908 -0.0131691 0.00318619 0.0131998 0.999864 -0.00982511 -0.00305616 0.00986588 0.999947 0.512183 0.0167859 0.358747
FixedParameters: 0 0 0

#Transform 146
Transform: AffineTransform_float_3_3
Parameters: 0.999933 -0.0115129 0.0012963 0.0115267 0.99987 -0.011247 -0.00116649 0.0112613 0.999936 0.483123 -0.024659 0.358257
FixedParameters: 0 0 0

#Transform 147
Transform: AffineTransform_float_3_3
Parameters: 0.999937 -0.0111363 0.00130691 0.0111495 0.999882 -0.0105721 -0.00118857 0.0105858 0.999943 0.462634 -0.0248615 0.374054
FixedParameters: 0 0 0

#Transform 148
Transform: AffineTransform_float_3_3
Parameters: 0.999938 -0.0110726 0.00130053 0.0110855 0.999884 -0.0104222 -0.00118491 0.0104366 0.999945 0.447272 -0.00358595 0.334791
FixedParameters: 0 0 0

#Transform 149
Transform: AffineTransform_float_3_3
Parameters: 0.999944 -0.010492 0.000786095 0.0104997 0.999898 -0.00970721 -0.00068343 0.0097144 0.999953 0.452322 -0.0115284 0.355746
FixedParameters: 0 0 0

#Transform 150
Transform: AffineTransform_float_3_3
Parameters: 0.999941 -0.0108411 0.00110957 0.010851 0.999891 -0.00999964 -0.00100091 0.0100103 0.99995 0.441984 0.0271309 0.366556
FixedParameters: 0 0 0

#Transform 151
Transform: AffineTransform_float_3_3
Parameters: 0.99994 -0.0108533 0.00105958 0.0108631 0.999891 -0.0100029 -0.000950599 0.0100138 0.999949 0.429861 0.00391808 0.357352
FixedParameters: 0 0 0

#Transform 152
Transform: AffineTransform_float_3_3
Parameters: 0.999937 -0.0111199 0.00144898 0.0111327 0.999896 -0.00921313 -0.00134614 0.00922793 0.999957 0.460167 -0.0351758 0.381297
FixedParameters: 0 0 0

#Transform 153
Transform: AffineTransform_float_3_3
Parameters: 0.99994 -0.0109311 0.000967168 0.0109396 0.999894 -0.00959428 -0.000862573 0.00960453 0.999953 0.466994 0.0251228 0.371966
FixedParameters: 0 0 0

#Transform 154
Transform: AffineTransform_float_3_3
Parameters: 0.999939 -0.0110102 0.000967439 0.0110182 0.999896 -0.00932254 -0.000864294 0.00933232 0.999956 0.464274 0.0494068 0.395577
FixedParameters: 0 0 0

#Transform 155
Transform: AffineTransform_float_3_3
Parameters: 0.999938 -0.0111159 0.000942508 0.0111235 0.999895 -0.00927104 -0.000838555 0.00928063 0.999956 0.466211 0.0185606 0.398302
FixedParameters: 0 0 0

#Transform 156
Transform: AffineTransform_float_3_3
Parameters: 0.999939 -0.0110364 0.000804372 0.0110435 0.999895 -0.00934981 -0.000701096 0.00935796 0.999956 0.462872 0.0481971 0.3956
FixedParameters: 0 0 0

#Transform 157
Transform: AffineTransform_float_3_3
Parameters: 0.999939 -0.0109768 0.000359189 0.0109792 0.999901 -0.008802 -0.000262133 0.00880586 0.999961 0.472781 0.0101916 0.434282
FixedParameters: 0 0 0

#Transform 158
Transform: AffineTransform_float_3_3
Parameters: 0.999952 -0.00970254 -0.000864648 0.00969334 0.999908 -0.00944722 0.000955923 0.00943855 0.999955 0.409818 0.040658 0.394691
FixedParameters: 0 0 0

#Transform 159
Transform: AffineTransform_float_3_3
Parameters: 0.999973 0.000383407 -0.00730152 -0.000445501 0.999964 -0.0084492 0.00729816 0.00845216 0.999937 0.338526 0.00210809 0.551371
FixedParameters: 0 0 0

#Transform 160
Transform: AffineTransform_float_3_3
Parameters: 0.999975 0.000632731 -0.00706548 -0.000701238 0.999953 -0.00970563 0.00705906 0.00971033 0.999928 0.255483 0.0242395 0.632616
FixedParameters: 0 0 0

#Transform 161
Transform: AffineTransform_float_3_3
Parameters: 0.999972 -0.000317956 -0.00741037 0.000238295 0.999941 -0.0108062 0.00741359 0.0108044 0.999914 0.247334 0.0619447 0.657727
FixedParameters: 0 0 0

#Transform 162
Transform: AffineTransform_float_3_3
Parameters: 0.999976 -0.0015552 -0.00674055 0.00148285 0.999941 -0.0107765 0.00675733 0.0107666 0.99992 0.280733 0.0280897 0.55454
FixedParameters: 0 0 0

#Transform 163
Transform: AffineTransform_float_3_3
Parameters: 0.999974 -0.00184076 -0.00695247 0.00176881 0.999946 -0.0102774 0.00697017 0.0102657 0.999924 0.276847 0.0156255 0.530945
FixedParameters: 0 0 0

#Transform 164
Transform: AffineTransform_float_3_3
Parameters: 0.999974 -0.00233436 -0.00678648 0.0022593 0.999936 -0.0110165 0.00681194 0.0110007 0.999916 0.318461 -0.020709 0.51227
FixedParameters: 0 0 0

#Transform 165
Transform: AffineTransform_float_3_3
Parameters: 0.999978 -0.00240963 -0.00607055 0.00234261 0.999937 -0.0110218 0.00609723 0.0110071 0.999921 0.327639 -0.0317231 0.522339
FixedParameters: 0 0 0

#Transform 166
Transform: AffineTransform_float_3_3
Parameters: 0.999978 -0.00261511 -0.00605002 0.00254646 0.999932 -0.0113565 0.00607906 0.0113404 0.999917 0.335215 0.0422358 0.499631
FixedParameters: 0 0 0

#Transform 167
Transform: AffineTransform_float_3_3
Parameters: 0.999979 -0.00287491 -0.00584238 0.00280722 0.999931 -0.0114808 0.00587579 0.011464 0.999917 0.337327 -0.0271013 0.499213
FixedParameters: 0 0 0

#Transform 168
Transform: AffineTransform_float_3_3
Parameters: 0.99996 -0.000207299 -0.00891814 8.48848e-05 0.999906 -0.0137155 0.00892034 0.0137135 0.999866 0.127907 0.0958237 0.395023
FixedParameters: 0 0 0

#Transform 169
Transform: AffineTransform_float_3_3
Parameters: 0.999954 0.000670655 -0.00951046 -0.000807988 0.999896 -0.0144099 0.00950015 0.0144173 0.999851 0.121455 -0.0263501 0.360165
FixedParameters: 0 0 0

#Transform 170
Transform: AffineTransform_float_3_3
Parameters: 0.999966 -9.21625e-06 -0.00820123 -9.83904e-05 0.999913 -0.0131988 0.00820118 0.0131986 0.999879 0.135281 -0.0206756 0.37255
FixedParameters: 0 0 0

#Transform 171
Transform: AffineTransform_float_3_3
Parameters: 0.999971 -0.000520445 -0.00765002 0.000414997 0.999905 -0.013763 0.00765652 0.0137594 0.999876 0.152598 0.0389949 0.370984
FixedParameters: 0 0 0

#Transform 172
Transform: AffineTransform_float_3_3
Parameters: 0.999977 -0.000629749 -0.00675113 0.000542752 0.999916 -0.0129267 0.00675832 0.0129225 0.999894 0.197452 0.0201708 0.394591
FixedParameters: 0 0 0

#Transform 173
Transform: AffineTransform_float_3_3
Parameters: 0.99998 -0.00125186 -0.00616788 0.00116524 0.999899 -0.014149 0.00618507 0.014142 0.999881 0.212045 -0.00359397 0.36041
FixedParameters: 0 0 0

#Transform 174
Transform: AffineTransform_float_3_3
Parameters: 0.999979 -0.00179216 -0.00624117 0.00170772 0.999906 -0.0135953 0.00626523 0.0135841 0.999888 0.26467 0.0111997 0.429203
FixedParameters: 0 0 0

#Transform 175
Transform: AffineTransform_float_3_3
Parameters: 0.99998 -0.0014687 -0.00607316 0.00137715 0.999885 -0.0150805 0.00609447 0.0150721 0.999868 0.246792 0.0740446 0.470462
FixedParameters: 0 0 0

#Transform 176
Transform: AffineTransform_float_3_3
Parameters: 0.999982 -0.00253889 -0.00544309 0.00246032 0.999893 -0.0144067 0.00547993 0.0143927 0.999881 0.257994 -0.0250404 0.391636
FixedParameters: 0 0 0

#Transform 177
Transform: AffineTransform_float_3_3
Parameters: 0.999983 -0.00250307 -0.0052026 0.00243462 0.999909 -0.0132759 0.00523505 0.0132638 0.999898 0.31331 -0.015354 0.463927
FixedParameters: 0 0 0

#Transform 178
Transform: AffineTransform_float_3_3
Parameters: 0.999979 -0.00292182 -0.00570292 0.00284689 0.99991 -0.0131157 0.00574069 0.0130987 0.999898 0.323314 0.0440147 0.463882
FixedParameters: 0 0 0

#Transform 179
Transform: AffineTransform_float_3_3
Parameters: 0.999975 -0.00305661 -0.006307 0.00296617 0.999895 -0.0142115 0.00634985 0.0141926 0.999879 0.393729 -0.0816967 0.417494
FixedParameters: 0 0 0

#Transform 180
Transform: AffineTransform_float_3_3
Parameters: 0.999976 -0.0039578 -0.00569617 0.00388646 0.999915 -0.0124407 0.00574495 0.0124182 0.999906 0.407588 -0.108529 0.3814
FixedParameters: 0 0 0

#Transform 181
Transform: AffineTransform_float_3_3
Parameters: 0.999976 -0.00481347 -0.0050693 0.00474204 0.999892 -0.0139498 0.00513578 0.0139255 0.99989 0.465438 0.00982677 0.361417
FixedParameters: 0 0 0

#Transform 182
Transform: AffineTransform_float_3_3
Parameters: 0.999972 -0.00482068 -0.00566049 0.00474274 0.999896 -0.0136644 0.00572565 0.013638 0.999891 0.479935 0.085719 0.369147
FixedParameters: 0 0 0

#Transform 183
Transform: AffineTransform_float_3_3
Parameters: 0.999973 -0.00524357 -0.00516397 0.00517635 0.999903 -0.0129603 0.00523159 0.012933 0.999903 0.50318 0.0418047 0.396963
FixedParameters: 0 0 0

#Transform 184
Transform: AffineTransform_float_3_3
Parameters: 0.999972 -0.00560224 -0.00510179 0.005538 0.999907 -0.0125154 0.00517127 0.0124876 0.999908 0.537119 6.07251e-05 0.380988
FixedParameters: 0 0 0

#Transform 185
Transform: AffineTransform_float_3_3
Parameters: 0.999972 -0.00557625 -0.00506143 0.00551409 0.999911 -0.0121401 0.00512891 0.0121119 0.999914 0.554549 -0.0601333 0.40323
FixedParameters: 0 0 0

#Transform 186
Transform: AffineTransform_float_3_3
Parameters: 0.999963 -0.00734861 -0.00439168 0.00729308 0.999895 -0.0125361 0.00448318 0.0125038 0.999912 0.719077 0.0519941 0.43737
FixedParameters: 0 0 0

#Transform 187
Transform: AffineTransform_float_3_3
Parameters: 0.999944 -0.00908869 -0.00544002 0.00901687 0.999873 -0.0131662 0.00555952 0.0131165 0.999899 0.867954 -0.019769 0.467336
FixedParameters: 0 0 0

#Transform 188
Transform: AffineTransform_float_3_3
Parameters: 0.99997 -0.00513784 -0.00577252 0.00506189 0.999902 -0.0130623 0.00583888 0.0130324 0.999898 0.617295 0.0117613 0.376924
FixedParameters: 0 0 0

#Transform 189
Transform: AffineTransform_float_3_3
