# transform file /out/sourcedata/freesurfer/sub-v1s5x0050738_ses-1/mri/transforms/cc_up.lta
# created by oesteban on Tue Mar 10 05:51:46 2026

type      = 0 # LINEAR_VOX_TO_VOX
nxforms   = 1
mean      = 126.0000 106.0000 121.0000
sigma     = 10000.0000
1 4 4
9.977343082427979e-01 -4.530235379934311e-02 4.973865672945976e-02 8.971800804138184e-01 
4.524616524577141e-02 9.989733099937439e-01 2.255593892186880e-03 3.514661788940430e+01 
-4.978977516293526e-02 0.000000000000000e+00 9.987596869468689e-01 2.240038681030273e+01 
0.000000000000000e+00 0.000000000000000e+00 0.000000000000000e+00 1.000000000000000e+00 
src volume info
valid = 1  # volume info valid
filename = /out/sourcedata/freesurfer/sub-v1s5x0050738_ses-1/mri/norm.mgz
volume = 256 256 256
voxelsize = 1.000000000000000e+00 1.000000000000000e+00 1.000000000000000e+00
xras   = -1.000000000000000e+00 -2.793967723846436e-09 0.000000000000000e+00
yras   = 7.450580596923828e-09 1.490116119384766e-08 -1.000000000000000e+00
zras   = -9.313225746154785e-10 1.000000000000000e+00 -1.490116119384766e-08
cras   = 4.223526000976562e+00 1.683197021484375e-01 6.040733337402344e+00
dst volume info
valid = 1  # volume info valid
filename = /out/sourcedata/freesurfer/sub-v1s5x0050738_ses-1/mri/norm.mgz
volume = 256 256 256
voxelsize = 1.000000000000000e+00 1.000000000000000e+00 1.000000000000000e+00
xras   = -1.000000000000000e+00 -2.793967723846436e-09 0.000000000000000e+00
yras   = 7.450580596923828e-09 1.490116119384766e-08 -1.000000000000000e+00
zras   = -9.313225746154785e-10 1.000000000000000e+00 -1.490116119384766e-08
cras   = 4.223526000976562e+00 1.683197021484375e-01 6.040733337402344e+00
