# transform file transforms/talairach.lta
# created by oesteban on Tue Mar 10 04:35:49 2026

type      = 0 # LINEAR_VOX_TO_VOX
nxforms   = 1
mean      = 126.0000 106.0000 121.0000
sigma     = 10000.0000
1 4 4
1.077282071113586e+00 -1.364465244114399e-02 6.309884786605835e-02 -1.518382358551025e+01 
1.486248802393675e-02 1.165849804878235e+00 -1.554108131676912e-02 1.327911734580994e+00 
-7.947021722793579e-02 2.128552645444870e-02 1.036197900772095e+00 -7.028676033020020e+00 
0.000000000000000e+00 0.000000000000000e+00 0.000000000000000e+00 1.000000000000000e+00 
src volume info
valid = 1  # volume info valid
filename = nu.mgz
volume = 256 256 256
voxelsize = 1.000000000000000e+00 1.000000000000000e+00 1.000000000000000e+00
xras   = -1.000000000000000e+00 -2.793967723846436e-09 0.000000000000000e+00
yras   = 7.450580596923828e-09 1.490116119384766e-08 -1.000000000000000e+00
zras   = -9.313225746154785e-10 1.000000000000000e+00 -1.490116119384766e-08
cras   = 4.223526000976562e+00 1.683197021484375e-01 6.040733337402344e+00
dst volume info
valid = 1  # volume info valid
filename = /opt/freesurfer/average/RB_all_2020-01-02.gca
volume = 256 256 256
voxelsize = 1.000000000000000e+00 1.000000000000000e+00 1.000000000000000e+00
xras   = -1.000000000000000e+00 0.000000000000000e+00 0.000000000000000e+00
yras   = 0.000000000000000e+00 0.000000000000000e+00 -1.000000000000000e+00
zras   = 0.000000000000000e+00 1.000000000000000e+00 0.000000000000000e+00
cras   = 0.000000000000000e+00 0.000000000000000e+00 0.000000000000000e+00
