# transform file /out/sourcedata/freesurfer/sub-v1s5x0050732_ses-1/mri/transforms/cc_up.lta
# created by oesteban on Tue Mar 10 04:56:16 2026

type      = 0 # LINEAR_VOX_TO_VOX
nxforms   = 1
mean      = 129.0000 102.0000 122.0000
sigma     = 10000.0000
1 4 4
9.980539083480835e-01 5.634650588035583e-02 -2.671202644705772e-02 -2.564607858657837e+00 
-5.632633715867996e-02 9.984112977981567e-01 1.507524517364800e-03 5.117846679687500e+01 
2.675453387200832e-02 -1.164153218269348e-10 9.996420741081238e-01 1.161321544647217e+01 
0.000000000000000e+00 0.000000000000000e+00 0.000000000000000e+00 1.000000000000000e+00 
src volume info
valid = 1  # volume info valid
filename = /out/sourcedata/freesurfer/sub-v1s5x0050732_ses-1/mri/norm.mgz
volume = 256 256 256
voxelsize = 1.000000000000000e+00 1.000000000000000e+00 1.000000000000000e+00
xras   = -1.000000000000000e+00 -2.502929419279099e-09 -1.862645149230957e-09
yras   = -1.862645149230957e-09 -9.313225746154785e-10 -1.000000119209290e+00
zras   = -1.236912794411182e-09 1.000000119209290e+00 0.000000000000000e+00
cras   = 1.634330749511719e+00 1.664483642578125e+01 -2.145149230957031e+01
dst volume info
valid = 1  # volume info valid
filename = /out/sourcedata/freesurfer/sub-v1s5x0050732_ses-1/mri/norm.mgz
volume = 256 256 256
voxelsize = 1.000000000000000e+00 1.000000000000000e+00 1.000000000000000e+00
xras   = -1.000000000000000e+00 -2.502929419279099e-09 -1.862645149230957e-09
yras   = -1.862645149230957e-09 -9.313225746154785e-10 -1.000000119209290e+00
zras   = -1.236912794411182e-09 1.000000119209290e+00 0.000000000000000e+00
cras   = 1.634330749511719e+00 1.664483642578125e+01 -2.145149230957031e+01
