# transform file transforms/talairach.lta
# created by oesteban on Tue Mar 10 03:58:38 2026

type      = 0 # LINEAR_VOX_TO_VOX
nxforms   = 1
mean      = 129.0000 102.0000 123.0000
sigma     = 10000.0000
1 4 4
1.075404286384583e+00 4.293619841337204e-02 3.075346350669861e-03 -1.705364227294922e+01 
-4.774127900600433e-02 1.129863500595093e+00 8.499444462358952e-03 1.624991035461426e+01 
-3.401010762900114e-03 -8.536000736057758e-03 9.574186205863953e-01 -4.167441368103027e+00 
0.000000000000000e+00 0.000000000000000e+00 0.000000000000000e+00 1.000000000000000e+00 
src volume info
valid = 1  # volume info valid
filename = nu.mgz
volume = 256 256 256
voxelsize = 1.000000000000000e+00 1.000000000000000e+00 1.000000000000000e+00
xras   = -1.000000000000000e+00 -2.502929419279099e-09 -1.862645149230957e-09
yras   = -1.862645149230957e-09 -9.313225746154785e-10 -1.000000119209290e+00
zras   = -1.236912794411182e-09 1.000000119209290e+00 0.000000000000000e+00
cras   = 1.634330749511719e+00 1.664483642578125e+01 -2.145149230957031e+01
dst volume info
valid = 1  # volume info valid
filename = /opt/freesurfer/average/RB_all_2020-01-02.gca
volume = 256 256 256
voxelsize = 1.000000000000000e+00 1.000000000000000e+00 1.000000000000000e+00
xras   = -1.000000000000000e+00 0.000000000000000e+00 0.000000000000000e+00
yras   = 0.000000000000000e+00 0.000000000000000e+00 -1.000000000000000e+00
zras   = 0.000000000000000e+00 1.000000000000000e+00 0.000000000000000e+00
cras   = 0.000000000000000e+00 0.000000000000000e+00 0.000000000000000e+00
