type      = 0 # LINEAR_VOX_TO_VOX
nxforms   = 1
mean      = 0.0000 0.0000 0.0000
sigma     = 1.0000
1 4 4
1.071558952331543e+00 1.882000453770161e-02 -7.059987401589751e-04 -1.193927001953125e+01 
-2.010999806225300e-02 1.064590096473694e+00 1.446800213307142e-02 1.851834106445312e+01 
2.343399822711945e-02 -8.934100717306137e-02 9.927130937576294e-01 -5.878417968750000e+00 
0.000000000000000e+00 0.000000000000000e+00 0.000000000000000e+00 1.000000000000000e+00 
src volume info
valid = 1  # volume info valid
filename = /out/sourcedata/freesurfer/sub-v1s5x0050732_ses-1/mri/orig.mgz
volume = 256 256 256
voxelsize = 1.000000000000000e+00 1.000000000000000e+00 1.000000000000000e+00
xras   = -1.000000000000000e+00 -2.502929419279099e-09 -1.862645149230957e-09
yras   = -1.862645149230957e-09 -9.313225746154785e-10 -1.000000119209290e+00
zras   = -1.236912794411182e-09 1.000000119209290e+00 0.000000000000000e+00
cras   = 1.634330749511719e+00 1.664483642578125e+01 -2.145149230957031e+01
dst volume info
valid = 1  # volume info valid
filename = /opt/freesurfer/average/mni305.cor.mgz
volume = 256 256 256
voxelsize = 1.000000000000000e+00 1.000000000000000e+00 1.000000000000000e+00
xras   = -1.000000000000000e+00 0.000000000000000e+00 0.000000000000000e+00
yras   = 0.000000000000000e+00 0.000000000000000e+00 -1.000000000000000e+00
zras   = 0.000000000000000e+00 1.000000000000000e+00 0.000000000000000e+00
cras   = 0.000000000000000e+00 0.000000000000000e+00 0.000000000000000e+00
subject fsaverage
fscale 0.100000
