#Insight Transform File V1.0
#Transform 0
Transform: AffineTransform_float_3_3
Parameters: 0.999999 -8.62884e-05 0.00180299 8.27159e-05 0.999999 0.00182117 -0.00180321 -0.00182099 0.999996 0.023167 -0.0110062 0.25896
FixedParameters: 0 0 0

#Transform 1
Transform: AffineTransform_float_3_3
Parameters: 0.999999 -5.33063e-05 0.00179475 5.16234e-05 1 0.00101377 -0.00179485 -0.00101367 0.999998 0.0231464 0.0144383 0.250824
FixedParameters: 0 0 0

#Transform 2
Transform: AffineTransform_float_3_3
Parameters: 0.999999 -5.89861e-05 0.00150367 5.73448e-05 0.999999 0.0012096 -0.00150373 -0.00120952 0.999998 0.0285681 -0.0110434 0.246219
FixedParameters: 0 0 0

#Transform 3
Transform: AffineTransform_float_3_3
Parameters: 0.999999 -5.86612e-05 0.00150351 5.70443e-05 1 0.00120161 -0.00150356 -0.00120153 0.999998 0.0259996 -0.0401778 0.197454
FixedParameters: 0 0 0

#Transform 4
Transform: AffineTransform_float_3_3
Parameters: 0.999998 -2.52776e-05 0.00161949 2.50798e-05 1 0.000356701 -0.00161951 -0.00035667 0.999998 0.0252532 0.0578013 0.199061
FixedParameters: 0 0 0

#Transform 5
Transform: AffineTransform_float_3_3
Parameters: 0.999999 -2.65256e-05 0.00148755 2.62623e-05 1 0.000410366 -0.00148757 -0.000410338 0.999999 0.0188564 -0.024823 0.187804
FixedParameters: 0 0 0

#Transform 6
Transform: AffineTransform_float_3_3
Parameters: 0.999997 -5.26561e-05 0.00218507 5.05292e-05 0.999999 0.000924846 -0.00218508 -0.000924736 0.999997 -0.0147411 0.0080177 0.171995
FixedParameters: 0 0 0

#Transform 7
Transform: AffineTransform_float_3_3
Parameters: 0.999999 -5.47622e-05 0.00150158 5.3438e-05 1 0.00110569 -0.00150162 -0.00110562 0.999999 -0.0153843 -0.00278361 0.17989
FixedParameters: 0 0 0

#Transform 8
Transform: AffineTransform_float_3_3
Parameters: 0.999999 4.93583e-05 0.00144978 -4.71258e-05 0.999999 -0.00145882 -0.00144986 0.00145874 0.999998 -0.000468291 -0.00888139 0.0280126
FixedParameters: 0 0 0

#Transform 9
Transform: AffineTransform_float_3_3
Parameters: 1 -0.00011428 0.00059028 0.000114996 1 -0.000599902 -0.00059114 0.000600058 0.999999 0.0194475 0.0325694 0.0836469
FixedParameters: 0 0 0

#Transform 10
Transform: AffineTransform_float_3_3
Parameters: 0.999999 6.80162e-05 0.000854173 -6.77313e-05 1 -0.000166801 -0.000854196 0.000166685 0.999999 0.00199932 -0.0643922 0.0859666
FixedParameters: 0 0 0

#Transform 11
Transform: AffineTransform_float_3_3
Parameters: 0.999999 -6.81347e-05 0.000978136 6.78724e-05 1 0.000113784 -0.000978172 -0.000114649 0.999999 0.0134638 0.0703897 0.14143
FixedParameters: 0 0 0

#Transform 12
Transform: AffineTransform_float_3_3
Parameters: 0.999999 -0.000236507 0.000860842 0.000235313 0.999999 0.000693274 -0.000861091 -0.000692881 1 0.0356312 0.032127 0.159892
FixedParameters: 0 0 0

#Transform 13
Transform: AffineTransform_float_3_3
Parameters: 1 -0.000502159 0.00046499 0.000501467 0.999998 0.00189503 -0.000465733 -0.00189463 0.999998 0.0172862 -0.0948558 0.211904
FixedParameters: 0 0 0

#Transform 14
Transform: AffineTransform_float_3_3
Parameters: 1 -0.000404459 0.000147772 0.000404443 1 5.53213e-05 -0.000147817 -5.52018e-05 1 0.0523201 0.024861 0.127513
FixedParameters: 0 0 0

#Transform 15
Transform: AffineTransform_float_3_3
Parameters: 1 -0.000132205 -0.000551325 0.000132399 1 0.000176049 0.000551279 -0.000176195 1 0.0431597 0.0435142 0.186705
FixedParameters: 0 0 0

#Transform 16
Transform: AffineTransform_float_3_3
Parameters: 1 -0.000189195 -0.000521717 0.000190959 0.999998 0.00165258 0.000521245 -0.0016528 0.999999 0.0221413 -0.0900833 0.166833
FixedParameters: 0 0 0

#Transform 17
Transform: AffineTransform_float_3_3
Parameters: 0.999999 -0.000134447 -0.000799305 0.000134893 1 0.000279025 0.00079923 -0.00027924 0.999999 0.0198557 -0.0185588 0.0133408
FixedParameters: 0 0 0

#Transform 18
Transform: AffineTransform_float_3_3
Parameters: 1 -0.000154914 -0.000539536 0.000155738 0.999999 0.000764468 0.000539299 -0.000764635 0.999999 0.0115584 0.0201661 0.0179436
FixedParameters: 0 0 0

#Transform 19
Transform: AffineTransform_float_3_3
Parameters: 1 -0.000172089 -9.72658e-05 0.000172347 1 0.0011223 9.69573e-05 -0.00112233 1 0.0123953 -0.0530357 0.0595518
FixedParameters: 0 0 0

#Transform 20
Transform: AffineTransform_float_3_3
Parameters: 1 -0.000140555 4.39846e-05 0.000141528 1 0.000285862 -4.40602e-05 -0.000285889 1 0.00941056 -0.00294029 0.029235
FixedParameters: 0 0 0

#Transform 21
Transform: AffineTransform_float_3_3
Parameters: 1 -0.000146916 -0.000341383 0.00014731 1 0.000520588 0.00034125 -0.00051969 1 0.0185884 0.0315199 0.0338668
FixedParameters: 0 0 0

#Transform 22
Transform: AffineTransform_float_3_3
Parameters: 1 -0.000133004 -7.05154e-05 0.00013302 1 0.000112322 7.04855e-05 -0.000112341 1 0.00303678 -0.0344233 0.0857034
FixedParameters: 0 0 0

#Transform 23
Transform: AffineTransform_float_3_3
Parameters: 1 -7.55497e-06 0.000138916 6.89768e-06 1 -0.00108311 -0.000138827 0.00108315 1 0.0200981 0.023364 -0.0121604
FixedParameters: 0 0 0

#Transform 24
Transform: AffineTransform_float_3_3
Parameters: 1 2.83043e-05 -0.000201786 -2.76593e-05 0.999999 -0.000875696 0.000201742 0.000875668 0.999999 0.0328646 0.0824969 -0.0585038
FixedParameters: 0 0 0

#Transform 25
Transform: AffineTransform_float_3_3
Parameters: 1 -6.03651e-05 -7.82153e-05 6.03202e-05 1 -0.000287063 7.825e-05 0.000287053 1 0.0223633 -0.0146057 -0.0514977
FixedParameters: 0 0 0

#Transform 26
Transform: AffineTransform_float_3_3
Parameters: 1 -0.000107014 0.000404398 0.000107256 1 -0.000298592 -0.000404334 0.000298679 1 0.0423018 -0.0035343 -0.108274
FixedParameters: 0 0 0

#Transform 27
Transform: AffineTransform_float_3_3
Parameters: 1 -9.8902e-05 -2.67627e-05 9.88593e-05 0.999999 -0.000796096 2.69201e-05 0.000796091 0.999999 0.0485868 0.101337 -0.0748914
FixedParameters: 0 0 0

#Transform 28
Transform: AffineTransform_float_3_3
Parameters: 1 -0.000160479 -2.67983e-05 0.000160437 0.999999 -0.00078249 2.70494e-05 0.000782482 0.999999 0.0472417 0.0448982 -0.0933663
FixedParameters: 0 0 0

#Transform 29
Transform: AffineTransform_float_3_3
Parameters: 1 -7.7256e-05 -3.78759e-05 7.71936e-05 0.999999 -0.00134956 3.81624e-05 0.00134955 0.999999 0.0405507 -0.019095 -0.147157
FixedParameters: 0 0 0

#Transform 30
Transform: AffineTransform_float_3_3
Parameters: 1 -0.000200016 -0.000505437 0.000199732 0.999999 -0.00134503 0.000506079 0.00134579 0.999999 0.0605626 0.00983293 -0.19802
FixedParameters: 0 0 0

#Transform 31
Transform: AffineTransform_float_3_3
Parameters: 0.999997 -0.000806583 -0.00201557 0.000798925 0.999991 -0.00396527 0.00201865 0.00396376 0.99999 0.101151 -0.0173237 -0.683183
FixedParameters: 0 0 0

#Transform 32
Transform: AffineTransform_float_3_3
Parameters: 0.999998 -0.000260164 -0.00232473 0.000254704 0.999997 -0.00247227 0.00232529 0.00247182 0.999995 0.0804405 0.0284384 -0.480385
FixedParameters: 0 0 0

#Transform 33
Transform: AffineTransform_float_3_3
Parameters: 0.999996 0.000141303 -0.00258971 -0.000145191 0.999999 -0.00170455 0.0025904 0.00170504 0.999995 0.0468706 0.0994513 -0.33619
FixedParameters: 0 0 0

#Transform 34
Transform: AffineTransform_float_3_3
Parameters: 0.999997 0.000300135 -0.00241787 -0.00030148 1 -0.000872651 0.00241734 0.000872966 0.999996 0.0403303 -0.0111313 -0.249681
FixedParameters: 0 0 0

#Transform 35
Transform: AffineTransform_float_3_3
Parameters: 0.999998 0.000553417 -0.00223174 -0.000557059 0.999999 -0.00169278 0.00222993 0.00169407 0.999996 0.0365422 0.0768511 -0.301011
FixedParameters: 0 0 0

#Transform 36
Transform: AffineTransform_float_3_3
Parameters: 0.999998 0.000273677 -0.00235086 -0.000278766 0.999997 -0.00212731 0.00234985 0.00212737 0.999995 0.0561678 0.0931834 -0.280385
FixedParameters: 0 0 0

#Transform 37
Transform: AffineTransform_float_3_3
Parameters: 0.999998 0.000149173 -0.00193538 -0.000153348 0.999999 -0.00184261 0.00193497 0.00184205 0.999997 0.0350364 0.0318624 -0.247569
FixedParameters: 0 0 0

#Transform 38
Transform: AffineTransform_float_3_3
Parameters: 0.999999 0.000143937 -0.00179885 -0.000147125 0.999999 -0.00171849 0.00179845 0.00171888 0.999997 0.0489604 0.0475515 -0.244166
FixedParameters: 0 0 0

#Transform 39
Transform: AffineTransform_float_3_3
Parameters: 0.999998 -0.00010951 -0.0016361 0.000106914 0.999999 -0.00173214 0.00163666 0.00173265 0.999997 0.0434174 0.0596238 -0.318629
FixedParameters: 0 0 0

#Transform 40
Transform: AffineTransform_float_3_3
Parameters: 0.999999 -1.89769e-05 -0.00179766 1.57374e-05 0.999998 -0.00172518 0.00179681 0.00172499 0.999997 0.0425726 0.0472437 -0.270573
FixedParameters: 0 0 0

#Transform 41
Transform: AffineTransform_float_3_3
Parameters: 0.999999 -0.000280662 -0.00152371 0.000276956 0.999998 -0.00222779 0.00152421 0.00222683 0.999997 0.065559 0.030845 -0.281685
FixedParameters: 0 0 0

#Transform 42
Transform: AffineTransform_float_3_3
Parameters: 0.999997 0.00018439 -0.00221714 -0.000190564 0.999996 -0.00276133 0.00221645 0.0027619 0.999993 0.0756245 0.0852855 -0.300668
FixedParameters: 0 0 0

#Transform 43
Transform: AffineTransform_float_3_3
Parameters: 0.999997 0.00017586 -0.00217849 -0.000181871 0.999996 -0.00253424 0.00217792 0.00253478 0.999995 0.0624605 0.0629863 -0.278909
FixedParameters: 0 0 0

#Transform 44
Transform: AffineTransform_float_3_3
Parameters: 0.999999 0.000174432 -0.00185241 -0.000179779 0.999996 -0.00253192 0.00185177 0.00253239 0.999995 0.0539243 0.0922008 -0.267742
FixedParameters: 0 0 0

#Transform 45
Transform: AffineTransform_float_3_3
Parameters: 0.999999 0.000181829 -0.00159393 -0.000186503 0.999996 -0.00275711 0.00159325 0.00275752 0.999995 0.0470435 0.0787208 -0.2956
FixedParameters: 0 0 0

#Transform 46
Transform: AffineTransform_float_3_3
Parameters: 0.999999 -0.000256557 -0.00128304 0.000252048 0.999994 -0.00339774 0.00128327 0.00339695 0.999994 0.0582868 0.0928115 -0.366586
FixedParameters: 0 0 0

#Transform 47
Transform: AffineTransform_float_3_3
Parameters: 0.999999 -0.000577411 -0.00061518 0.000576093 0.999995 -0.00286427 0.000616834 0.00286451 0.999995 0.0481913 0.0727356 -0.329843
FixedParameters: 0 0 0

#Transform 48
Transform: AffineTransform_float_3_3
Parameters: 0.999999 -0.000276732 -0.000687443 0.000274917 0.999995 -0.00292095 0.000688401 0.0029215 0.999995 0.043755 -0.00186566 -0.377418
FixedParameters: 0 0 0

#Transform 49
Transform: AffineTransform_float_3_3
Parameters: 0.999999 0.000447568 -0.000986473 -0.000451469 0.999995 -0.00307012 0.000985089 0.0030699 0.999995 0.0440762 0.106293 -0.418259
FixedParameters: 0 0 0

#Transform 50
Transform: AffineTransform_float_3_3
Parameters: 0.999997 0.000200934 -0.00235201 -0.000202211 0.999999 -0.000661891 0.00235173 0.000661727 0.999997 0.111366 0.023461 -0.201641
FixedParameters: 0 0 0

#Transform 51
Transform: AffineTransform_float_3_3
Parameters: 0.999998 -0.000105168 -0.0019986 9.95181e-05 0.999997 -0.00269359 0.00199852 0.00269398 0.999995 0.106867 -0.0147408 -0.253723
FixedParameters: 0 0 0

#Transform 52
Transform: AffineTransform_float_3_3
Parameters: 0.999999 0.000219658 -0.00139084 -0.000224633 0.999995 -0.00290583 0.00139087 0.0029063 0.999995 0.0326472 0.0766229 -0.319597
FixedParameters: 0 0 0

#Transform 53
Transform: AffineTransform_float_3_3
Parameters: 0.999999 0.00023399 -0.00155844 -0.000237073 0.999998 -0.00196296 0.00155769 0.00196356 0.999997 0.0507543 0.0588156 -0.286949
FixedParameters: 0 0 0

#Transform 54
Transform: AffineTransform_float_3_3
Parameters: 0.999999 0.000248023 -0.000868536 -0.000250108 0.999997 -0.00241491 0.000868574 0.00241524 0.999996 0.0518466 0.0856569 -0.368414
FixedParameters: 0 0 0

#Transform 55
Transform: AffineTransform_float_3_3
Parameters: 0.999999 0.000233546 -0.00095358 -0.000235371 0.999998 -0.00202639 0.000952853 0.00202574 0.999998 0.0597164 0.0770879 -0.324071
FixedParameters: 0 0 0

#Transform 56
Transform: AffineTransform_float_3_3
Parameters: 1 -0.000234098 -0.000931496 0.000232533 0.999999 -0.000838357 0.000931907 0.000838909 0.999999 0.106237 -0.0243691 -0.419871
FixedParameters: 0 0 0

#Transform 57
Transform: AffineTransform_float_3_3
Parameters: 0.999997 -0.000802104 -0.00238441 0.000803439 0.999999 0.000499292 0.00238464 -0.000501138 0.999997 0.128432 -0.00666877 -0.269008
FixedParameters: 0 0 0

#Transform 58
Transform: AffineTransform_float_3_3
Parameters: 0.999996 -0.000385187 -0.00253019 0.000383719 0.999999 -0.000668649 0.00253073 0.000667589 0.999996 0.109853 0.0416659 -0.300982
FixedParameters: 0 0 0

#Transform 59
Transform: AffineTransform_float_3_3
Parameters: 0.999997 -0.000277847 -0.00253088 0.000276065 0.999999 -0.000730222 0.00253131 0.000729705 0.999996 0.104518 -0.0112181 -0.278922
FixedParameters: 0 0 0

#Transform 60
Transform: AffineTransform_float_3_3
Parameters: 0.999996 -0.000465634 -0.00298718 0.000461882 0.999999 -0.00144475 0.00298756 0.00144275 0.999994 0.113024 0.0438133 -0.215908
FixedParameters: 0 0 0

#Transform 61
Transform: AffineTransform_float_3_3
Parameters: 0.999996 -0.000446112 -0.00255781 0.000440674 0.999998 -0.00203993 0.00255882 0.00203844 0.999994 0.0751927 0.0878792 -0.276923
FixedParameters: 0 0 0

#Transform 62
Transform: AffineTransform_float_3_3
Parameters: 0.999996 -0.000596136 -0.00260832 0.00059209 0.999999 -0.00173392 0.00260958 0.00173161 0.999995 0.0722963 -0.0061079 -0.294801
FixedParameters: 0 0 0

#Transform 63
Transform: AffineTransform_float_3_3
Parameters: 0.999997 -0.0003706 -0.00272049 0.000363321 0.999997 -0.00263714 0.00272174 0.00263685 0.999993 0.0752354 0.107049 -0.318613
FixedParameters: 0 0 0

#Transform 64
Transform: AffineTransform_float_3_3
Parameters: 0.999996 -0.000312549 -0.00256411 0.000306376 0.999997 -0.00238058 0.00256487 0.00237974 0.999994 0.073815 0.0859159 -0.260933
FixedParameters: 0 0 0

#Transform 65
Transform: AffineTransform_float_3_3
Parameters: 0.999995 -0.000313131 -0.00295572 0.000306077 0.999998 -0.00220765 0.00295638 0.00220655 0.999993 0.0727105 0.0279094 -0.29971
FixedParameters: 0 0 0

#Transform 66
Transform: AffineTransform_float_3_3
Parameters: 0.999996 -0.000303555 -0.00256407 0.000297384 0.999997 -0.00238021 0.00256479 0.00237941 0.999994 0.0642739 0.0368651 -0.308116
FixedParameters: 0 0 0

#Transform 67
Transform: AffineTransform_float_3_3
Parameters: 0.999995 -0.00010822 -0.00298316 0.0001011 0.999997 -0.00236366 0.00298394 0.00236371 0.999993 0.0726723 0.0952105 -0.301935
FixedParameters: 0 0 0

#Transform 68
Transform: AffineTransform_float_3_3
Parameters: 0.999998 -0.000514903 -0.00230176 0.000507814 0.999995 -0.00308683 0.0023033 0.00308521 0.999992 0.0505591 0.053419 -0.330405
FixedParameters: 0 0 0

#Transform 69
Transform: AffineTransform_float_3_3
Parameters: 0.999998 -0.000420418 -0.00187688 0.000414464 0.999993 -0.00351375 0.00187837 0.00351392 0.999992 0.0491405 0.0853112 -0.382702
FixedParameters: 0 0 0

#Transform 70
Transform: AffineTransform_float_3_3
Parameters: 0.999998 -0.000348254 -0.00205381 0.000341625 0.999994 -0.00336714 0.00205466 0.00336645 0.999993 0.0541766 0.0973615 -0.3347
FixedParameters: 0 0 0

#Transform 71
Transform: AffineTransform_float_3_3
Parameters: 0.999998 -0.000230116 -0.00198588 0.000224616 0.999995 -0.00318549 0.00198678 0.0031853 0.999993 0.0508998 0.0785533 -0.346941
FixedParameters: 0 0 0

#Transform 72
Transform: AffineTransform_float_3_3
Parameters: 0.999998 -6.55327e-05 -0.00193651 5.86966e-05 0.999994 -0.00363313 0.00193649 0.00363361 0.999991 0.0255209 0.104964 -0.361187
FixedParameters: 0 0 0

#Transform 73
Transform: AffineTransform_float_3_3
Parameters: 0.999998 -0.000257869 -0.00233591 0.00025061 0.999995 -0.00307851 0.00233584 0.00307806 0.999992 0.0588615 0.112918 -0.35761
FixedParameters: 0 0 0

#Transform 74
Transform: AffineTransform_float_3_3
Parameters: 0.999998 -0.000467621 -0.00228193 0.000459622 0.999994 -0.00355672 0.00228378 0.00355629 0.999991 0.0595994 0.0732174 -0.335365
FixedParameters: 0 0 0

#Transform 75
Transform: AffineTransform_float_3_3
Parameters: 0.999997 -0.000447956 -0.00237938 0.000438798 0.999992 -0.00408551 0.00238071 0.00408403 0.999989 0.0606115 0.0831635 -0.362004
FixedParameters: 0 0 0

#Transform 76
Transform: AffineTransform_float_3_3
Parameters: 0.999996 -0.000306441 -0.00265977 0.000296134 0.999993 -0.00366463 0.0026616 0.00366365 0.99999 0.0666757 0.0923074 -0.327505
FixedParameters: 0 0 0

#Transform 77
Transform: AffineTransform_float_3_3
Parameters: 0.999997 -0.000166998 -0.00214428 0.000159543 0.999993 -0.00366017 0.00214409 0.00366016 0.999991 0.0551971 0.0999617 -0.314369
FixedParameters: 0 0 0

#Transform 78
Transform: AffineTransform_float_3_3
Parameters: 0.999999 2.96898e-05 -0.00152751 -3.40192e-05 0.999996 -0.00276365 0.00152767 0.00276357 0.999995 0.0390978 0.0263654 -0.317858
FixedParameters: 0 0 0

#Transform 79
Transform: AffineTransform_float_3_3
Parameters: 0.999997 -2.24154e-05 -0.00223468 1.5508e-05 0.999995 -0.00290564 0.00223421 0.0029053 0.999994 0.0639348 0.136237 -0.330635
FixedParameters: 0 0 0

#Transform 80
Transform: AffineTransform_float_3_3
Parameters: 0.999998 -0.000269508 -0.00158172 0.000262646 0.999992 -0.0038277 0.00158241 0.00382667 0.999992 0.0611979 0.0501639 -0.338559
FixedParameters: 0 0 0

#Transform 81
Transform: AffineTransform_float_3_3
Parameters: 1 -0.000308471 -0.00111446 0.000304147 0.999993 -0.00386362 0.0011154 0.00386281 0.999992 0.0776107 0.0631655 -0.306651
FixedParameters: 0 0 0

#Transform 82
Transform: AffineTransform_float_3_3
Parameters: 0.999999 -0.000204536 -0.00157207 0.000198656 0.999991 -0.00419967 0.0015725 0.00419878 0.99999 0.0866718 0.118256 -0.299911
FixedParameters: 0 0 0

#Transform 83
Transform: AffineTransform_float_3_3
Parameters: 0.999999 8.17002e-05 -0.00135975 -8.76889e-05 0.999992 -0.00416028 0.00135878 0.00416031 0.999991 0.0681772 0.143201 -0.284671
FixedParameters: 0 0 0

#Transform 84
Transform: AffineTransform_float_3_3
Parameters: 0.999999 -0.000176501 -0.000949886 0.000172487 0.99999 -0.00444819 0.000951264 0.0044487 0.999989 0.0820372 0.088224 -0.301609
FixedParameters: 0 0 0

#Transform 85
Transform: AffineTransform_float_3_3
Parameters: 0.999999 -0.000643458 0.000278145 0.000645468 0.99999 -0.00457797 -0.000275454 0.00457844 0.999989 0.138702 0.176825 -0.364274
FixedParameters: 0 0 0

#Transform 86
Transform: AffineTransform_float_3_3
Parameters: 0.999999 -0.000657329 0.000142165 0.000657863 0.999991 -0.00421849 -0.00013893 0.00421776 0.999991 0.156736 0.144312 -0.324137
FixedParameters: 0 0 0

#Transform 87
Transform: AffineTransform_float_3_3
Parameters: 0.999998 -0.000618538 0.00141221 0.000625881 0.999986 -0.00525181 -0.00140863 0.00525292 0.999986 0.118815 -0.0288087 -0.520731
FixedParameters: 0 0 0

#Transform 88
Transform: AffineTransform_float_3_3
Parameters: 0.999999 -0.00117533 -0.000210054 0.00117538 0.999996 -0.00260943 0.000212362 0.00260898 0.999996 0.144104 0.140688 -0.2057
FixedParameters: 0 0 0

#Transform 89
Transform: AffineTransform_float_3_3
Parameters: 0.999999 -0.00118678 -0.000885072 0.00118496 0.999997 -0.0022377 0.000887575 0.00223658 0.999997 0.143293 0.0518128 -0.0855864
FixedParameters: 0 0 0

#Transform 90
Transform: AffineTransform_float_3_3
Parameters: 0.999999 -0.00115025 -0.000692594 0.00114806 0.999994 -0.00321181 0.000696331 0.00321122 0.999994 0.160141 0.101072 -0.158107
FixedParameters: 0 0 0

#Transform 91
Transform: AffineTransform_float_3_3
Parameters: 1 -0.000943101 -0.00024023 0.000942662 0.999994 -0.00353561 0.000243306 0.0035352 0.999994 0.147162 0.107162 -0.204835
FixedParameters: 0 0 0

#Transform 92
Transform: AffineTransform_float_3_3
Parameters: 0.999999 -0.00116667 -9.14721e-05 0.00116634 0.999996 -0.00284354 9.43536e-05 0.00284341 0.999996 0.143542 0.0761259 -0.253919
FixedParameters: 0 0 0

#Transform 93
Transform: AffineTransform_float_3_3
Parameters: 1 -0.000112075 2.92304e-05 0.000112526 0.999994 -0.00346432 -2.89804e-05 0.00346434 0.999994 0.130761 0.134751 -0.298466
FixedParameters: 0 0 0

#Transform 94
Transform: AffineTransform_float_3_3
Parameters: 1 -0.000100379 0.000285889 0.000101831 0.999993 -0.00378232 -0.000285579 0.00378243 0.999993 0.106609 0.136911 -0.322218
FixedParameters: 0 0 0

#Transform 95
Transform: AffineTransform_float_3_3
Parameters: 1 -0.000476811 0.000165724 0.000477707 0.99999 -0.00445818 -0.000163682 0.00445842 0.99999 0.13044 0.125523 -0.353876
FixedParameters: 0 0 0

#Transform 96
Transform: AffineTransform_float_3_3
Parameters: 1 -0.000828775 -0.000369503 0.000826831 0.999989 -0.0044885 0.000373655 0.00448791 0.99999 0.146452 0.149614 -0.32698
FixedParameters: 0 0 0

#Transform 97
Transform: AffineTransform_float_3_3
Parameters: 0.999999 -0.00070621 0.000450161 0.000708262 0.999992 -0.00411429 -0.000447735 0.00411408 0.999991 0.129024 0.121662 -0.288432
FixedParameters: 0 0 0

#Transform 98
Transform: AffineTransform_float_3_3
Parameters: 1 -0.000967535 0.000346665 0.000969311 0.999988 -0.00484107 -0.000341445 0.0048409 0.999989 0.132925 0.189763 -0.339568
FixedParameters: 0 0 0

#Transform 99
Transform: AffineTransform_float_3_3
Parameters: 1 -0.000944232 0.000426833 0.000946479 0.99999 -0.00452241 -0.000422593 0.00452239 0.99999 0.13032 0.218226 -0.373051
FixedParameters: 0 0 0

#Transform 100
Transform: AffineTransform_float_3_3
Parameters: 0.999999 -0.00082735 -0.000102394 0.000826875 0.99999 -0.00453867 0.000106696 0.00453857 0.99999 0.150547 0.148475 -0.352943
FixedParameters: 0 0 0

#Transform 101
Transform: AffineTransform_float_3_3
Parameters: 0.999999 -0.000608252 0.000157199 0.000609304 0.999987 -0.00493357 -0.000154246 0.00493386 0.999988 0.138142 0.153787 -0.377453
FixedParameters: 0 0 0

#Transform 102
Transform: AffineTransform_float_3_3
Parameters: 1 -0.00071808 -0.000268711 0.000717134 0.99999 -0.0042519 0.000271456 0.00425154 0.999991 0.148183 0.21248 -0.341603
FixedParameters: 0 0 0

#Transform 103
Transform: AffineTransform_float_3_3
Parameters: 0.999999 -0.000755798 -0.000269895 0.000754803 0.999989 -0.00446556 0.000273439 0.00446517 0.99999 0.14264 0.139389 -0.346178
FixedParameters: 0 0 0

#Transform 104
Transform: AffineTransform_float_3_3
Parameters: 1 -0.000963697 0.000193877 0.000965039 0.999988 -0.00482899 -0.000189689 0.0048295 0.999989 0.134475 0.174448 -0.373076
FixedParameters: 0 0 0

#Transform 105
Transform: AffineTransform_float_3_3
Parameters: 1 -0.000940464 0.000135483 0.000941515 0.999985 -0.00541851 -0.000130255 0.00541891 0.999985 0.135404 0.187538 -0.449444
FixedParameters: 0 0 0

#Transform 106
Transform: AffineTransform_float_3_3
Parameters: 1 -0.000838702 0.000439368 0.000840403 0.999988 -0.00486388 -0.000435361 0.00486382 0.999988 0.147986 0.151004 -0.466989
FixedParameters: 0 0 0

#Transform 107
Transform: AffineTransform_float_3_3
Parameters: 0.999999 -0.000964736 0.000714013 0.000968065 0.999988 -0.004827 -0.000709845 0.00482763 0.999988 0.142443 0.207186 -0.418612
FixedParameters: 0 0 0

#Transform 108
Transform: AffineTransform_float_3_3
Parameters: 1 -0.000947854 0.000421988 0.000950784 0.999986 -0.00524116 -0.000417033 0.00524114 0.999987 0.152968 0.136323 -0.498232
FixedParameters: 0 0 0

#Transform 109
Transform: AffineTransform_float_3_3
Parameters: 0.999999 -0.0010559 0.000462202 0.00105796 0.999987 -0.00496479 -0.000456864 0.00496499 0.999987 0.163842 0.245181 -0.477567
FixedParameters: 0 0 0

#Transform 110
Transform: AffineTransform_float_3_3
Parameters: 0.999998 -0.00120499 0.00179789 0.00121346 0.999988 -0.00477671 -0.00179264 0.00477852 0.999987 0.164003 0.101646 -0.411895
FixedParameters: 0 0 0

#Transform 111
Transform: AffineTransform_float_3_3
Parameters: 0.999998 -0.00115792 0.00145175 0.00116611 0.999981 -0.00604355 -0.00144444 0.00604544 0.999981 0.169579 0.224302 -0.499367
FixedParameters: 0 0 0

#Transform 112
Transform: AffineTransform_float_3_3
Parameters: 0.999997 -0.00156172 0.00195279 0.00157703 0.999968 -0.00776966 -0.00194033 0.00777263 0.999968 0.149346 0.251002 -0.621778
FixedParameters: 0 0 0

#Transform 113
Transform: AffineTransform_float_3_3
Parameters: 0.999996 -0.0016346 0.00213575 0.00164669 0.999981 -0.00599907 -0.00212595 0.0060018 0.99998 0.137749 0.123863 -0.56187
FixedParameters: 0 0 0

#Transform 114
Transform: AffineTransform_float_3_3
Parameters: 0.999997 -0.00100771 0.00232938 0.00102307 0.999978 -0.00659127 -0.00232254 0.00659373 0.999975 0.145077 0.204741 -0.61639
FixedParameters: 0 0 0

#Transform 115
Transform: AffineTransform_float_3_3
Parameters: 0.999996 -0.00131744 0.00237492 0.0013319 0.99998 -0.00609702 -0.00236657 0.00610002 0.999978 0.151291 0.228736 -0.543995
FixedParameters: 0 0 0

#Transform 116
Transform: AffineTransform_float_3_3
Parameters: 0.999995 -0.00100554 0.00303647 0.00102544 0.999977 -0.00664479 -0.00302957 0.00664786 0.999973 0.158714 0.198341 -0.591476
FixedParameters: 0 0 0

#Transform 117
Transform: AffineTransform_float_3_3
Parameters: 0.999995 -0.00098464 0.00291394 0.00100501 0.999974 -0.00714114 -0.00290702 0.00714391 0.99997 0.161336 0.258993 -0.610227
FixedParameters: 0 0 0

#Transform 118
Transform: AffineTransform_float_3_3
Parameters: 0.999994 -0.00139575 0.00302016 0.00141901 0.999969 -0.00769149 -0.00300952 0.00769509 0.999966 0.175 0.257778 -0.629504
FixedParameters: 0 0 0

#Transform 119
Transform: AffineTransform_float_3_3
Parameters: 0.999994 -0.00179955 0.00300662 0.00182263 0.999969 -0.00770376 -0.00299281 0.00770881 0.999966 0.185154 0.179629 -0.645035
FixedParameters: 0 0 0

#Transform 120
Transform: AffineTransform_float_3_3
Parameters: 0.999995 -0.00136121 0.00261675 0.00138057 0.999971 -0.0075445 -0.00260717 0.00754868 0.999968 0.175576 0.240666 -0.591024
FixedParameters: 0 0 0

#Transform 121
Transform: AffineTransform_float_3_3
Parameters: 0.999995 -0.00121929 0.00270455 0.00123766 0.999975 -0.00696448 -0.00269579 0.00696803 0.999973 0.160735 0.19705 -0.583532
FixedParameters: 0 0 0

#Transform 122
Transform: AffineTransform_float_3_3
Parameters: 0.999995 -0.0012921 0.00272381 0.00130987 0.999978 -0.00663517 -0.00271512 0.00663914 0.999974 0.144957 0.207691 -0.534986
FixedParameters: 0 0 0

#Transform 123
Transform: AffineTransform_float_3_3
Parameters: 0.999997 -0.00130092 0.00211675 0.00131469 0.999978 -0.00642186 -0.00210858 0.00642408 0.999978 0.192943 0.259287 -0.444963
FixedParameters: 0 0 0

#Transform 124
Transform: AffineTransform_float_3_3
Parameters: 0.999997 -0.00149504 0.00177364 0.00150483 0.999984 -0.00546569 -0.00176533 0.00546756 0.999983 0.184504 0.205226 -0.380594
FixedParameters: 0 0 0

#Transform 125
Transform: AffineTransform_float_3_3
Parameters: 0.999998 -0.00143692 0.000495325 0.00143802 0.999994 -0.00297522 -0.00049155 0.00297583 0.999995 0.183114 0.144101 -0.300179
FixedParameters: 0 0 0

#Transform 126
Transform: AffineTransform_float_3_3
Parameters: 0.999998 -0.00134537 0.000684775 0.00134917 0.999985 -0.00529446 -0.000677506 0.00529561 0.999986 0.21118 0.215 -0.431147
FixedParameters: 0 0 0

#Transform 127
Transform: AffineTransform_float_3_3
Parameters: 0.999999 -0.00134784 0.000737889 0.00135208 0.999986 -0.00523451 -0.000730831 0.0052358 0.999986 0.21089 0.14212 -0.378953
FixedParameters: 0 0 0

#Transform 128
Transform: AffineTransform_float_3_3
Parameters: 0.999997 -0.00180053 0.00139586 0.00180753 0.999985 -0.00522488 -0.00138721 0.00522743 0.999985 0.199367 0.163777 -0.433331
FixedParameters: 0 0 0

#Transform 129
Transform: AffineTransform_float_3_3
Parameters: 0.999998 -0.00177153 0.00117671 0.00177907 0.999981 -0.00593745 -0.00116651 0.00593912 0.999982 0.217227 0.254399 -0.482245
FixedParameters: 0 0 0

#Transform 130
Transform: AffineTransform_float_3_3
Parameters: 0.999998 -0.00172881 0.00132952 0.00173681 0.999983 -0.00546122 -0.00131969 0.00546427 0.999984 0.199693 0.155401 -0.441269
FixedParameters: 0 0 0

#Transform 131
Transform: AffineTransform_float_3_3
Parameters: 0.999997 -0.00178819 0.0013183 0.00179526 0.999983 -0.00552728 -0.00130854 0.00552951 0.999984 0.199843 0.181238 -0.468627
FixedParameters: 0 0 0

#Transform 132
Transform: AffineTransform_float_3_3
Parameters: 0.999998 -0.00161059 0.00106511 0.00161668 0.999984 -0.00543182 -0.0010566 0.00543367 0.999985 0.213758 0.230112 -0.466816
FixedParameters: 0 0 0

#Transform 133
Transform: AffineTransform_float_3_3
Parameters: 0.999999 -0.0015491 0.000742819 0.00155307 0.999983 -0.00565967 -0.000734201 0.00566035 0.999984 0.215359 0.216006 -0.478788
FixedParameters: 0 0 0

#Transform 134
Transform: AffineTransform_float_3_3
Parameters: 0.999999 -0.00116704 0.000197255 0.00116796 0.999983 -0.00568972 -0.000190781 0.0056904 0.999984 0.18548 0.158032 -0.543853
FixedParameters: 0 0 0

#Transform 135
Transform: AffineTransform_float_3_3
Parameters: 0.999999 -0.00157359 0.00020058 0.00157412 0.999986 -0.00502191 -0.000192971 0.0050228 0.999987 0.198331 0.144968 -0.429627
FixedParameters: 0 0 0

#Transform 136
Transform: AffineTransform_float_3_3
Parameters: 0.999999 -0.00136019 0.000278178 0.00136151 0.999987 -0.00505715 -0.000271481 0.00505713 0.999988 0.217215 0.149585 -0.333586
FixedParameters: 0 0 0

#Transform 137
Transform: AffineTransform_float_3_3
Parameters: 0.999999 -0.00150219 0.000283321 0.00150428 0.999981 -0.00594859 -0.000275237 0.00594972 0.999982 0.209805 0.157837 -0.401813
FixedParameters: 0 0 0

#Transform 138
Transform: AffineTransform_float_3_3
Parameters: 0.999999 -0.00117423 -0.000454015 0.0011719 0.999984 -0.00548745 0.000461036 0.00548743 0.999985 0.205277 0.205389 -0.349728
FixedParameters: 0 0 0

#Transform 139
Transform: AffineTransform_float_3_3
Parameters: 0.999999 -0.00120705 0.000353474 0.00120878 0.999989 -0.0046803 -0.000347397 0.00468034 0.999989 0.20736 0.147762 -0.312373
FixedParameters: 0 0 0

#Transform 140
Transform: AffineTransform_float_3_3
Parameters: 0.999999 -0.00109401 0.000371599 0.00109505 0.999993 -0.00374137 -0.000366958 0.00374134 0.999993 0.187222 0.15866 -0.331406
FixedParameters: 0 0 0

#Transform 141
Transform: AffineTransform_float_3_3
Parameters: 1 -0.000274758 -0.000512438 0.000272707 0.999995 -0.00322262 0.000512625 0.00322333 0.999994 0.151237 0.201969 -0.315804
FixedParameters: 0 0 0

#Transform 142
Transform: AffineTransform_float_3_3
Parameters: 1 -0.000310769 0.000181658 0.000311499 0.999993 -0.00387047 -0.000179704 0.00387064 0.999992 0.129164 0.176498 -0.2171
FixedParameters: 0 0 0

#Transform 143
Transform: AffineTransform_float_3_3
Parameters: 1 -0.000239531 0.000534321 0.000242037 0.999993 -0.00389978 -0.000533822 0.00390015 0.999993 0.120085 0.164536 -0.235694
FixedParameters: 0 0 0

#Transform 144
Transform: AffineTransform_float_3_3
Parameters: 1 -0.000346891 0.000409296 0.000347789 0.999991 -0.00428976 -0.000408619 0.0042902 0.999991 0.150643 0.215204 -0.292953
FixedParameters: 0 0 0

#Transform 145
Transform: AffineTransform_float_3_3
Parameters: 1 -0.000891095 0.000631956 0.000893526 0.999992 -0.00405686 -0.000628192 0.00405718 0.999991 0.177809 0.229528 -0.294548
FixedParameters: 0 0 0

#Transform 146
Transform: AffineTransform_float_3_3
Parameters: 0.999999 -0.000899411 0.000720944 0.000902271 0.999992 -0.00385272 -0.000717457 0.0038542 0.999993 0.173952 0.140378 -0.303613
FixedParameters: 0 0 0

#Transform 147
Transform: AffineTransform_float_3_3
Parameters: 1 -0.00107123 0.0009952 0.00107607 0.999986 -0.00522981 -0.000989084 0.00523028 0.999986 0.16862 0.225919 -0.37259
FixedParameters: 0 0 0

#Transform 148
Transform: AffineTransform_float_3_3
Parameters: 1 -0.000838331 0.00044335 0.000840642 0.999985 -0.00537944 -0.000438322 0.00537939 0.999985 0.223485 0.186935 -0.387411
FixedParameters: 0 0 0

#Transform 149
Transform: AffineTransform_float_3_3
Parameters: 0.999999 -0.00129355 0.000499196 0.00129627 0.999989 -0.00437312 -0.000493256 0.0043736 0.99999 0.209118 0.183824 -0.293523
FixedParameters: 0 0 0

#Transform 150
Transform: AffineTransform_float_3_3
Parameters: 0.999997 -0.00242015 -6.09367e-05 0.00241998 0.999993 -0.00265395 6.68055e-05 0.00265381 0.999996 0.204112 0.123848 -0.150188
FixedParameters: 0 0 0

#Transform 151
Transform: AffineTransform_float_3_3
Parameters: 0.999997 -0.00155427 -0.00173917 0.00154912 0.999995 -0.00269487 0.00174279 0.0026924 0.999995 0.210356 0.188964 -0.184457
FixedParameters: 0 0 0

#Transform 152
Transform: AffineTransform_float_3_3
Parameters: 0.999997 -0.00163675 -0.00133694 0.00163297 0.999995 -0.00261962 0.00134073 0.00261723 0.999996 0.216071 0.153493 -0.271595
FixedParameters: 0 0 0

#Transform 153
Transform: AffineTransform_float_3_3
Parameters: 0.999999 -0.00160438 -0.000751874 0.00160185 0.999993 -0.00316069 0.000757287 0.0031593 0.999995 0.220594 0.127671 -0.30448
FixedParameters: 0 0 0

#Transform 154
Transform: AffineTransform_float_3_3
Parameters: 0.999998 -0.00196239 -0.000372846 0.00196136 0.999987 -0.00480339 0.00038246 0.00480305 0.999988 0.228003 0.184589 -0.339584
FixedParameters: 0 0 0

#Transform 155
Transform: AffineTransform_float_3_3
Parameters: 0.999998 -0.00147386 -0.000708511 0.00147079 0.999992 -0.00385295 0.000713378 0.00385193 0.999992 0.239174 0.181685 -0.309019
FixedParameters: 0 0 0

#Transform 156
Transform: AffineTransform_float_3_3
Parameters: 0.999999 -0.00146512 -0.000768767 0.00146219 0.99999 -0.00407771 0.000775226 0.00407645 0.999991 0.219819 0.280353 -0.269798
FixedParameters: 0 0 0

#Transform 157
Transform: AffineTransform_float_3_3
Parameters: 0.999999 -0.00144157 9.41223e-05 0.00144192 0.999988 -0.00473455 -8.66706e-05 0.00473498 0.999989 0.23368 0.139394 -0.315293
FixedParameters: 0 0 0

#Transform 158
Transform: AffineTransform_float_3_3
Parameters: 0.999998 -0.00156997 0.0001106 0.00157048 0.999987 -0.00470182 -0.000103031 0.00470235 0.999989 0.236583 0.181446 -0.282354
FixedParameters: 0 0 0

#Transform 159
Transform: AffineTransform_float_3_3
Parameters: 0.999998 -0.00144327 0.000390713 0.00144538 0.999988 -0.00470616 -0.000383344 0.00470649 0.999989 0.230292 0.191599 -0.268926
FixedParameters: 0 0 0

#Transform 160
Transform: AffineTransform_float_3_3
Parameters: 0.999999 -0.00146627 0.000776225 0.00146903 0.999991 -0.00414771 -0.000770519 0.00414928 0.999991 0.217254 0.125572 -0.305909
FixedParameters: 0 0 0

#Transform 161
Transform: AffineTransform_float_3_3
Parameters: 0.999997 -0.00227471 -0.000289624 0.00227381 0.99999 -0.00382626 0.000298373 0.00382509 0.999993 0.273514 0.164846 -0.303441
FixedParameters: 0 0 0

#Transform 162
Transform: AffineTransform_float_3_3
Parameters: 0.999998 -0.00220599 -0.0006106 0.00220494 0.999997 -0.000904057 0.000612378 0.000902439 0.999999 0.284877 0.156955 -0.166126
FixedParameters: 0 0 0

#Transform 163
Transform: AffineTransform_float_3_3
Parameters: 0.999997 -0.00251587 -0.000767377 0.00251424 0.999993 -0.00248507 0.000773866 0.00248327 0.999996 0.27287 0.117583 -0.186474
FixedParameters: 0 0 0

#Transform 164
Transform: AffineTransform_float_3_3
Parameters: 0.999998 -0.0020126 -0.00089534 0.00200928 0.999993 -0.00312327 0.000901129 0.00312174 0.999995 0.251272 0.115364 -0.212228
FixedParameters: 0 0 0

#Transform 165
Transform: AffineTransform_float_3_3
Parameters: 0.999997 -0.00189863 -0.00163759 0.00189311 0.999992 -0.00363868 0.00164389 0.00363538 0.999992 0.265389 0.200317 -0.256824
FixedParameters: 0 0 0

#Transform 166
Transform: AffineTransform_float_3_3
Parameters: 0.999998 -0.00201869 -0.00102123 0.00201489 0.999993 -0.00295207 0.00102736 0.00294998 0.999995 0.254742 0.12608 -0.195512
FixedParameters: 0 0 0

#Transform 167
Transform: AffineTransform_float_3_3
Parameters: 0.999998 -0.00176346 0.000568997 0.00176509 0.999994 -0.00305025 -0.000564009 0.00305145 0.999996 0.188256 0.0533903 -0.4953
FixedParameters: 0 0 0

#Transform 168
Transform: AffineTransform_float_3_3
Parameters: 0.999997 -0.00147318 0.00192442 0.00147662 0.999997 -0.00170619 -0.00192245 0.00170904 0.999996 0.189098 0.104685 -0.289483
FixedParameters: 0 0 0

#Transform 169
Transform: AffineTransform_float_3_3
Parameters: 0.999999 -0.000894443 0.00100804 0.000893363 0.999999 0.00102758 -0.00100888 -0.00102583 0.999999 0.222195 0.137625 0.171917
FixedParameters: 0 0 0

#Transform 170
Transform: AffineTransform_float_3_3
Parameters: 0.999999 -0.00148284 0.000941596 0.00148518 0.999997 -0.0022677 -0.000938802 0.00226966 0.999997 0.215552 0.066935 -0.128122
FixedParameters: 0 0 0

#Transform 171
Transform: AffineTransform_float_3_3
Parameters: 0.999998 -0.00200982 0.000165588 0.00201041 0.99999 -0.00385013 -0.000157695 0.00385099 0.999992 0.251536 0.20054 -0.185797
FixedParameters: 0 0 0

#Transform 172
Transform: AffineTransform_float_3_3
Parameters: 0.999999 -0.00166613 0.000415429 0.00166686 0.999994 -0.00309368 -0.000410893 0.00309427 0.999995 0.244553 0.150566 -0.172657
FixedParameters: 0 0 0

#Transform 173
Transform: AffineTransform_float_3_3
Parameters: 0.999998 -0.00151753 0.000197289 0.00151816 0.999993 -0.00344222 -0.000192433 0.00344297 0.999994 0.247589 0.189442 -0.303796
FixedParameters: 0 0 0

#Transform 174
Transform: AffineTransform_float_3_3
Parameters: 0.999999 -0.00149993 0.000625391 0.00150311 0.999991 -0.00392101 -0.000620153 0.0039221 0.999992 0.276087 0.245733 -0.380631
FixedParameters: 0 0 0

#Transform 175
Transform: AffineTransform_float_3_3
Parameters: 0.999999 -0.00152409 0.000735614 0.00152716 0.999994 -0.00332143 -0.000730179 0.00332285 0.999995 0.258862 0.185064 -0.302368
FixedParameters: 0 0 0

#Transform 176
Transform: AffineTransform_float_3_3
Parameters: 0.999998 -0.00185006 0.00100505 0.00185501 0.999987 -0.00477418 -0.000995692 0.00477626 0.999989 0.244857 0.191219 -0.275976
FixedParameters: 0 0 0

#Transform 177
Transform: AffineTransform_float_3_3
Parameters: 0.999998 -0.00196002 0.00108064 0.00196484 0.999989 -0.00440739 -0.00107185 0.004409 0.99999 0.250049 0.204752 -0.326006
FixedParameters: 0 0 0

#Transform 178
Transform: AffineTransform_float_3_3
Parameters: 0.999998 -0.00168842 0.00119935 0.00169364 0.99999 -0.00417607 -0.00119281 0.00417748 0.99999 0.251333 0.218603 -0.298438
FixedParameters: 0 0 0

#Transform 179
Transform: AffineTransform_float_3_3
Parameters: 0.999999 -0.00160179 0.000537664 0.00160371 0.999992 -0.00346584 -0.000532251 0.00346676 0.999994 0.249416 0.176877 -0.227202
FixedParameters: 0 0 0

#Transform 180
Transform: AffineTransform_float_3_3
Parameters: 0.999998 -0.00145973 0.00109818 0.00146425 0.99999 -0.00420655 -0.00109237 0.00420809 0.99999 0.237461 0.25885 -0.236507
FixedParameters: 0 0 0

#Transform 181
Transform: AffineTransform_float_3_3
Parameters: 0.999998 -0.00144437 0.00113399 0.00145011 0.999988 -0.00459103 -0.00112804 0.00459264 0.999989 0.235553 0.242817 -0.253386
FixedParameters: 0 0 0

#Transform 182
Transform: AffineTransform_float_3_3
Parameters: 0.999998 -0.00143253 0.00113247 0.00143799 0.999987 -0.0048848 -0.00112471 0.00488641 0.999987 0.235645 0.228127 -0.243222
FixedParameters: 0 0 0

#Transform 183
Transform: AffineTransform_float_3_3
Parameters: 0.999997 -0.00146383 0.00142476 0.00146978 0.99999 -0.00412575 -0.00141818 0.00412727 0.99999 0.231818 0.114348 -0.141424
FixedParameters: 0 0 0

#Transform 184
Transform: AffineTransform_float_3_3
Parameters: 0.999998 -0.002001 -6.84153e-05 0.0020008 0.999988 -0.004342 7.73676e-05 0.00434189 0.99999 0.29498 0.227782 -0.258016
FixedParameters: 0 0 0

#Transform 185
Transform: AffineTransform_float_3_3
Parameters: 0.999999 -0.00169916 0.000274615 0.001701 0.999981 -0.00582693 -0.000264625 0.00582714 0.999983 0.284715 0.24865 -0.275893
FixedParameters: 0 0 0

#Transform 186
Transform: AffineTransform_float_3_3
Parameters: 0.999998 -0.00138468 0.00108351 0.00139129 0.999983 -0.00557574 -0.00107598 0.00557713 0.999984 0.258475 0.158598 -0.247416
FixedParameters: 0 0 0

#Transform 187
Transform: AffineTransform_float_3_3
Parameters: 0.999998 -0.00134731 0.00130397 0.00135477 0.999983 -0.00571359 -0.00129641 0.00571557 0.999983 0.253698 0.295441 -0.266634
FixedParameters: 0 0 0

#Transform 188
Transform: AffineTransform_float_3_3
Parameters: 0.999998 -0.00130989 0.0015087 0.00131871 0.999983 -0.00572805 -0.0015016 0.00573052 0.999982 0.241462 0.263832 -0.226972
FixedParameters: 0 0 0

#Transform 189
