# transform file /out/sourcedata/freesurfer/sub-v1s5x0050736_ses-1/mri/transforms/cc_up.lta
# created by oesteban on Tue Mar 10 05:49:33 2026

type      = 0 # LINEAR_VOX_TO_VOX
nxforms   = 1
mean      = 129.0000 110.0000 118.0000
sigma     = 10000.0000
1 4 4
9.723406434059143e-01 -1.284375339746475e-01 1.950836032629013e-01 -3.496947288513184e+00 
1.259280145168304e-01 9.917176365852356e-01 2.526531182229519e-02 1.706359672546387e+01 
-1.967128515243530e-01 1.862645371275562e-09 9.804611802101135e-01 4.910937881469727e+01 
0.000000000000000e+00 0.000000000000000e+00 0.000000000000000e+00 1.000000000000000e+00 
src volume info
valid = 1  # volume info valid
filename = /out/sourcedata/freesurfer/sub-v1s5x0050736_ses-1/mri/norm.mgz
volume = 256 256 256
voxelsize = 1.000000000000000e+00 1.000000000000000e+00 1.000000000000000e+00
xras   = -9.999999403953552e-01 -1.155422069132328e-08 -7.450580596923828e-09
yras   = -7.450580596923828e-09 -2.328306436538696e-10 -1.000000000000000e+00
zras   = -3.390596248209476e-09 9.999999403953552e-01 0.000000000000000e+00
cras   = 2.739013671875000e+00 1.841903686523438e+00 1.323937988281250e+01
dst volume info
valid = 1  # volume info valid
filename = /out/sourcedata/freesurfer/sub-v1s5x0050736_ses-1/mri/norm.mgz
volume = 256 256 256
voxelsize = 1.000000000000000e+00 1.000000000000000e+00 1.000000000000000e+00
xras   = -9.999999403953552e-01 -1.155422069132328e-08 -7.450580596923828e-09
yras   = -7.450580596923828e-09 -2.328306436538696e-10 -1.000000000000000e+00
zras   = -3.390596248209476e-09 9.999999403953552e-01 0.000000000000000e+00
cras   = 2.739013671875000e+00 1.841903686523438e+00 1.323937988281250e+01
