type      = 1 # LINEAR_RAS_TO_RAS
nxforms   = 1
mean      = 0.0000 0.0000 0.0000
sigma     = 1.0000
1 4 4
1.090546965599060e+00 -2.028589993715286e-01 -1.223089993000031e-01 -2.086899042129517e+00 
2.100570052862167e-01 1.027444958686829e+00 2.230670005083084e-01 -1.564810180664062e+01 
8.421000093221664e-02 -1.792750060558319e-01 1.145493984222412e+00 -3.618093872070312e+01 
0.000000000000000e+00 0.000000000000000e+00 0.000000000000000e+00 1.000000000000000e+00 
src volume info
valid = 1  # volume info valid
filename = /out/sourcedata/freesurfer/sub-v1s5x0050736_ses-1/mri/orig_nu.mgz
volume = 256 256 256
voxelsize = 1.000000000000000e+00 1.000000000000000e+00 1.000000000000000e+00
xras   = -9.999999403953552e-01 -1.155422069132328e-08 -7.450580596923828e-09
yras   = -7.450580596923828e-09 -2.328306436538696e-10 -1.000000000000000e+00
zras   = -3.390596248209476e-09 9.999999403953552e-01 0.000000000000000e+00
cras   = 2.739013671875000e+00 1.841903686523438e+00 1.323937988281250e+01
dst volume info
valid = 1  # volume info valid
filename = /opt/freesurfer/average/mni305.cor.mgz
volume = 256 256 256
voxelsize = 1.000000000000000e+00 1.000000000000000e+00 1.000000000000000e+00
xras   = -1.000000000000000e+00 0.000000000000000e+00 0.000000000000000e+00
yras   = 0.000000000000000e+00 0.000000000000000e+00 -1.000000000000000e+00
zras   = 0.000000000000000e+00 1.000000000000000e+00 0.000000000000000e+00
cras   = 0.000000000000000e+00 0.000000000000000e+00 0.000000000000000e+00
subject fsaverage
fscale 0.100000
