# transform file transforms/talairach.lta
# created by oesteban on Tue Mar 10 04:26:32 2026

type      = 0 # LINEAR_VOX_TO_VOX
nxforms   = 1
mean      = 129.0000 111.0000 118.0000
sigma     = 10000.0000
1 4 4
1.098356008529663e+00 -9.443029761314392e-02 2.034852504730225e-01 -2.597097778320312e+01 
8.257421106100082e-02 1.228940725326538e+00 1.787297278642654e-01 -4.039345169067383e+01 
-1.701281964778900e-01 -1.798941642045975e-01 1.025687456130981e+00 3.261893463134766e+01 
0.000000000000000e+00 0.000000000000000e+00 0.000000000000000e+00 1.000000000000000e+00 
src volume info
valid = 1  # volume info valid
filename = nu.mgz
volume = 256 256 256
voxelsize = 1.000000000000000e+00 1.000000000000000e+00 1.000000000000000e+00
xras   = -9.999999403953552e-01 -1.155422069132328e-08 -7.450580596923828e-09
yras   = -7.450580596923828e-09 -2.328306436538696e-10 -1.000000000000000e+00
zras   = -3.390596248209476e-09 9.999999403953552e-01 0.000000000000000e+00
cras   = 2.739013671875000e+00 1.841903686523438e+00 1.323937988281250e+01
dst volume info
valid = 1  # volume info valid
filename = /opt/freesurfer/average/RB_all_2020-01-02.gca
volume = 256 256 256
voxelsize = 1.000000000000000e+00 1.000000000000000e+00 1.000000000000000e+00
xras   = -1.000000000000000e+00 0.000000000000000e+00 0.000000000000000e+00
yras   = 0.000000000000000e+00 0.000000000000000e+00 -1.000000000000000e+00
zras   = 0.000000000000000e+00 1.000000000000000e+00 0.000000000000000e+00
cras   = 0.000000000000000e+00 0.000000000000000e+00 0.000000000000000e+00
