type      = 0 # LINEAR_VOX_TO_VOX
nxforms   = 1
mean      = 0.0000 0.0000 0.0000
sigma     = 1.0000
1 4 4
1.090546846389771e+00 -1.223089918494225e-01 2.028589844703674e-01 -2.080760192871094e+01 
8.421000093221664e-02 1.145493984222412e+00 1.792749911546707e-01 -3.123445129394531e+01 
-2.100570052862167e-01 -2.230670005083084e-01 1.027444839477539e+00 4.169989013671875e+01 
0.000000000000000e+00 0.000000000000000e+00 0.000000000000000e+00 1.000000000000000e+00 
src volume info
valid = 1  # volume info valid
filename = /out/sourcedata/freesurfer/sub-v1s5x0050736_ses-1/mri/orig.mgz
volume = 256 256 256
voxelsize = 1.000000000000000e+00 1.000000000000000e+00 1.000000000000000e+00
xras   = -9.999999403953552e-01 -1.155422069132328e-08 -7.450580596923828e-09
yras   = -7.450580596923828e-09 -2.328306436538696e-10 -1.000000000000000e+00
zras   = -3.390596248209476e-09 9.999999403953552e-01 0.000000000000000e+00
cras   = 2.739013671875000e+00 1.841903686523438e+00 1.323937988281250e+01
dst volume info
valid = 1  # volume info valid
filename = /opt/freesurfer/average/mni305.cor.mgz
volume = 256 256 256
voxelsize = 1.000000000000000e+00 1.000000000000000e+00 1.000000000000000e+00
xras   = -1.000000000000000e+00 0.000000000000000e+00 0.000000000000000e+00
yras   = 0.000000000000000e+00 0.000000000000000e+00 -1.000000000000000e+00
zras   = 0.000000000000000e+00 1.000000000000000e+00 0.000000000000000e+00
cras   = 0.000000000000000e+00 0.000000000000000e+00 0.000000000000000e+00
subject fsaverage
fscale 0.100000
