# transform file /out/sourcedata/freesurfer/sub-v1s5x0050756_ses-1/mri/transforms/cc_up.lta
# created by oesteban on Tue Mar 10 06:43:15 2026

type      = 0 # LINEAR_VOX_TO_VOX
nxforms   = 1
mean      = 127.0000 96.0000 117.0000
sigma     = 10000.0000
1 4 4
9.950720071792603e-01 8.149687200784683e-02 -5.647986382246017e-02 4.102379083633423e-01 
-8.136591315269470e-02 9.966736435890198e-01 4.618294537067413e-03 5.925096893310547e+01 
5.666836723685265e-02 0.000000000000000e+00 9.983930587768555e-01 1.086654281616211e+01 
0.000000000000000e+00 0.000000000000000e+00 0.000000000000000e+00 1.000000000000000e+00 
src volume info
valid = 1  # volume info valid
filename = /out/sourcedata/freesurfer/sub-v1s5x0050756_ses-1/mri/norm.mgz
volume = 256 256 256
voxelsize = 1.000000000000000e+00 1.000000000000000e+00 1.000000000000000e+00
xras   = -1.000000000000000e+00 -5.064066499471664e-09 0.000000000000000e+00
yras   = 0.000000000000000e+00 3.725290298461914e-09 -1.000000000000000e+00
zras   = 1.280568540096283e-09 9.999999403953552e-01 0.000000000000000e+00
cras   = 5.773925781250000e-02 1.776497650146484e+01 -2.361608886718750e+01
dst volume info
valid = 1  # volume info valid
filename = /out/sourcedata/freesurfer/sub-v1s5x0050756_ses-1/mri/norm.mgz
volume = 256 256 256
voxelsize = 1.000000000000000e+00 1.000000000000000e+00 1.000000000000000e+00
xras   = -1.000000000000000e+00 -5.064066499471664e-09 0.000000000000000e+00
yras   = 0.000000000000000e+00 3.725290298461914e-09 -1.000000000000000e+00
zras   = 1.280568540096283e-09 9.999999403953552e-01 0.000000000000000e+00
cras   = 5.773925781250000e-02 1.776497650146484e+01 -2.361608886718750e+01
