# transform file transforms/talairach.lta
# created by oesteban on Tue Mar 10 05:30:04 2026

type      = 0 # LINEAR_VOX_TO_VOX
nxforms   = 1
mean      = 127.0000 95.0000 117.0000
sigma     = 10000.0000
1 4 4
1.011391520500183e+00 1.004003882408142e-01 -6.985531002283096e-02 -4.707921504974365e+00 
-8.210397511720657e-02 1.166923522949219e+00 7.944810390472412e-02 1.475257968902588e+01 
7.369383424520493e-02 -8.250840753316879e-02 9.770115017890930e-01 -5.690298080444336e+00 
0.000000000000000e+00 0.000000000000000e+00 0.000000000000000e+00 1.000000000000000e+00 
src volume info
valid = 1  # volume info valid
filename = nu.mgz
volume = 256 256 256
voxelsize = 1.000000000000000e+00 1.000000000000000e+00 1.000000000000000e+00
xras   = -1.000000000000000e+00 -5.064066499471664e-09 0.000000000000000e+00
yras   = 0.000000000000000e+00 3.725290298461914e-09 -1.000000000000000e+00
zras   = 1.280568540096283e-09 9.999999403953552e-01 0.000000000000000e+00
cras   = 5.773925781250000e-02 1.776497650146484e+01 -2.361608886718750e+01
dst volume info
valid = 1  # volume info valid
filename = /opt/freesurfer/average/RB_all_2020-01-02.gca
volume = 256 256 256
voxelsize = 1.000000000000000e+00 1.000000000000000e+00 1.000000000000000e+00
xras   = -1.000000000000000e+00 0.000000000000000e+00 0.000000000000000e+00
yras   = 0.000000000000000e+00 0.000000000000000e+00 -1.000000000000000e+00
zras   = 0.000000000000000e+00 1.000000000000000e+00 0.000000000000000e+00
cras   = 0.000000000000000e+00 0.000000000000000e+00 0.000000000000000e+00
