type      = 1 # LINEAR_RAS_TO_RAS
nxforms   = 1
mean      = 0.0000 0.0000 0.0000
sigma     = 1.0000
1 4 4
1.011445045471191e+00 6.108599901199341e-02 5.188700184226036e-02 -2.404019981622696e-01 
-1.034250035881996e-01 9.939439892768860e-01 5.566399917006493e-02 -2.471002197265625e+01 
-5.052400007843971e-02 -6.538899987936020e-02 1.086917996406555e+00 -5.249808788299561e+00 
0.000000000000000e+00 0.000000000000000e+00 0.000000000000000e+00 1.000000000000000e+00 
src volume info
valid = 1  # volume info valid
filename = /out/sourcedata/freesurfer/sub-v1s5x0050756_ses-1/mri/orig_nu.mgz
volume = 256 256 256
voxelsize = 1.000000000000000e+00 1.000000000000000e+00 1.000000000000000e+00
xras   = -1.000000000000000e+00 -5.064066499471664e-09 0.000000000000000e+00
yras   = 0.000000000000000e+00 3.725290298461914e-09 -1.000000000000000e+00
zras   = 1.280568540096283e-09 9.999999403953552e-01 0.000000000000000e+00
cras   = 5.773925781250000e-02 1.776497650146484e+01 -2.361608886718750e+01
dst volume info
valid = 1  # volume info valid
filename = /opt/freesurfer/average/mni305.cor.mgz
volume = 256 256 256
voxelsize = 1.000000000000000e+00 1.000000000000000e+00 1.000000000000000e+00
xras   = -1.000000000000000e+00 0.000000000000000e+00 0.000000000000000e+00
yras   = 0.000000000000000e+00 0.000000000000000e+00 -1.000000000000000e+00
zras   = 0.000000000000000e+00 1.000000000000000e+00 0.000000000000000e+00
cras   = 0.000000000000000e+00 0.000000000000000e+00 0.000000000000000e+00
subject fsaverage
fscale 0.100000
