# transform file /out/sourcedata/freesurfer/sub-v1s5x0050755_ses-1/mri/transforms/cc_up.lta
# created by oesteban on Tue Mar 10 06:59:45 2026

type      = 0 # LINEAR_VOX_TO_VOX
nxforms   = 1
mean      = 131.0000 104.0000 122.0000
sigma     = 10000.0000
1 4 4
9.980615973472595e-01 3.808911144733429e-02 -4.921550676226616e-02 1.062917470932007e+00 
-3.804288804531097e-02 9.992743134498596e-01 1.875936286523938e-03 4.177236175537109e+01 
4.925124719738960e-02 1.164153079491470e-10 9.987864494323730e-01 2.762504100799561e+00 
0.000000000000000e+00 0.000000000000000e+00 0.000000000000000e+00 1.000000000000000e+00 
src volume info
valid = 1  # volume info valid
filename = /out/sourcedata/freesurfer/sub-v1s5x0050755_ses-1/mri/norm.mgz
volume = 256 256 256
voxelsize = 1.000000000000000e+00 1.000000000000000e+00 1.000000000000000e+00
xras   = -9.999999403953552e-01 -1.309672370553017e-10 0.000000000000000e+00
yras   = 5.820766091346741e-11 0.000000000000000e+00 -9.999999403953552e-01
zras   = 1.382431946694851e-10 9.999998807907104e-01 -1.490116119384766e-08
cras   = 5.348075866699219e+00 -2.018554687500000e+00 5.002624511718750e+00
dst volume info
valid = 1  # volume info valid
filename = /out/sourcedata/freesurfer/sub-v1s5x0050755_ses-1/mri/norm.mgz
volume = 256 256 256
voxelsize = 1.000000000000000e+00 1.000000000000000e+00 1.000000000000000e+00
xras   = -9.999999403953552e-01 -1.309672370553017e-10 0.000000000000000e+00
yras   = 5.820766091346741e-11 0.000000000000000e+00 -9.999999403953552e-01
zras   = 1.382431946694851e-10 9.999998807907104e-01 -1.490116119384766e-08
cras   = 5.348075866699219e+00 -2.018554687500000e+00 5.002624511718750e+00
