type      = 1 # LINEAR_RAS_TO_RAS
nxforms   = 1
mean      = 0.0000 0.0000 0.0000
sigma     = 1.0000
1 4 4
1.092671036720276e+00 3.463999927043915e-02 -7.860999554395676e-03 -3.088805913925171e+00 
-2.375999931246042e-03 1.077049016952515e+00 -7.143300026655197e-02 -6.605910778045654e+00 
-3.213699907064438e-02 8.856400102376938e-02 1.092051982879639e+00 -2.298559570312500e+01 
0.000000000000000e+00 0.000000000000000e+00 0.000000000000000e+00 1.000000000000000e+00 
src volume info
valid = 1  # volume info valid
filename = /out/sourcedata/freesurfer/sub-v1s5x0050755_ses-1/mri/orig_nu.mgz
volume = 256 256 256
voxelsize = 1.000000000000000e+00 1.000000000000000e+00 1.000000000000000e+00
xras   = -9.999999403953552e-01 -1.309672370553017e-10 0.000000000000000e+00
yras   = 5.820766091346741e-11 0.000000000000000e+00 -9.999999403953552e-01
zras   = 1.382431946694851e-10 9.999998807907104e-01 -1.490116119384766e-08
cras   = 5.348075866699219e+00 -2.018554687500000e+00 5.002624511718750e+00
dst volume info
valid = 1  # volume info valid
filename = /opt/freesurfer/average/mni305.cor.mgz
volume = 256 256 256
voxelsize = 1.000000000000000e+00 1.000000000000000e+00 1.000000000000000e+00
xras   = -1.000000000000000e+00 0.000000000000000e+00 0.000000000000000e+00
yras   = 0.000000000000000e+00 0.000000000000000e+00 -1.000000000000000e+00
zras   = 0.000000000000000e+00 1.000000000000000e+00 0.000000000000000e+00
cras   = 0.000000000000000e+00 0.000000000000000e+00 0.000000000000000e+00
subject fsaverage
fscale 0.100000
