type      = 0 # LINEAR_VOX_TO_VOX
nxforms   = 1
mean      = 0.0000 0.0000 0.0000
sigma     = 1.0000
1 4 4
1.092670917510986e+00 -7.860998623073101e-03 -3.463999554514885e-02 -9.067382812500000e+00 
-3.213699534535408e-02 1.092051863670349e+00 -8.856397867202759e-02 2.154019165039062e+01 
2.375999465584755e-03 7.143299281597137e-02 1.077048897743225e+00 -2.845986938476562e+01 
0.000000000000000e+00 0.000000000000000e+00 0.000000000000000e+00 1.000000000000000e+00 
src volume info
valid = 1  # volume info valid
filename = /out/sourcedata/freesurfer/sub-v1s5x0050755_ses-1/mri/orig.mgz
volume = 256 256 256
voxelsize = 1.000000000000000e+00 1.000000000000000e+00 1.000000000000000e+00
xras   = -9.999999403953552e-01 -1.309672370553017e-10 0.000000000000000e+00
yras   = 5.820766091346741e-11 0.000000000000000e+00 -9.999999403953552e-01
zras   = 1.382431946694851e-10 9.999998807907104e-01 -1.490116119384766e-08
cras   = 5.348075866699219e+00 -2.018554687500000e+00 5.002624511718750e+00
dst volume info
valid = 1  # volume info valid
filename = /opt/freesurfer/average/mni305.cor.mgz
volume = 256 256 256
voxelsize = 1.000000000000000e+00 1.000000000000000e+00 1.000000000000000e+00
xras   = -1.000000000000000e+00 0.000000000000000e+00 0.000000000000000e+00
yras   = 0.000000000000000e+00 0.000000000000000e+00 -1.000000000000000e+00
zras   = 0.000000000000000e+00 1.000000000000000e+00 0.000000000000000e+00
cras   = 0.000000000000000e+00 0.000000000000000e+00 0.000000000000000e+00
subject fsaverage
fscale 0.100000
