# transform file transforms/talairach.lta
# created by oesteban on Tue Mar 10 05:33:49 2026

type      = 0 # LINEAR_VOX_TO_VOX
nxforms   = 1
mean      = 131.0000 104.0000 122.0000
sigma     = 10000.0000
1 4 4
1.109374284744263e+00 1.702806539833546e-02 -5.324751511216164e-02 -1.287282180786133e+01 
-3.369355201721191e-02 1.150951027870178e+00 -6.682746857404709e-02 1.232831096649170e+01 
5.211517587304115e-02 1.032091900706291e-01 1.058140516281128e+00 -3.558315277099609e+01 
0.000000000000000e+00 0.000000000000000e+00 0.000000000000000e+00 1.000000000000000e+00 
src volume info
valid = 1  # volume info valid
filename = nu.mgz
volume = 256 256 256
voxelsize = 1.000000000000000e+00 1.000000000000000e+00 1.000000000000000e+00
xras   = -9.999999403953552e-01 -1.309672370553017e-10 0.000000000000000e+00
yras   = 5.820766091346741e-11 0.000000000000000e+00 -9.999999403953552e-01
zras   = 1.382431946694851e-10 9.999998807907104e-01 -1.490116119384766e-08
cras   = 5.348075866699219e+00 -2.018554687500000e+00 5.002624511718750e+00
dst volume info
valid = 1  # volume info valid
filename = /opt/freesurfer/average/RB_all_2020-01-02.gca
volume = 256 256 256
voxelsize = 1.000000000000000e+00 1.000000000000000e+00 1.000000000000000e+00
xras   = -1.000000000000000e+00 0.000000000000000e+00 0.000000000000000e+00
yras   = 0.000000000000000e+00 0.000000000000000e+00 -1.000000000000000e+00
zras   = 0.000000000000000e+00 1.000000000000000e+00 0.000000000000000e+00
cras   = 0.000000000000000e+00 0.000000000000000e+00 0.000000000000000e+00
