#Insight Transform File V1.0
#Transform 0
Transform: AffineTransform_float_3_3
Parameters: 1 -0.000516709 3.9139e-05 0.000516555 0.999999 0.00148839 -3.94849e-05 -0.0014884 0.999999 -0.0553642 -0.0239172 -0.0129318
FixedParameters: 0 0 0

#Transform 1
Transform: AffineTransform_float_3_3
Parameters: 1 -0.00069865 2.41186e-05 0.000698682 0.999999 0.00164056 -2.51971e-05 -0.0016403 0.999998 -0.0470385 -0.0260667 -0.0179902
FixedParameters: 0 0 0

#Transform 2
Transform: AffineTransform_float_3_3
Parameters: 1 -0.000673209 -0.000149527 0.000673815 0.999999 0.00165382 0.000148513 -0.0016538 0.999998 -0.039739 0.00937928 -0.0116807
FixedParameters: 0 0 0

#Transform 3
Transform: AffineTransform_float_3_3
Parameters: 1 -0.000588056 -3.20085e-05 0.000588101 0.999999 0.000695525 3.11901e-05 -0.000695562 1 -0.0295996 -0.0500127 -0.00664615
FixedParameters: 0 0 0

#Transform 4
Transform: AffineTransform_float_3_3
Parameters: 1 8.79922e-05 1.08325e-05 -8.78492e-05 1 -0.00116944 -1.08078e-05 0.00116943 1 -0.0366745 0.0928444 0.0402574
FixedParameters: 0 0 0

#Transform 5
Transform: AffineTransform_float_3_3
Parameters: 0.999999 -0.000405307 -0.000682582 0.000406777 1 0.00103604 0.000683023 -0.0010357 0.999999 -0.00902123 -0.0256128 0.0415622
FixedParameters: 0 0 0

#Transform 6
Transform: AffineTransform_float_3_3
Parameters: 1 7.96694e-05 -0.000214006 -7.96051e-05 1 0.000150294 0.00021403 -0.00015026 1 -0.0397865 0.0105502 0.0732712
FixedParameters: 0 0 0

#Transform 7
Transform: AffineTransform_float_3_3
Parameters: 1 -0.000169015 -0.00032577 0.000169004 1 -1.74287e-05 0.000325776 1.73186e-05 1 -0.0350289 0.00820945 0.02083
FixedParameters: 0 0 0

#Transform 8
Transform: AffineTransform_float_3_3
Parameters: 1 -0.000349061 -0.000209101 0.000349103 1 9.9696e-05 0.000209031 -9.98418e-05 1 -0.0302691 0.0593177 0.0512737
FixedParameters: 0 0 0

#Transform 9
Transform: AffineTransform_float_3_3
Parameters: 1 -0.00027139 0.000485062 0.000271602 1 -0.000218141 -0.000484943 0.000218405 1 -0.0475979 0.0262577 -0.00302617
FixedParameters: 0 0 0

#Transform 10
Transform: AffineTransform_float_3_3
Parameters: 1 -0.00037646 0.000557587 0.000375738 0.999999 0.000647858 -0.000558075 -0.000647438 0.999999 -0.0504798 -0.00807537 0.0136818
FixedParameters: 0 0 0

#Transform 11
Transform: AffineTransform_float_3_3
Parameters: 1 -8.91025e-05 -0.000276359 8.86433e-05 0.999999 -0.000829979 0.000276506 0.00082993 0.999999 -0.00144242 0.110866 0.00132728
FixedParameters: 0 0 0

#Transform 12
Transform: AffineTransform_float_3_3
Parameters: 0.999999 -0.00046372 -0.000575545 0.000463054 1 0.000401692 0.000576002 -0.000402143 0.999999 0.00932771 0.00542662 0.0604872
FixedParameters: 0 0 0

#Transform 13
Transform: AffineTransform_float_3_3
Parameters: 1 -0.000363254 -0.000270515 0.00036359 0.999999 0.00062111 0.000270063 -0.000621306 1 0.00311709 0.015712 0.00199957
FixedParameters: 0 0 0

#Transform 14
Transform: AffineTransform_float_3_3
Parameters: 1 0.000202547 -0.000142458 -0.000201879 0.999999 0.00138283 0.000142285 -0.00138274 0.999999 -0.0252053 0.0331372 0.0576316
FixedParameters: 0 0 0

#Transform 15
Transform: AffineTransform_float_3_3
Parameters: 1 0.000101426 -0.000120672 -0.000101377 1 0.000202707 0.000120713 -0.000202682 1 -0.0248336 0.00577078 -0.0372483
FixedParameters: 0 0 0

#Transform 16
Transform: AffineTransform_float_3_3
Parameters: 1 2.89311e-05 -0.000395997 -2.89825e-05 1 -6.45973e-05 0.000395993 6.46203e-05 1 -0.00715905 0.0652573 -0.0313952
FixedParameters: 0 0 0

#Transform 17
Transform: AffineTransform_float_3_3
Parameters: 1 -1.52041e-05 -0.000678254 1.54012e-05 1 7.72357e-05 0.000678342 -7.6308e-05 1 -0.0018738 0.0211048 -0.0239994
FixedParameters: 0 0 0

#Transform 18
Transform: AffineTransform_float_3_3
Parameters: 1 -0.000199135 -6.41814e-05 0.000199114 1 -0.00015665 6.42437e-05 0.000156624 1 0.00365673 0.072555 -0.0368671
FixedParameters: 0 0 0

#Transform 19
Transform: AffineTransform_float_3_3
Parameters: 0.999999 -0.000280593 -0.000718983 0.000280661 1 4.74347e-05 0.000718956 -4.78381e-05 0.999999 0.032037 0.0445426 0.00307507
FixedParameters: 0 0 0

#Transform 20
Transform: AffineTransform_float_3_3
Parameters: 1 -9.01355e-05 -0.000123915 9.02976e-05 1 0.000653477 0.000123797 -0.000653499 1 0.00400869 -0.00286355 0.000275643
FixedParameters: 0 0 0

#Transform 21
Transform: AffineTransform_float_3_3
Parameters: 1 0.000376155 0.000186943 -0.000375319 0.999998 -0.0020219 -0.00018704 0.00202169 0.999998 -0.0312144 0.109177 0.0139861
FixedParameters: 0 0 0

#Transform 22
Transform: AffineTransform_float_3_3
Parameters: 1 0.000464656 0.0003547 -0.000465209 0.999999 -0.000593333 -0.000355384 0.000593125 1 -0.0329927 0.0798743 0.0109561
FixedParameters: 0 0 0

#Transform 23
Transform: AffineTransform_float_3_3
Parameters: 0.999999 0.00023852 0.000652791 -0.000237972 1 -0.00107451 -0.000653205 0.00107431 0.999999 -0.0438669 0.0468696 -0.0206164
FixedParameters: 0 0 0

#Transform 24
Transform: AffineTransform_float_3_3
Parameters: 1 0.000156439 -0.000173378 -0.000156182 1 0.000296027 0.000172508 -0.000295932 1 -0.019657 -0.0140378 0.0352334
FixedParameters: 0 0 0

#Transform 25
Transform: AffineTransform_float_3_3
Parameters: 1 5.0326e-05 -0.000158871 -4.99535e-05 1 0.000684134 0.000157978 -0.000684077 1 -0.0248778 -0.00900489 0.00849376
FixedParameters: 0 0 0

#Transform 26
Transform: AffineTransform_float_3_3
Parameters: 1 -2.72919e-05 -0.00021481 2.70747e-05 0.999999 0.00148539 0.000214827 -0.00148529 0.999999 -0.0301887 -0.00321335 0.0570726
FixedParameters: 0 0 0

#Transform 27
Transform: AffineTransform_float_3_3
Parameters: 1 0.000567207 0.000318819 -0.000567421 0.999999 -0.00110373 -0.000318922 0.00110438 1 -0.0263291 0.104578 -0.0001248
FixedParameters: 0 0 0

#Transform 28
Transform: AffineTransform_float_3_3
Parameters: 1 0.000127201 -0.000198396 -0.00012719 1 2.68385e-05 0.000198403 -2.67881e-05 1 -0.0127231 0.0359578 0.0591812
FixedParameters: 0 0 0

#Transform 29
Transform: AffineTransform_float_3_3
Parameters: 0.999999 0.00054744 0.000495596 -0.000547856 0.999999 -0.000720308 -0.000495555 0.000719847 0.999999 -0.0414218 0.0618938 -0.0228991
FixedParameters: 0 0 0

#Transform 30
Transform: AffineTransform_float_3_3
Parameters: 1 0.000211584 2.40316e-05 -0.000211408 1 -0.00120217 -2.43096e-05 0.00120215 1 -0.0236503 0.112216 -0.0195553
FixedParameters: 0 0 0

#Transform 31
Transform: AffineTransform_float_3_3
Parameters: 1 0.000680239 0.000253252 -0.000680801 1 -0.000825116 -0.000253523 0.000825135 0.999999 -0.0745131 0.0260573 0.0221999
FixedParameters: 0 0 0

#Transform 32
Transform: AffineTransform_float_3_3
Parameters: 1 0.000514688 0.000388532 -0.000513994 0.999998 -0.00204207 -0.000389342 0.00204172 0.999998 -0.0494268 0.113695 0.011702
FixedParameters: 0 0 0

#Transform 33
Transform: AffineTransform_float_3_3
Parameters: 1 0.00037564 0.000460063 -0.000375006 0.999999 -0.000859345 -0.000459745 0.000858959 0.999999 -0.0574648 0.0283958 0.00280185
FixedParameters: 0 0 0

#Transform 34
Transform: AffineTransform_float_3_3
Parameters: 1 0.000310423 0.000655151 -0.000308517 0.999997 -0.00216188 -0.00065499 0.00216123 0.999998 -0.0461079 0.139286 -0.0433958
FixedParameters: 0 0 0

#Transform 35
Transform: AffineTransform_float_3_3
Parameters: 1 0.000467856 0.000365118 -0.000467558 0.999998 -0.00157708 -0.000366496 0.00157684 0.999998 -0.0384613 0.0753878 0.00875426
FixedParameters: 0 0 0

#Transform 36
Transform: AffineTransform_float_3_3
Parameters: 0.999999 0.00039925 0.000768277 -0.000398221 0.999997 -0.00246183 -0.000768777 0.00246121 0.999997 -0.0399919 0.0823306 -0.0468648
FixedParameters: 0 0 0

#Transform 37
Transform: AffineTransform_float_3_3
Parameters: 1 0.00017871 0.000252774 -0.000178351 0.999997 -0.00216888 -0.00025322 0.00216888 0.999997 -0.0178584 0.151528 -0.0115115
FixedParameters: 0 0 0

#Transform 38
Transform: AffineTransform_float_3_3
Parameters: 0.999999 0.000243758 0.00117575 -0.000237325 0.999986 -0.00534081 -0.00117714 0.00534079 0.999985 -0.023974 0.20959 -0.0819679
FixedParameters: 0 0 0

#Transform 39
Transform: AffineTransform_float_3_3
Parameters: 1 0.000169665 7.36459e-05 -0.000169426 0.999995 -0.00315164 -7.4658e-05 0.00315171 0.999995 -0.0158597 0.137342 -0.0321678
FixedParameters: 0 0 0

#Transform 40
Transform: AffineTransform_float_3_3
Parameters: 1 0.000377656 0.000472193 -0.00037608 0.999994 -0.00330489 -0.000472627 0.00330437 0.999995 -0.0283392 0.10113 -0.038475
FixedParameters: 0 0 0

#Transform 41
Transform: AffineTransform_float_3_3
Parameters: 0.999999 0.000743802 0.000569384 -0.000741901 0.999992 -0.00380473 -0.000571689 0.00380377 0.999993 -0.0387495 0.110936 -0.0563612
FixedParameters: 0 0 0

#Transform 42
Transform: AffineTransform_float_3_3
Parameters: 1 0.000185244 0.000486034 -0.000183456 0.999992 -0.00386469 -0.000486999 0.00386453 0.999993 -0.0457445 0.134585 -0.0461137
FixedParameters: 0 0 0

#Transform 43
Transform: AffineTransform_float_3_3
Parameters: 0.999999 0.000969971 0.000569022 -0.000967388 0.99999 -0.0042191 -0.000572545 0.00421907 0.999991 -0.0726304 0.162483 0.0188082
FixedParameters: 0 0 0

#Transform 44
Transform: AffineTransform_float_3_3
Parameters: 1 0.000760454 -8.92864e-05 -0.000761008 0.999988 -0.00480856 8.55633e-05 0.00480861 0.999989 -0.00334627 0.181291 -0.0321281
FixedParameters: 0 0 0

#Transform 45
Transform: AffineTransform_float_3_3
Parameters: 1 0.000463854 0.000384477 -0.000461558 0.999992 -0.00412764 -0.000386489 0.00412741 0.999992 -0.0156314 0.128285 -0.0415881
FixedParameters: 0 0 0

#Transform 46
Transform: AffineTransform_float_3_3
Parameters: 1 0.000509249 0.000376698 -0.000508242 0.999995 -0.00312929 -0.000378996 0.00312908 0.999995 -0.0104717 0.1423 -0.00473059
FixedParameters: 0 0 0

#Transform 47
Transform: AffineTransform_float_3_3
Parameters: 0.999999 0.000496667 0.000465548 -0.000495098 0.999995 -0.00313617 -0.000467772 0.00313588 0.999995 -0.0375842 0.129573 -0.021459
FixedParameters: 0 0 0

#Transform 48
Transform: AffineTransform_float_3_3
Parameters: 0.999999 0.00051997 0.000494096 -0.000518663 0.999996 -0.00280937 -0.000496358 0.00280905 0.999996 -0.0165143 0.0823034 -0.00188728
FixedParameters: 0 0 0

#Transform 49
Transform: AffineTransform_float_3_3
Parameters: 0.999999 0.000543317 0.000614514 -0.000540927 0.999993 -0.00377116 -0.000616427 0.00377073 0.999992 -0.0171111 0.161428 -0.0192402
FixedParameters: 0 0 0

#Transform 50
Transform: AffineTransform_float_3_3
Parameters: 0.999999 0.000471464 0.000478475 -0.000470138 0.999995 -0.002922 -0.00048057 0.00292174 0.999995 -0.0152277 0.117063 -0.0156089
FixedParameters: 0 0 0

#Transform 51
Transform: AffineTransform_float_3_3
Parameters: 0.999999 0.00056215 0.000544432 -0.000560236 0.999992 -0.00384856 -0.000546367 0.00384788 0.999993 -0.017567 0.170694 -0.0404402
FixedParameters: 0 0 0

#Transform 52
Transform: AffineTransform_float_3_3
Parameters: 0.999999 0.000542923 0.000441663 -0.000541036 0.999993 -0.00352979 -0.000444373 0.00352947 0.999993 -0.0373533 0.136699 0.0193039
FixedParameters: 0 0 0

#Transform 53
Transform: AffineTransform_float_3_3
Parameters: 1 0.000511197 0.000995546 -0.000507459 0.999992 -0.00399881 -0.0009975 0.00399798 0.999992 -0.0491632 0.104016 -0.0391544
FixedParameters: 0 0 0

#Transform 54
Transform: AffineTransform_float_3_3
Parameters: 1 0.000599607 0.000317285 -0.000598296 0.999993 -0.00388074 -0.000319395 0.00388045 0.999993 -0.0444032 0.0814048 -0.0157442
FixedParameters: 0 0 0

#Transform 55
Transform: AffineTransform_float_3_3
Parameters: 1 0.000501952 0.000996575 -0.000498341 0.999993 -0.00391507 -0.00099858 0.00391455 0.999992 -0.0295267 0.171797 -0.018586
FixedParameters: 0 0 0

#Transform 56
Transform: AffineTransform_float_3_3
Parameters: 1 0.000441602 0.000500334 -0.000440553 0.999997 -0.00267664 -0.000501077 0.00267634 0.999996 -0.0258143 0.152603 0.0281079
FixedParameters: 0 0 0

#Transform 57
Transform: AffineTransform_float_3_3
Parameters: 0.999999 0.000369193 0.000674793 -0.000367903 0.999998 -0.00225182 -0.000675065 0.00225149 0.999997 -0.0439031 0.0673102 -0.0078683
FixedParameters: 0 0 0

#Transform 58
Transform: AffineTransform_float_3_3
Parameters: 1 0.000486009 0.000477534 -0.00048451 0.999995 -0.00305343 -0.00047856 0.00305405 0.999995 -0.0268096 0.111789 -0.00473504
FixedParameters: 0 0 0

#Transform 59
Transform: AffineTransform_float_3_3
Parameters: 1 0.00035026 0.000547238 -0.000349074 0.999998 -0.0019004 -0.000547276 0.00190007 0.999998 -0.033158 0.033195 0.0601819
FixedParameters: 0 0 0

#Transform 60
Transform: AffineTransform_float_3_3
Parameters: 0.999999 0.00047685 0.000764133 -0.000474073 0.999995 -0.00336535 -0.000765387 0.00336487 0.999994 -0.046688 0.179806 0.0318793
FixedParameters: 0 0 0

#Transform 61
Transform: AffineTransform_float_3_3
Parameters: 0.999999 0.000476148 0.000664623 -0.000474348 0.999995 -0.00322217 -0.00066597 0.0032218 0.999994 -0.0311086 0.190241 0.0454792
FixedParameters: 0 0 0

#Transform 62
Transform: AffineTransform_float_3_3
Parameters: 1 0.000530887 0.000454308 -0.000529156 0.999994 -0.00343612 -0.000455872 0.00343576 0.999994 -0.0548914 0.128771 0.0113845
FixedParameters: 0 0 0

#Transform 63
Transform: AffineTransform_float_3_3
Parameters: 1 0.000889702 0.000799627 -0.00088766 0.999995 -0.00309759 -0.000801722 0.00309635 0.999994 -0.0409686 0.123015 0.0414018
FixedParameters: 0 0 0

#Transform 64
Transform: AffineTransform_float_3_3
Parameters: 1 0.000539714 0.00093968 -0.00053707 0.999996 -0.00282115 -0.000941164 0.00282107 0.999996 -0.0598871 0.104833 0.0539526
FixedParameters: 0 0 0

#Transform 65
Transform: AffineTransform_float_3_3
Parameters: 1 0.000572189 0.000868757 -0.000568958 0.999993 -0.00379748 -0.000871068 0.00379656 0.999993 -0.0378782 0.168745 0.0236546
FixedParameters: 0 0 0

#Transform 66
Transform: AffineTransform_float_3_3
Parameters: 0.999999 0.000468536 0.00110146 -0.00046517 0.999995 -0.00316596 -0.00110285 0.00316503 0.999995 -0.03031 0.165853 -0.00375795
FixedParameters: 0 0 0

#Transform 67
Transform: AffineTransform_float_3_3
Parameters: 0.999999 0.000343794 0.000801825 -0.000340476 0.999994 -0.00344666 -0.0008032 0.0034464 0.999993 -0.0133943 0.155068 0.0351403
FixedParameters: 0 0 0

#Transform 68
Transform: AffineTransform_float_3_3
Parameters: 0.999999 0.00069071 0.00112573 -0.000686334 0.999993 -0.00352002 -0.00112773 0.00351947 0.999993 -0.0763465 0.122959 0.0309744
FixedParameters: 0 0 0

#Transform 69
Transform: AffineTransform_float_3_3
Parameters: 0.999999 0.000636423 0.00118685 -0.000631663 0.99999 -0.00450321 -0.00119025 0.0045021 0.999989 -0.0603323 0.210522 0.00747787
FixedParameters: 0 0 0

#Transform 70
Transform: AffineTransform_float_3_3
Parameters: 0.999999 0.000677092 0.00130378 -0.000671363 0.999992 -0.00382496 -0.00130696 0.00382434 0.999992 -0.0633557 0.152017 0.00707183
FixedParameters: 0 0 0

#Transform 71
Transform: AffineTransform_float_3_3
Parameters: 0.999999 0.00052749 0.00122959 -0.000522232 0.99999 -0.00451241 -0.00123193 0.00451246 0.999989 -0.0457527 0.196941 0.0294108
FixedParameters: 0 0 0

#Transform 72
Transform: AffineTransform_float_3_3
Parameters: 0.999999 0.00105942 0.00117058 -0.00105599 0.999993 -0.00341845 -0.00117405 0.003418 0.999994 -0.0577786 0.123457 0.0281365
FixedParameters: 0 0 0

#Transform 73
Transform: AffineTransform_float_3_3
Parameters: 0.999998 0.000615906 0.00141487 -0.000609846 0.99999 -0.00434715 -0.00141694 0.00434549 0.99999 -0.0403248 0.216751 0.0493767
FixedParameters: 0 0 0

#Transform 74
Transform: AffineTransform_float_3_3
Parameters: 1 0.000735908 0.00097978 -0.000733196 0.999996 -0.00281998 -0.000981407 0.00281944 0.999996 -0.0427937 0.142024 0.0739461
FixedParameters: 0 0 0

#Transform 75
Transform: AffineTransform_float_3_3
Parameters: 0.999998 0.000465813 0.00143709 -0.000459705 0.999991 -0.00423154 -0.00143892 0.00423062 0.99999 -0.0236719 0.247615 0.0386367
FixedParameters: 0 0 0

#Transform 76
Transform: AffineTransform_float_3_3
Parameters: 0.999998 0.00112063 0.00131693 -0.0011165 0.999995 -0.00301692 -0.00132011 0.00301493 0.999995 -0.0544288 0.141106 0.0574779
FixedParameters: 0 0 0

#Transform 77
Transform: AffineTransform_float_3_3
Parameters: 1 0.000437653 0.000904544 -0.000435296 0.999994 -0.00324534 -0.000905726 0.0032456 0.999995 -0.0311461 0.12883 0.103778
FixedParameters: 0 0 0

#Transform 78
Transform: AffineTransform_float_3_3
Parameters: 0.999999 0.000999555 0.00115854 -0.000995816 0.999995 -0.00282661 -0.00116166 0.00282519 0.999996 -0.0783646 0.135899 0.149451
FixedParameters: 0 0 0

#Transform 79
Transform: AffineTransform_float_3_3
Parameters: 1 0.000676069 0.000827315 -0.000673349 0.999993 -0.00365766 -0.000830437 0.00365691 0.999993 0.00946271 0.201365 0.113615
FixedParameters: 0 0 0

#Transform 80
Transform: AffineTransform_float_3_3
Parameters: 0.999999 0.000573653 0.00052442 -0.000571346 0.999993 -0.00352418 -0.000526377 0.0035237 0.999993 -0.0442975 0.130245 0.119358
FixedParameters: 0 0 0

#Transform 81
Transform: AffineTransform_float_3_3
Parameters: 0.999999 0.000470409 0.000604564 -0.000467994 0.99999 -0.00435911 -0.000606904 0.00435861 0.999991 -0.0201555 0.206378 0.214538
FixedParameters: 0 0 0

#Transform 82
Transform: AffineTransform_float_3_3
Parameters: 0.999999 0.000907697 0.00101029 -0.000903825 0.999992 -0.00408373 -0.00101362 0.00408228 0.999991 -0.0742627 0.126718 0.204131
FixedParameters: 0 0 0

#Transform 83
Transform: AffineTransform_float_3_3
Parameters: 1 0.00075246 0.000905503 -0.000748722 0.999992 -0.00392493 -0.000908389 0.00392389 0.999992 -0.0341433 0.159478 0.164081
FixedParameters: 0 0 0

#Transform 84
Transform: AffineTransform_float_3_3
Parameters: 0.999999 0.000926967 0.000988935 -0.000924458 0.999994 -0.00316847 -0.000992276 0.0031667 0.999995 -0.0750629 0.148643 0.132673
FixedParameters: 0 0 0

#Transform 85
Transform: AffineTransform_float_3_3
Parameters: 0.999999 0.000857475 0.000956762 -0.000853434 0.999993 -0.00345617 -0.000959698 0.0034554 0.999994 -0.0586722 0.130664 0.187655
FixedParameters: 0 0 0

#Transform 86
Transform: AffineTransform_float_3_3
Parameters: 0.999999 0.00123389 0.000969909 -0.00123062 0.999992 -0.00396981 -0.000974574 0.0039687 0.999992 -0.104408 0.138363 0.1366
FixedParameters: 0 0 0

#Transform 87
Transform: AffineTransform_float_3_3
Parameters: 1 0.00114892 0.000523219 -0.00114671 0.999987 -0.00496201 -0.000528439 0.00496192 0.999988 -0.064888 0.276666 0.162581
FixedParameters: 0 0 0

#Transform 88
Transform: AffineTransform_float_3_3
Parameters: 0.999999 0.00126829 0.000852178 -0.00126472 0.99999 -0.00412511 -0.000857376 0.00412411 0.999991 -0.0677632 0.210514 0.11933
FixedParameters: 0 0 0

#Transform 89
Transform: AffineTransform_float_3_3
Parameters: 0.999999 0.00130264 0.000901176 -0.00129887 0.999989 -0.00450739 -0.00090636 0.00450625 0.999989 -0.0800101 0.174175 0.115853
FixedParameters: 0 0 0

#Transform 90
Transform: AffineTransform_float_3_3
Parameters: 0.999999 0.00124934 0.000980099 -0.00124568 0.999991 -0.00412602 -0.000985275 0.00412486 0.999991 -0.0814234 0.164796 0.146203
FixedParameters: 0 0 0

#Transform 91
Transform: AffineTransform_float_3_3
Parameters: 0.999998 0.00120791 0.0011235 -0.00120318 0.999989 -0.00447363 -0.00112886 0.00447202 0.999989 -0.0736154 0.215755 0.117297
FixedParameters: 0 0 0

#Transform 92
Transform: AffineTransform_float_3_3
Parameters: 0.999999 0.00130442 0.000842519 -0.00130137 0.999989 -0.00444515 -0.000848634 0.00444298 0.99999 -0.0694194 0.18578 0.157616
FixedParameters: 0 0 0

#Transform 93
Transform: AffineTransform_float_3_3
Parameters: 0.999998 0.00126404 0.00113184 -0.0012591 0.99999 -0.00446752 -0.00113767 0.00446604 0.999989 -0.0931674 0.142616 0.109676
FixedParameters: 0 0 0

#Transform 94
Transform: AffineTransform_float_3_3
Parameters: 0.999998 0.00130642 0.000999978 -0.00130211 0.999989 -0.00467641 -0.0010065 0.00467516 0.999989 -0.0669811 0.215061 0.157594
FixedParameters: 0 0 0

#Transform 95
Transform: AffineTransform_float_3_3
Parameters: 0.999998 0.00128337 0.00144841 -0.00127646 0.999988 -0.00461098 -0.00145396 0.00460845 0.999988 -0.0813812 0.211931 0.124468
FixedParameters: 0 0 0

#Transform 96
Transform: AffineTransform_float_3_3
Parameters: 1 0.000974331 0.000793229 -0.000970338 0.999985 -0.00543553 -0.000798485 0.0054344 0.999984 -0.0481586 0.251449 0.126725
FixedParameters: 0 0 0

#Transform 97
Transform: AffineTransform_float_3_3
Parameters: 0.999999 0.00151584 0.00121491 -0.00150971 0.999987 -0.0047361 -0.00122178 0.00473467 0.999988 -0.0923033 0.15063 0.0695197
FixedParameters: 0 0 0

#Transform 98
Transform: AffineTransform_float_3_3
Parameters: 0.999999 0.00103133 0.00102301 -0.00102582 0.999985 -0.00544918 -0.00102883 0.00544732 0.999985 -0.0711772 0.195422 0.115522
FixedParameters: 0 0 0

#Transform 99
Transform: AffineTransform_float_3_3
Parameters: 0.999999 0.000957331 0.00145065 -0.000950989 0.999987 -0.00493205 -0.00145577 0.00493077 0.999986 -0.0797291 0.24252 0.125882
FixedParameters: 0 0 0

#Transform 100
Transform: AffineTransform_float_3_3
Parameters: 0.999998 0.00108804 0.00119523 -0.00108213 0.999989 -0.00457151 -0.00120067 0.00457034 0.999988 -0.0727667 0.176317 0.149248
FixedParameters: 0 0 0

#Transform 101
Transform: AffineTransform_float_3_3
Parameters: 0.999998 0.00167778 0.00128301 -0.00167269 0.999988 -0.0045056 -0.00129101 0.00450367 0.999989 -0.11377 0.180901 0.12553
FixedParameters: 0 0 0

#Transform 102
Transform: AffineTransform_float_3_3
Parameters: 0.999999 0.00151257 0.0012184 -0.00150641 0.999986 -0.00503623 -0.00122582 0.00503489 0.999987 -0.0767171 0.210897 0.139185
FixedParameters: 0 0 0

#Transform 103
Transform: AffineTransform_float_3_3
Parameters: 0.999997 0.00142837 0.00164495 -0.00141948 0.999988 -0.00484433 -0.00165229 0.00484216 0.999987 -0.112047 0.213624 0.122386
FixedParameters: 0 0 0

#Transform 104
Transform: AffineTransform_float_3_3
Parameters: 0.999999 0.00145999 0.0012384 -0.00145417 0.999988 -0.00458274 -0.00124431 0.00458109 0.999989 -0.08078 0.195726 0.182804
FixedParameters: 0 0 0

#Transform 105
Transform: AffineTransform_float_3_3
Parameters: 0.999998 0.00144211 0.00149861 -0.00143404 0.999987 -0.00477237 -0.00150576 0.00477017 0.999988 -0.0997621 0.14706 0.129809
FixedParameters: 0 0 0

#Transform 106
Transform: AffineTransform_float_3_3
Parameters: 0.999999 0.00143031 0.00125385 -0.00142495 0.999989 -0.0043319 -0.00125998 0.00433033 0.99999 -0.0890087 0.16854 0.156798
FixedParameters: 0 0 0

#Transform 107
Transform: AffineTransform_float_3_3
Parameters: 0.999996 0.00184404 0.00189113 -0.00183524 0.999988 -0.0045919 -0.00189887 0.00458908 0.999988 -0.105246 0.215083 0.168917
FixedParameters: 0 0 0

#Transform 108
Transform: AffineTransform_float_3_3
Parameters: 0.999998 0.00152833 0.00144641 -0.00152109 0.999988 -0.0046995 -0.00145341 0.00469745 0.999987 -0.100406 0.17268 0.164988
FixedParameters: 0 0 0

#Transform 109
Transform: AffineTransform_float_3_3
Parameters: 0.999997 0.00182711 0.0016333 -0.00181936 0.999986 -0.00494181 -0.00164201 0.00493931 0.999986 -0.0874628 0.209853 0.156918
FixedParameters: 0 0 0

#Transform 110
Transform: AffineTransform_float_3_3
Parameters: 0.999998 0.00147668 0.00114879 -0.00147043 0.999987 -0.00489192 -0.00115624 0.00489079 0.999987 -0.0697728 0.186578 0.193516
FixedParameters: 0 0 0

#Transform 111
Transform: AffineTransform_float_3_3
Parameters: 0.999997 0.0018166 0.00176699 -0.00180726 0.999986 -0.00502719 -0.00177569 0.00502394 0.999986 -0.10149 0.192292 0.164946
FixedParameters: 0 0 0

#Transform 112
Transform: AffineTransform_float_3_3
Parameters: 0.999999 0.00145374 0.00128017 -0.00144665 0.999984 -0.0054755 -0.00128802 0.00547327 0.999984 -0.0704004 0.23335 0.187959
FixedParameters: 0 0 0

#Transform 113
Transform: AffineTransform_float_3_3
Parameters: 0.999997 0.00143464 0.00198036 -0.00142247 0.99998 -0.00624124 -0.0019888 0.00623808 0.999979 -0.0955906 0.228745 0.116653
FixedParameters: 0 0 0

#Transform 114
Transform: AffineTransform_float_3_3
Parameters: 0.999998 0.00102308 0.00127647 -0.0010156 0.999983 -0.00577027 -0.00128256 0.00576908 0.999983 -0.0721154 0.216687 0.146027
FixedParameters: 0 0 0

#Transform 115
Transform: AffineTransform_float_3_3
Parameters: 0.999998 0.00138201 0.00138899 -0.0013753 0.999987 -0.00496611 -0.00139601 0.00496449 0.999987 -0.0774102 0.220957 0.14964
FixedParameters: 0 0 0

#Transform 116
Transform: AffineTransform_float_3_3
Parameters: 0.999998 0.00147921 0.00133844 -0.00147139 0.999983 -0.00578682 -0.00134716 0.00578444 0.999982 -0.0791332 0.175207 0.158584
FixedParameters: 0 0 0

#Transform 117
Transform: AffineTransform_float_3_3
Parameters: 0.999997 0.00174144 0.00145484 -0.00173271 0.999983 -0.00571034 -0.00146431 0.00570773 0.999983 -0.08208 0.20566 0.163688
FixedParameters: 0 0 0

#Transform 118
Transform: AffineTransform_float_3_3
Parameters: 0.999997 0.00175336 0.00134424 -0.00174516 0.999979 -0.0062005 -0.00135599 0.00619808 0.99998 -0.0803352 0.199229 0.161734
FixedParameters: 0 0 0

#Transform 119
Transform: AffineTransform_float_3_3
Parameters: 0.999996 0.00191513 0.00183935 -0.00190448 0.99998 -0.00608641 -0.00185126 0.00608291 0.99998 -0.109297 0.203361 0.136535
FixedParameters: 0 0 0

#Transform 120
Transform: AffineTransform_float_3_3
Parameters: 0.999998 0.00123 0.00185353 -0.0012181 0.999978 -0.00650406 -0.00186185 0.00650113 0.999977 -0.106187 0.240968 0.13625
FixedParameters: 0 0 0

#Transform 121
Transform: AffineTransform_float_3_3
Parameters: 0.999997 0.0013496 0.00198978 -0.00133761 0.999981 -0.00594297 -0.00199765 0.00594006 0.99998 -0.0953271 0.172225 0.142069
FixedParameters: 0 0 0

#Transform 122
Transform: AffineTransform_float_3_3
Parameters: 0.999998 0.00129282 0.00183366 -0.0012805 0.999976 -0.00687186 -0.00184212 0.00686974 0.999975 -0.0898423 0.254142 0.112343
FixedParameters: 0 0 0

#Transform 123
Transform: AffineTransform_float_3_3
Parameters: 0.999997 0.00160377 0.00193796 -0.00159177 0.99998 -0.00608614 -0.00194802 0.00608327 0.99998 -0.0960505 0.196642 0.135186
FixedParameters: 0 0 0

#Transform 124
Transform: AffineTransform_float_3_3
Parameters: 0.999997 0.00133543 0.00217207 -0.00132032 0.999975 -0.0069051 -0.00218139 0.00690285 0.999974 -0.0974986 0.251263 0.11959
FixedParameters: 0 0 0

#Transform 125
Transform: AffineTransform_float_3_3
Parameters: 0.999997 0.00139367 0.00188526 -0.00138185 0.999979 -0.00638837 -0.00189433 0.00638566 0.999978 -0.101617 0.18837 0.126409
FixedParameters: 0 0 0

#Transform 126
Transform: AffineTransform_float_3_3
Parameters: 0.999998 0.00163887 0.00129578 -0.00163088 0.999978 -0.00637109 -0.00130548 0.00636908 0.999979 -0.122831 0.201404 0.163554
FixedParameters: 0 0 0

#Transform 127
Transform: AffineTransform_float_3_3
Parameters: 0.999998 0.00156454 0.000974669 -0.00155874 0.999977 -0.00661789 -0.000984641 0.00661629 0.999977 -0.0689568 0.283138 0.145197
FixedParameters: 0 0 0

#Transform 128
Transform: AffineTransform_float_3_3
Parameters: 0.999997 0.00107021 0.00211113 -0.00105358 0.999969 -0.00772854 -0.00211951 0.00772592 0.999967 -0.0866191 0.240167 0.114292
FixedParameters: 0 0 0

#Transform 129
Transform: AffineTransform_float_3_3
Parameters: 0.999996 0.00172807 0.00191854 -0.00171603 0.999978 -0.00638634 -0.00192986 0.00638311 0.999978 -0.0968233 0.208352 0.175259
FixedParameters: 0 0 0

#Transform 130
Transform: AffineTransform_float_3_3
Parameters: 0.999996 0.00160865 0.00221493 -0.00159293 0.999975 -0.00694189 -0.00222618 0.00693851 0.999973 -0.0972112 0.202299 0.181111
FixedParameters: 0 0 0

#Transform 131
Transform: AffineTransform_float_3_3
Parameters: 0.999997 0.00155462 0.0019541 -0.00154163 0.999977 -0.00668683 -0.00196485 0.00668335 0.999976 -0.107416 0.198884 0.178155
FixedParameters: 0 0 0

#Transform 132
Transform: AffineTransform_float_3_3
Parameters: 0.999996 0.0017757 0.00200895 -0.00176255 0.999978 -0.00637643 -0.00202084 0.0063727 0.999978 -0.0916385 0.242131 0.23035
FixedParameters: 0 0 0

#Transform 133
Transform: AffineTransform_float_3_3
Parameters: 0.999997 0.0017011 0.00150561 -0.00169206 0.999978 -0.00644037 -0.00151636 0.00643772 0.999979 -0.092978 0.241484 0.206195
FixedParameters: 0 0 0

#Transform 134
Transform: AffineTransform_float_3_3
Parameters: 0.999998 0.0018635 0.000929556 -0.00185789 0.999982 -0.00572927 -0.000940197 0.00572693 0.999983 -0.0846716 0.170549 0.245432
FixedParameters: 0 0 0

#Transform 135
Transform: AffineTransform_float_3_3
Parameters: 0.999998 0.00177521 0.00106488 -0.00176851 0.999981 -0.005875 -0.00107483 0.00587341 0.999983 -0.096983 0.170197 0.185508
FixedParameters: 0 0 0

#Transform 136
Transform: AffineTransform_float_3_3
Parameters: 0.999997 0.00169967 0.00148298 -0.00169084 0.999979 -0.00622129 -0.0014933 0.00621862 0.999979 -0.0865003 0.211439 0.204254
FixedParameters: 0 0 0

#Transform 137
Transform: AffineTransform_float_3_3
Parameters: 0.999997 0.00172656 0.00155707 -0.0017181 0.999984 -0.00532309 -0.00156648 0.00531995 0.999985 -0.0991086 0.195175 0.217479
FixedParameters: 0 0 0

#Transform 138
Transform: AffineTransform_float_3_3
Parameters: 0.999996 0.00179559 0.00202079 -0.0017851 0.999985 -0.00534378 -0.00203034 0.00534005 0.999984 -0.0968927 0.234905 0.24612
FixedParameters: 0 0 0

#Transform 139
Transform: AffineTransform_float_3_3
Parameters: 0.999997 0.00180003 0.00156096 -0.00179186 0.999985 -0.00520979 -0.00157096 0.0052067 0.999985 -0.099689 0.130361 0.245335
FixedParameters: 0 0 0

#Transform 140
Transform: AffineTransform_float_3_3
Parameters: 0.999997 0.00203305 0.00155916 -0.00202277 0.999977 -0.00640659 -0.00157212 0.00640347 0.999979 -0.126021 0.237298 0.217903
FixedParameters: 0 0 0

#Transform 141
Transform: AffineTransform_float_3_3
Parameters: 0.999998 0.00196007 0.00112018 -0.00195355 0.999983 -0.00561276 -0.00113076 0.00561082 0.999983 -0.0981712 0.257041 0.246136
FixedParameters: 0 0 0

#Transform 142
Transform: AffineTransform_float_3_3
Parameters: 0.999996 0.00213396 0.00187591 -0.00212354 0.999981 -0.00578703 -0.00188782 0.00578267 0.999981 -0.121606 0.218832 0.233327
FixedParameters: 0 0 0

#Transform 143
Transform: AffineTransform_float_3_3
Parameters: 0.999997 0.00209872 0.00143879 -0.00209061 0.999982 -0.0056187 -0.00145114 0.00561602 0.999984 -0.108286 0.192717 0.269375
FixedParameters: 0 0 0

#Transform 144
Transform: AffineTransform_float_3_3
Parameters: 0.999996 0.00214844 0.00163738 -0.00213911 0.999982 -0.00565357 -0.00164959 0.00564998 0.999983 -0.128716 0.169666 0.230258
FixedParameters: 0 0 0

#Transform 145
Transform: AffineTransform_float_3_3
Parameters: 0.999997 0.00199419 0.0012579 -0.00198769 0.999981 -0.00577677 -0.00126957 0.00577415 0.999982 -0.09883 0.222418 0.268619
FixedParameters: 0 0 0

#Transform 146
Transform: AffineTransform_float_3_3
Parameters: 0.999995 0.00234228 0.00223392 -0.00232835 0.999976 -0.00646751 -0.00224893 0.00646267 0.999976 -0.137684 0.220342 0.186946
FixedParameters: 0 0 0

#Transform 147
Transform: AffineTransform_float_3_3
Parameters: 0.999997 0.00205973 0.00154973 -0.00204835 0.999973 -0.0070374 -0.00156396 0.00703331 0.999974 -0.116158 0.224447 0.208065
FixedParameters: 0 0 0

#Transform 148
Transform: AffineTransform_float_3_3
Parameters: 0.999996 0.00197739 0.00209284 -0.00196368 0.999977 -0.00650058 -0.00210588 0.00649698 0.999977 -0.127622 0.237296 0.204343
FixedParameters: 0 0 0

#Transform 149
Transform: AffineTransform_float_3_3
Parameters: 0.999997 0.00204557 0.00137089 -0.00203712 0.999976 -0.00655659 -0.00138447 0.00655352 0.999977 -0.095022 0.250138 0.234574
FixedParameters: 0 0 0

#Transform 150
Transform: AffineTransform_float_3_3
Parameters: 0.999996 0.00204139 0.00184276 -0.00203018 0.99998 -0.00604697 -0.00185399 0.00604278 0.99998 -0.112686 0.197375 0.168821
FixedParameters: 0 0 0

#Transform 151
Transform: AffineTransform_float_3_3
Parameters: 0.999997 0.0017081 0.00176004 -0.00169678 0.999977 -0.00651183 -0.00177051 0.00650838 0.999977 -0.0921996 0.292759 0.19263
FixedParameters: 0 0 0

#Transform 152
Transform: AffineTransform_float_3_3
Parameters: 0.999996 0.00193747 0.00181866 -0.00192678 0.99998 -0.00616917 -0.00183018 0.0061659 0.999979 -0.0952055 0.139251 0.194594
FixedParameters: 0 0 0

#Transform 153
Transform: AffineTransform_float_3_3
Parameters: 0.999996 0.00190823 0.00214083 -0.00189498 0.999978 -0.00633504 -0.00215268 0.00633032 0.999978 -0.0952379 0.243943 0.201804
FixedParameters: 0 0 0

#Transform 154
Transform: AffineTransform_float_3_3
Parameters: 0.999996 0.00192223 0.00182666 -0.00191109 0.99998 -0.00604151 -0.00183739 0.00603787 0.99998 -0.0886481 0.225822 0.205159
FixedParameters: 0 0 0

#Transform 155
Transform: AffineTransform_float_3_3
Parameters: 0.999995 0.00186293 0.00240284 -0.00184853 0.999979 -0.0062717 -0.00241406 0.00626741 0.999977 -0.109593 0.219296 0.178177
FixedParameters: 0 0 0

#Transform 156
Transform: AffineTransform_float_3_3
Parameters: 0.999996 0.00192018 0.00184148 -0.00190983 0.99998 -0.00604257 -0.00185233 0.00603899 0.99998 -0.089702 0.285013 0.21454
FixedParameters: 0 0 0

#Transform 157
Transform: AffineTransform_float_3_3
Parameters: 0.999994 0.00212974 0.00296643 -0.00211192 0.999979 -0.00608887 -0.00297906 0.00608273 0.999977 -0.123138 0.233313 0.153704
FixedParameters: 0 0 0

#Transform 158
Transform: AffineTransform_float_3_3
Parameters: 0.999996 0.00177973 0.00214307 -0.00176539 0.999977 -0.00651843 -0.00215468 0.00651429 0.999976 -0.0992768 0.184322 0.188577
FixedParameters: 0 0 0

#Transform 159
Transform: AffineTransform_float_3_3
Parameters: 0.999995 0.00198861 0.00246499 -0.00197346 0.999978 -0.00626832 -0.0024779 0.00626413 0.999977 -0.122656 0.170318 0.182794
FixedParameters: 0 0 0

#Transform 160
Transform: AffineTransform_float_3_3
Parameters: 0.999996 0.0018346 0.00209631 -0.00181945 0.999972 -0.00721226 -0.00210931 0.0072082 0.999972 -0.0974384 0.227734 0.178343
FixedParameters: 0 0 0

#Transform 161
Transform: AffineTransform_float_3_3
Parameters: 0.999995 0.00215618 0.00246477 -0.00213887 0.999975 -0.006682 -0.00247998 0.00667596 0.999975 -0.118926 0.262934 0.204018
FixedParameters: 0 0 0

#Transform 162
Transform: AffineTransform_float_3_3
Parameters: 0.999994 0.00215822 0.00267189 -0.00213947 0.999973 -0.00697415 -0.00268728 0.00696818 0.999973 -0.114816 0.227378 0.173681
FixedParameters: 0 0 0

#Transform 163
Transform: AffineTransform_float_3_3
Parameters: 0.999996 0.00194654 0.00219688 -0.00193225 0.999975 -0.00674667 -0.0022103 0.00674273 0.999975 -0.0999382 0.250839 0.218042
FixedParameters: 0 0 0

#Transform 164
Transform: AffineTransform_float_3_3
Parameters: 0.999994 0.00212572 0.002686 -0.00210753 0.999975 -0.00669933 -0.0027001 0.00669338 0.999974 -0.117121 0.272418 0.196155
FixedParameters: 0 0 0

#Transform 165
Transform: AffineTransform_float_3_3
Parameters: 0.999996 0.00206032 0.00189035 -0.00204817 0.999978 -0.00633827 -0.00190267 0.00633391 0.999978 -0.104719 0.238901 0.237921
FixedParameters: 0 0 0

#Transform 166
Transform: AffineTransform_float_3_3
Parameters: 0.99999 0.00309295 0.00330555 -0.00306679 0.999965 -0.00784064 -0.00333021 0.00783026 0.999964 -0.228922 0.283235 0.292125
FixedParameters: 0 0 0

#Transform 167
Transform: AffineTransform_float_3_3
Parameters: 0.999993 0.00233511 0.00283902 -0.00231568 0.999976 -0.00658911 -0.0028536 0.00658248 0.999974 -0.147916 0.240538 0.275962
FixedParameters: 0 0 0

#Transform 168
Transform: AffineTransform_float_3_3
Parameters: 0.999994 0.00234336 0.00266973 -0.00232594 0.999976 -0.00643936 -0.00268479 0.0064334 0.999976 -0.145472 0.231395 0.267712
FixedParameters: 0 0 0

#Transform 169
Transform: AffineTransform_float_3_3
Parameters: 0.999993 0.00235919 0.00271842 -0.00234075 0.999976 -0.00664639 -0.00273433 0.00664021 0.999975 -0.148336 0.217907 0.262532
FixedParameters: 0 0 0

#Transform 170
Transform: AffineTransform_float_3_3
Parameters: 0.999993 0.00230245 0.00281661 -0.00228426 0.999978 -0.00626459 -0.00283057 0.00625819 0.999976 -0.158973 0.211881 0.229428
FixedParameters: 0 0 0

#Transform 171
Transform: AffineTransform_float_3_3
Parameters: 0.999995 0.001935 0.0025687 -0.00191732 0.999974 -0.00700609 -0.00258214 0.00700109 0.999972 -0.139936 0.261161 0.220677
FixedParameters: 0 0 0

#Transform 172
Transform: AffineTransform_float_3_3
Parameters: 0.999992 0.00248895 0.00299174 -0.00246853 0.999974 -0.00675778 -0.00300818 0.00675037 0.999973 -0.159477 0.253018 0.215883
FixedParameters: 0 0 0

#Transform 173
Transform: AffineTransform_float_3_3
Parameters: 0.999993 0.00264007 0.00264632 -0.00262145 0.99997 -0.00725331 -0.00266464 0.007246 0.99997 -0.127754 0.2481 0.276975
FixedParameters: 0 0 0

#Transform 174
Transform: AffineTransform_float_3_3
Parameters: 0.99999 0.00269853 0.00350343 -0.00267193 0.999969 -0.00745018 -0.00352402 0.00744003 0.999966 -0.170276 0.222143 0.211838
FixedParameters: 0 0 0

#Transform 175
Transform: AffineTransform_float_3_3
Parameters: 0.999992 0.00225192 0.00311329 -0.00222839 0.999968 -0.00766492 -0.00312965 0.00765864 0.999966 -0.139092 0.295401 0.218005
FixedParameters: 0 0 0

#Transform 176
Transform: AffineTransform_float_3_3
Parameters: 0.999992 0.00234551 0.00341545 -0.00232032 0.99997 -0.00742302 -0.00343292 0.00741491 0.999967 -0.162578 0.253786 0.181383
FixedParameters: 0 0 0

#Transform 177
Transform: AffineTransform_float_3_3
Parameters: 0.999992 0.00227667 0.00311346 -0.00225282 0.999968 -0.00770535 -0.00313044 0.00769825 0.999965 -0.148494 0.262769 0.15931
FixedParameters: 0 0 0

#Transform 178
Transform: AffineTransform_float_3_3
Parameters: 0.999992 0.0026608 0.00326179 -0.00263683 0.99997 -0.00731504 -0.0032813 0.00730649 0.999968 -0.183502 0.262645 0.192719
FixedParameters: 0 0 0

#Transform 179
Transform: AffineTransform_float_3_3
Parameters: 0.999994 0.00193318 0.00311299 -0.00191054 0.999973 -0.00711222 -0.00312596 0.00710556 0.99997 -0.185789 0.195659 0.18086
FixedParameters: 0 0 0

#Transform 180
Transform: AffineTransform_float_3_3
Parameters: 0.999992 0.00238682 0.00320465 -0.00236554 0.999974 -0.00674127 -0.00322109 0.00673377 0.999972 -0.167639 0.259501 0.196638
FixedParameters: 0 0 0

#Transform 181
Transform: AffineTransform_float_3_3
Parameters: 0.999992 0.00271652 0.00298353 -0.00269503 0.999972 -0.00710348 -0.00300264 0.00709505 0.999971 -0.148713 0.224027 0.217395
FixedParameters: 0 0 0

#Transform 182
Transform: AffineTransform_float_3_3
Parameters: 0.999991 0.00288847 0.00320971 -0.00286382 0.999967 -0.00754926 -0.0032315 0.00753941 0.999967 -0.164349 0.268206 0.171481
FixedParameters: 0 0 0

#Transform 183
Transform: AffineTransform_float_3_3
Parameters: 0.999993 0.00248998 0.00309134 -0.00246639 0.999968 -0.00761236 -0.00311021 0.00760455 0.999967 -0.147451 0.262624 0.180967
FixedParameters: 0 0 0

#Transform 184
Transform: AffineTransform_float_3_3
Parameters: 0.999991 0.00270129 0.00318862 -0.00267717 0.999968 -0.00749147 -0.00320825 0.00748298 0.999967 -0.157439 0.277517 0.195107
FixedParameters: 0 0 0

#Transform 185
Transform: AffineTransform_float_3_3
Parameters: 0.999992 0.00278219 0.00276622 -0.00276162 0.999968 -0.00745555 -0.00278656 0.00744784 0.999969 -0.149169 0.253727 0.208538
FixedParameters: 0 0 0

#Transform 186
Transform: AffineTransform_float_3_3
Parameters: 0.999991 0.00298505 0.00275862 -0.00296288 0.999964 -0.00790093 -0.00278211 0.00789241 0.999965 -0.172212 0.251631 0.198465
FixedParameters: 0 0 0

#Transform 187
Transform: AffineTransform_float_3_3
Parameters: 0.999992 0.00329342 0.00238932 -0.00327455 0.999964 -0.0078421 -0.0024152 0.00783441 0.999966 -0.142516 0.217966 0.220108
FixedParameters: 0 0 0

#Transform 188
Transform: AffineTransform_float_3_3
Parameters: 0.999991 0.00274308 0.00313497 -0.002718 0.999965 -0.00790802 -0.00315606 0.00789865 0.999963 -0.14919 0.296366 0.180324
FixedParameters: 0 0 0

#Transform 189
Transform: AffineTransform_float_3_3
