#Insight Transform File V1.0
#Transform 0
Transform: AffineTransform_float_3_3
Parameters: 1 5.04721e-05 -0.000207638 -5.08121e-05 0.999999 -0.000819289 0.000207555 0.00081931 0.999999 0.0276632 -0.010478 -0.0174825
FixedParameters: 0 0 0

#Transform 1
Transform: AffineTransform_float_3_3
Parameters: 1 -2.25479e-06 -0.000165363 2.27037e-06 1 4.71169e-05 0.000165363 -4.71176e-05 1 0.0184948 -0.0619293 0.0488998
FixedParameters: 0 0 0

#Transform 2
Transform: AffineTransform_float_3_3
Parameters: 1 -0.000414033 -2.94844e-05 0.000413986 0.999999 -0.000784099 3.01338e-05 0.000784074 0.999999 0.0206862 -0.0163454 -0.0180899
FixedParameters: 0 0 0

#Transform 3
Transform: AffineTransform_float_3_3
Parameters: 1 -0.000137593 -0.000227251 0.000137362 1 -0.00050926 0.000227391 0.000509197 1 0.0260291 0.00564065 0.0249319
FixedParameters: 0 0 0

#Transform 4
Transform: AffineTransform_float_3_3
Parameters: 1 -0.000175382 -5.6931e-06 0.00017538 1 -0.000146837 5.74464e-06 0.000146835 1 0.0268061 -0.00460917 0.0653203
FixedParameters: 0 0 0

#Transform 5
Transform: AffineTransform_float_3_3
Parameters: 1 -0.000183642 -0.000242214 0.000183194 0.999999 -0.000938602 0.000241567 0.00093855 0.999999 0.0320823 -0.0218609 0.017219
FixedParameters: 0 0 0

#Transform 6
Transform: AffineTransform_float_3_3
Parameters: 1 -0.000469414 3.84142e-05 0.000469405 1 0.0010597 -3.92879e-05 -0.00105967 1 0.0268042 -0.076921 0.0200385
FixedParameters: 0 0 0

#Transform 7
Transform: AffineTransform_float_3_3
Parameters: 1 -0.000266308 -0.000249545 0.000266281 1 -5.41528e-05 0.000249574 5.40199e-05 1 0.039073 -0.0392236 -0.0312367
FixedParameters: 0 0 0

#Transform 8
Transform: AffineTransform_float_3_3
Parameters: 1 -0.000393447 -0.000211093 0.000393374 1 -0.000173635 0.000211229 0.000173469 1 0.0239081 -0.042458 0.0574966
FixedParameters: 0 0 0

#Transform 9
Transform: AffineTransform_float_3_3
Parameters: 1 -0.000281628 -0.000467491 0.000280772 0.999999 -0.000915221 0.000468127 0.000914951 1 0.0438731 0.0145782 0.0129606
FixedParameters: 0 0 0

#Transform 10
Transform: AffineTransform_float_3_3
Parameters: 1 -0.000251887 -0.00044345 0.000252648 1 -0.000264714 0.000443583 0.00026443 1 0.0210576 -0.0370718 0.0681145
FixedParameters: 0 0 0

#Transform 11
Transform: AffineTransform_float_3_3
Parameters: 1 -6.87483e-05 -0.000448042 6.83957e-05 1 -0.000393581 0.000448096 0.00039352 1 0.0181631 -0.0113475 0.0571045
FixedParameters: 0 0 0

#Transform 12
Transform: AffineTransform_float_3_3
Parameters: 1 -0.00043162 -0.000445235 0.000431346 1 -0.000307712 0.0004455 0.000307328 1 0.0323383 0.0393403 0.0433611
FixedParameters: 0 0 0

#Transform 13
Transform: AffineTransform_float_3_3
Parameters: 1 -0.000189537 -0.000439226 0.000189403 1 -0.000152706 0.000439284 0.00015254 1 0.0288967 -0.0687106 0.0514748
FixedParameters: 0 0 0

#Transform 14
Transform: AffineTransform_float_3_3
Parameters: 1 -0.00018442 -0.00019245 0.000184139 0.999999 -0.000729963 0.000192719 0.000729892 0.999999 0.0108492 -0.0186593 -0.010632
FixedParameters: 0 0 0

#Transform 15
Transform: AffineTransform_float_3_3
Parameters: 1 -0.000201931 -0.000449441 0.000201547 1 -0.000427779 0.000449613 0.000427598 1 0.0372793 -0.0426028 0.0415163
FixedParameters: 0 0 0

#Transform 16
Transform: AffineTransform_float_3_3
Parameters: 1 0.000297934 -0.000340536 -0.000297184 1 0.00099138 0.000341247 -0.000991181 1 0.00177449 -0.0226508 0.00718543
FixedParameters: 0 0 0

#Transform 17
Transform: AffineTransform_float_3_3
Parameters: 1 -4.21671e-05 -0.000376125 4.19487e-05 1 -0.000290359 0.000376149 0.000290327 1 0.0296004 -0.0654712 0.0449439
FixedParameters: 0 0 0

#Transform 18
Transform: AffineTransform_float_3_3
Parameters: 1 -9.00375e-05 -0.000341609 9.04006e-05 1 0.000531502 0.000341513 -0.000531564 1 0.00778097 0.00116488 0.0228363
FixedParameters: 0 0 0

#Transform 19
Transform: AffineTransform_float_3_3
Parameters: 1 0.000354207 -0.000430297 -0.00035415 1 6.68442e-05 0.000430344 -6.65392e-05 1 0.00612929 -0.0320582 0.0599752
FixedParameters: 0 0 0

#Transform 20
Transform: AffineTransform_float_3_3
Parameters: 1 0.000155277 -6.8522e-06 -0.000155284 1 -0.000509593 6.69404e-06 0.000509595 1 -0.0064163 -0.00217774 -0.00549209
FixedParameters: 0 0 0

#Transform 21
Transform: AffineTransform_float_3_3
Parameters: 1 0.000335739 -0.000299078 -0.000335521 1 0.000363553 0.000299321 -0.000363352 1 0.00216056 -0.0403139 0.0539868
FixedParameters: 0 0 0

#Transform 22
Transform: AffineTransform_float_3_3
Parameters: 1 -0.000137105 0.000138162 0.00013708 1 8.77717e-05 -0.000138186 -8.77339e-05 1 0.00816071 -0.0102373 0.0107066
FixedParameters: 0 0 0

#Transform 23
Transform: AffineTransform_float_3_3
Parameters: 1 -0.000132159 -0.00016546 0.000132473 0.999999 0.000965514 0.000166196 -0.000965595 0.999999 0.00256413 -0.0207794 0.0203161
FixedParameters: 0 0 0

#Transform 24
Transform: AffineTransform_float_3_3
Parameters: 1 -0.000132312 -0.000580406 0.000133473 0.999999 0.000999905 0.000580262 -0.00100007 1 0.0388963 0.00272339 0.00154851
FixedParameters: 0 0 0

#Transform 25
Transform: AffineTransform_float_3_3
Parameters: 1 -0.000120501 5.40022e-05 0.000120419 0.999999 0.000757595 -5.41849e-05 -0.000757582 0.999999 0.0077611 0.00708757 -0.00182515
FixedParameters: 0 0 0

#Transform 26
Transform: AffineTransform_float_3_3
Parameters: 1 -0.000109674 -0.00038581 0.000110081 1 0.000527925 0.000385694 -0.000528009 1 0.0386963 -0.0500747 0.0358825
FixedParameters: 0 0 0

#Transform 27
Transform: AffineTransform_float_3_3
Parameters: 1 -9.08501e-05 -0.000102012 9.09443e-05 1 0.000462418 0.000101928 -0.000462436 1 0.0026658 -0.0408686 0.0556891
FixedParameters: 0 0 0

#Transform 28
Transform: AffineTransform_float_3_3
Parameters: 1 -7.67121e-05 -0.000288794 7.70618e-05 1 0.000605551 0.000288701 -0.000605595 1 0.0338511 0.0330827 0.0230524
FixedParameters: 0 0 0

#Transform 29
Transform: AffineTransform_float_3_3
Parameters: 1 -0.000291635 -0.000451895 0.000291758 1 0.00115684 0.000451342 -0.00115705 0.999999 0.016557 0.034241 0.0109921
FixedParameters: 0 0 0

#Transform 30
Transform: AffineTransform_float_3_3
Parameters: 1 -0.000180768 -0.000640572 0.000181359 1 0.000461801 0.000640405 -0.000462033 0.999999 0.0488919 -0.0619471 0.0200757
FixedParameters: 0 0 0

#Transform 31
Transform: AffineTransform_float_3_3
Parameters: 1 2.22072e-06 -0.000528609 -1.39143e-06 0.999998 0.00165596 0.000528737 -0.00165591 0.999998 0.0441768 0.0368835 0.0125757
FixedParameters: 0 0 0

#Transform 32
Transform: AffineTransform_float_3_3
Parameters: 1 -0.000112846 -0.000549353 0.000114136 1 0.00110722 0.000549223 -0.00110735 0.999999 0.0328929 0.00040546 0.00956438
FixedParameters: 0 0 0

#Transform 33
Transform: AffineTransform_float_3_3
Parameters: 1 0.000113591 -0.000264257 -0.000113851 0.999999 0.00124997 0.000264663 -0.00124985 0.999999 0.0118145 -0.00366188 0.0556448
FixedParameters: 0 0 0

#Transform 34
Transform: AffineTransform_float_3_3
Parameters: 1 -4.76997e-05 -0.00055724 4.76968e-05 0.999999 0.000891039 0.000557277 -0.000891038 1 0.0237563 0.00229431 0.00886987
FixedParameters: 0 0 0

#Transform 35
Transform: AffineTransform_float_3_3
Parameters: 1 0.000190834 -0.000175029 -0.000190355 1 0.00114204 0.000174593 -0.00114194 1 0.00620796 0.00346097 0.0551054
FixedParameters: 0 0 0

#Transform 36
Transform: AffineTransform_float_3_3
Parameters: 1 -4.89759e-05 -0.000141986 4.91603e-05 1 0.000649926 0.000141922 -0.00064994 1 0.00137891 0.0179767 0.0518221
FixedParameters: 0 0 0

#Transform 37
Transform: AffineTransform_float_3_3
Parameters: 1 0.000121937 -0.000441704 -0.000122567 1 0.000412965 0.000441806 -0.000412796 1 0.0176245 -0.0233843 0.0578961
FixedParameters: 0 0 0

#Transform 38
Transform: AffineTransform_float_3_3
Parameters: 1 8.8516e-05 -0.000273479 -8.89901e-05 0.999999 0.000953029 0.000273648 -0.00095292 0.999999 0.00732803 -0.0276134 0.0304661
FixedParameters: 0 0 0

#Transform 39
Transform: AffineTransform_float_3_3
Parameters: 1 -5.62342e-05 -0.000530673 5.63142e-05 0.999999 0.00101384 0.000530681 -0.00101385 1 0.0151038 -0.0526909 0.0351595
FixedParameters: 0 0 0

#Transform 40
Transform: AffineTransform_float_3_3
Parameters: 1 0.000118135 -0.000258307 -0.000117421 0.999999 0.00135524 0.00025871 -0.00135618 0.999999 0.0235733 -0.0572175 -0.00189356
FixedParameters: 0 0 0

#Transform 41
Transform: AffineTransform_float_3_3
Parameters: 1 0.000285693 -0.000506386 -0.000284949 0.999998 0.00163851 0.000506451 -0.00163813 0.999998 0.0281151 -0.0911106 0.010983
FixedParameters: 0 0 0

#Transform 42
Transform: AffineTransform_float_3_3
Parameters: 1 -0.000275445 -3.20653e-05 0.000275593 1 0.00117038 3.15415e-05 -0.0011704 1 0.0165637 -0.0580091 -0.0120933
FixedParameters: 0 0 0

#Transform 43
Transform: AffineTransform_float_3_3
Parameters: 1 9.42258e-07 2.5974e-05 -9.54583e-07 0.999998 0.00166132 -2.58498e-05 -0.00166132 0.999998 0.00413796 -0.027871 0.037212
FixedParameters: 0 0 0

#Transform 44
Transform: AffineTransform_float_3_3
Parameters: 1 -0.000194652 -0.000505456 0.00019452 1 -0.000130519 0.000505507 0.000130323 1 0.0241984 -0.00574737 0.0723728
FixedParameters: 0 0 0

#Transform 45
Transform: AffineTransform_float_3_3
Parameters: 1 3.59326e-05 -0.000394013 -3.64375e-05 1 0.000622449 0.000394059 -0.00062236 0.999999 0.014095 0.000944935 0.0890691
FixedParameters: 0 0 0

#Transform 46
Transform: AffineTransform_float_3_3
Parameters: 1 -4.69626e-05 -0.000562935 4.71297e-05 1 0.000148373 0.000562921 -0.000148426 1 0.0176364 -0.00612601 0.0636053
FixedParameters: 0 0 0

#Transform 47
Transform: AffineTransform_float_3_3
Parameters: 1 0.000388031 -0.000116062 -0.000388728 1 0.000942432 0.000115803 -0.000942241 0.999999 -0.00828162 -0.0222686 0.0767706
FixedParameters: 0 0 0

#Transform 48
Transform: AffineTransform_float_3_3
Parameters: 1 4.8861e-05 -0.000310731 -4.86208e-05 1 0.000386494 0.000310769 -0.000386464 1 0.0161419 -0.0625496 0.0668207
FixedParameters: 0 0 0

#Transform 49
Transform: AffineTransform_float_3_3
Parameters: 1 -0.000208995 -0.000288902 0.000209763 1 0.00120196 0.00028852 -0.00120209 0.999999 0.0225025 0.00164621 0.0462715
FixedParameters: 0 0 0

#Transform 50
Transform: AffineTransform_float_3_3
Parameters: 1 -0.000199061 -0.000553453 0.000199515 1 0.000410335 0.000553289 -0.000410555 1 0.0447367 -0.0173088 0.0594619
FixedParameters: 0 0 0

#Transform 51
Transform: AffineTransform_float_3_3
Parameters: 1 2.93145e-05 -0.000107139 -2.91658e-05 1 0.000694525 0.000107179 -0.000694519 1 0.00899673 0.0338254 0.0668582
FixedParameters: 0 0 0

#Transform 52
Transform: AffineTransform_float_3_3
Parameters: 1 3.62338e-05 -0.000379846 -3.57781e-05 1 0.000599824 0.000379889 -0.000599797 0.999999 0.0296253 -0.0325359 0.0444168
FixedParameters: 0 0 0

#Transform 53
Transform: AffineTransform_float_3_3
Parameters: 1 -0.000319331 -0.00027143 0.000319643 1 0.000573992 0.000271063 -0.000574165 1 0.0243342 0.0585383 0.0871436
FixedParameters: 0 0 0

#Transform 54
Transform: AffineTransform_float_3_3
Parameters: 1 -1.095e-05 -0.000241146 1.16841e-05 0.999999 0.00136874 0.000241236 -0.00136875 0.999999 0.016564 -0.000674523 0.0201811
FixedParameters: 0 0 0

#Transform 55
Transform: AffineTransform_float_3_3
Parameters: 1 4.2802e-05 -0.000274079 -4.25367e-05 1 0.000484009 0.00027412 -0.000483986 1 0.0325856 0.00204196 0.0658956
FixedParameters: 0 0 0

#Transform 56
Transform: AffineTransform_float_3_3
Parameters: 1 0.000162351 -0.000243117 -0.000161639 0.999999 0.00130324 0.000242668 -0.00130313 0.999999 0.0191001 -0.0205972 0.0657263
FixedParameters: 0 0 0

#Transform 57
Transform: AffineTransform_float_3_3
Parameters: 1 -0.000223021 -0.000515858 0.000222627 1 0.000588986 0.000516588 -0.000589192 0.999999 0.034985 0.00719149 0.0657934
FixedParameters: 0 0 0

#Transform 58
Transform: AffineTransform_float_3_3
Parameters: 1 -6.54513e-05 -0.000257687 6.59304e-05 0.999999 0.000929908 0.000257565 -0.000929941 0.999999 0.0435752 -0.0303459 0.0511484
FixedParameters: 0 0 0

#Transform 59
Transform: AffineTransform_float_3_3
Parameters: 1 -0.000209446 -0.000329355 0.000209989 0.999999 0.000733243 0.000329085 -0.000732384 0.999999 0.024402 0.0284826 0.0658903
FixedParameters: 0 0 0

#Transform 60
Transform: AffineTransform_float_3_3
Parameters: 1 -0.000214037 -0.000111998 0.000214275 0.999999 0.000793106 0.000111696 -0.000792156 0.999999 0.0292255 0.0467699 0.0613141
FixedParameters: 0 0 0

#Transform 61
Transform: AffineTransform_float_3_3
Parameters: 0.999999 -6.68332e-05 -0.000738144 6.75949e-05 1 0.00114017 0.000738113 -0.00114022 0.999999 0.0283335 -0.0557522 0.104116
FixedParameters: 0 0 0

#Transform 62
Transform: AffineTransform_float_3_3
Parameters: 1 -6.24951e-05 -0.000589278 6.28188e-05 1 0.000274711 0.000589244 -0.000274784 1 0.0488924 0.0212534 0.0836908
FixedParameters: 0 0 0

#Transform 63
Transform: AffineTransform_float_3_3
Parameters: 1 -0.00050899 0.000297338 0.00050862 0.999999 0.000621721 -0.00029797 -0.000621418 1 0.0168447 -0.00700084 0.151941
FixedParameters: 0 0 0

#Transform 64
Transform: AffineTransform_float_3_3
Parameters: 1 -0.000256276 -0.00056026 0.000257018 0.999999 0.000661699 0.00055992 -0.000661986 0.999999 0.0622722 -0.0258538 0.086282
FixedParameters: 0 0 0

#Transform 65
Transform: AffineTransform_float_3_3
Parameters: 1 -0.000427896 -0.000211335 0.000428832 0.999998 0.00188144 0.000210958 -0.00188166 0.999998 0.0477678 -0.010859 0.02895
FixedParameters: 0 0 0

#Transform 66
Transform: AffineTransform_float_3_3
Parameters: 0.999999 -0.000615594 -0.000472595 0.000616176 0.999999 0.000616312 0.000471835 -0.000616893 0.999999 0.0613179 -0.0466852 0.0622917
FixedParameters: 0 0 0

#Transform 67
Transform: AffineTransform_float_3_3
Parameters: 1 -0.000174145 6.9697e-05 0.000174008 0.999999 0.00150565 -7.01e-05 -0.00150563 0.999999 0.0292565 -0.0260978 0.0594718
FixedParameters: 0 0 0

#Transform 68
Transform: AffineTransform_float_3_3
Parameters: 1 -0.000365375 6.60355e-05 0.000365297 1 0.000582813 -6.64614e-05 -0.000582764 1 0.0473589 0.010551 0.0938236
FixedParameters: 0 0 0

#Transform 69
Transform: AffineTransform_float_3_3
Parameters: 1 -0.00022325 -2.32302e-05 0.000223376 1 0.00113514 2.28444e-05 -0.00113516 1 0.0568208 -0.0411102 0.051109
FixedParameters: 0 0 0

#Transform 70
Transform: AffineTransform_float_3_3
Parameters: 1 -0.000232295 -3.96379e-05 0.000232453 1 0.00107103 3.92613e-05 -0.00107106 1 0.0207992 0.019111 0.0991198
FixedParameters: 0 0 0

#Transform 71
Transform: AffineTransform_float_3_3
Parameters: 1 -0.000475836 -0.000491267 0.000476209 0.999999 0.00132339 0.000491121 -0.00132384 0.999999 0.0718419 0.0339176 0.0641381
FixedParameters: 0 0 0

#Transform 72
Transform: AffineTransform_float_3_3
Parameters: 1 -0.000346932 -0.000180139 0.000347258 0.999999 0.00090679 0.000179509 -0.000906914 0.999999 0.0425643 -0.0474234 0.0937297
FixedParameters: 0 0 0

#Transform 73
Transform: AffineTransform_float_3_3
Parameters: 0.999999 -0.000357208 -0.000587931 0.00035759 1 0.00110869 0.000587261 -0.00110905 0.999999 0.0559722 -0.0181662 0.107856
FixedParameters: 0 0 0

#Transform 74
Transform: AffineTransform_float_3_3
Parameters: 1 -0.000320453 0.000157202 0.000320312 1 0.000447852 -0.000157489 -0.000447751 1 0.0340847 0.0221722 0.0734983
FixedParameters: 0 0 0

#Transform 75
Transform: AffineTransform_float_3_3
Parameters: 0.999999 -0.000654807 -0.000618442 0.000655236 0.999999 0.000297421 0.00061809 -0.000297233 1 0.0764236 -0.0341918 0.0568117
FixedParameters: 0 0 0

#Transform 76
Transform: AffineTransform_float_3_3
Parameters: 1 -0.00030745 0.00018431 0.000307364 1 0.000233099 -0.000184453 -0.000232985 1 0.036878 0.00946326 0.0656508
FixedParameters: 0 0 0

#Transform 77
Transform: AffineTransform_float_3_3
Parameters: 0.999999 -0.000505969 -0.000599668 0.000505934 0.999999 0.000801204 0.000598857 -0.00080175 0.999999 0.057954 -0.0424948 0.0850952
FixedParameters: 0 0 0

#Transform 78
Transform: AffineTransform_float_3_3
Parameters: 0.999999 -0.000792944 -0.000112586 0.00079317 1 0.000674517 0.000111516 -0.000674692 1 0.0476323 0.0213357 0.0384578
FixedParameters: 0 0 0

#Transform 79
Transform: AffineTransform_float_3_3
Parameters: 0.999999 -0.000582648 -0.000518905 0.000584136 0.999999 0.00136889 0.000518421 -0.00136954 0.999999 0.0597335 -0.0774511 0.0670826
FixedParameters: 0 0 0

#Transform 80
Transform: AffineTransform_float_3_3
Parameters: 0.999999 -0.000744965 -0.000362544 0.00074553 1 0.000677529 0.000361534 -0.000678066 0.999999 0.0703424 0.00211228 0.00737046
FixedParameters: 0 0 0

#Transform 81
Transform: AffineTransform_float_3_3
Parameters: 1 -0.000473067 -0.000122373 0.000473223 1 0.00039067 0.000122041 -0.000389788 1 0.044125 0.0105261 0.099085
FixedParameters: 0 0 0

#Transform 82
Transform: AffineTransform_float_3_3
Parameters: 1 -0.000345795 -6.68142e-05 0.000345816 1 0.0001548 6.6707e-05 -0.000154847 1 0.0688854 0.00072284 0.110789
FixedParameters: 0 0 0

#Transform 83
Transform: AffineTransform_float_3_3
Parameters: 1 -0.000627582 -0.000112902 0.00062773 0.999999 0.000656571 0.000112078 -0.000656712 1 0.0593313 -0.00984924 0.0906181
FixedParameters: 0 0 0

#Transform 84
Transform: AffineTransform_float_3_3
Parameters: 1 -0.000420456 -0.00039775 0.00042076 1 0.000382958 0.000397428 -0.000383293 1 0.0748993 -0.0121906 0.0895809
FixedParameters: 0 0 0

#Transform 85
Transform: AffineTransform_float_3_3
Parameters: 1 -0.000518213 0.000131805 0.000518883 0.999998 0.00150739 -0.000133248 -0.00150732 0.999999 0.0400768 0.0163372 0.0259779
FixedParameters: 0 0 0

#Transform 86
Transform: AffineTransform_float_3_3
Parameters: 0.999999 -0.000466501 -0.000651779 0.000467434 0.999999 0.000715263 0.00065111 -0.000715871 0.999999 0.078951 -0.0808729 0.105683
FixedParameters: 0 0 0

#Transform 87
Transform: AffineTransform_float_3_3
Parameters: 1 -0.00048637 -7.9936e-06 0.000486459 1 0.000996205 7.14567e-06 -0.000996217 1 0.0577976 0.00882242 0.095286
FixedParameters: 0 0 0

#Transform 88
Transform: AffineTransform_float_3_3
Parameters: 0.999999 -0.000485746 -0.000688872 0.000487311 1 0.00103923 0.00068802 -0.00103891 0.999999 0.0899123 -0.0259513 0.0925634
FixedParameters: 0 0 0

#Transform 89
Transform: AffineTransform_float_3_3
Parameters: 1 -0.000506776 4.91383e-05 0.000506713 0.999999 0.00132671 -4.93699e-05 -0.0013267 0.999999 0.0354884 0.00843288 0.0746519
FixedParameters: 0 0 0

#Transform 90
Transform: AffineTransform_float_3_3
Parameters: 1 -0.000268547 -0.000554262 0.000269136 0.999999 0.00136354 0.000553651 -0.00136378 0.999999 0.068222 -0.00832045 0.127444
FixedParameters: 0 0 0

#Transform 91
Transform: AffineTransform_float_3_3
Parameters: 1 -0.000412397 -0.000372957 0.000412458 0.999999 0.00132496 0.000372978 -0.00132525 0.999999 0.0740881 -0.0327632 0.0715064
FixedParameters: 0 0 0

#Transform 92
Transform: AffineTransform_float_3_3
Parameters: 1 -0.000351484 -0.000369625 0.000352595 0.999999 0.00141073 0.000369745 -0.00141103 0.999999 0.0560475 -0.0173933 0.114667
FixedParameters: 0 0 0

#Transform 93
Transform: AffineTransform_float_3_3
Parameters: 1 -0.000296781 -0.00094628 0.000298236 0.999999 0.00126595 0.000946557 -0.0012655 0.999998 0.0770196 -0.0261902 0.107191
FixedParameters: 0 0 0

#Transform 94
Transform: AffineTransform_float_3_3
Parameters: 1 -0.000184084 -0.000105892 0.000184371 1 0.00100826 0.000105642 -0.0010083 1 0.0213194 -0.0124413 0.116649
FixedParameters: 0 0 0

#Transform 95
Transform: AffineTransform_float_3_3
Parameters: 0.999999 -0.000105041 -0.000795385 0.000105682 0.999999 0.00102966 0.00079529 -0.00102977 0.999999 0.0620905 -0.0416082 0.122416
FixedParameters: 0 0 0

#Transform 96
Transform: AffineTransform_float_3_3
Parameters: 1 -0.000311794 -0.000594045 0.000312696 0.999999 0.00153577 0.000593208 -0.00153608 0.999998 0.064115 -0.0229661 0.0967843
FixedParameters: 0 0 0

#Transform 97
Transform: AffineTransform_float_3_3
Parameters: 0.999999 -0.000277021 -0.00079786 0.000277574 0.999999 0.000974 0.000798434 -0.000974426 0.999999 0.0649235 -0.0774052 0.099293
FixedParameters: 0 0 0

#Transform 98
Transform: AffineTransform_float_3_3
Parameters: 1 -0.000287384 -0.000244722 0.000287997 1 0.00110329 0.000244208 -0.00110344 1 0.0469111 -0.012733 0.130049
FixedParameters: 0 0 0

#Transform 99
Transform: AffineTransform_float_3_3
Parameters: 1 -0.000290663 -0.000359474 0.000291575 1 0.00116647 0.000358916 -0.00116668 1 0.0658338 -0.00503382 0.0975972
FixedParameters: 0 0 0

#Transform 100
Transform: AffineTransform_float_3_3
Parameters: 1 0.000145648 -9.26111e-05 -0.000145349 0.999992 0.00405768 9.27423e-05 -0.00405855 0.999992 0.0448412 -0.00307095 0.245961
FixedParameters: 0 0 0

#Transform 101
Transform: AffineTransform_float_3_3
Parameters: 1 -1.23602e-05 -0.000516649 1.4186e-05 0.999997 0.00251177 0.000515955 -0.0025117 0.999996 0.0764129 -0.0692253 0.140039
FixedParameters: 0 0 0

#Transform 102
Transform: AffineTransform_float_3_3
Parameters: 1 1.17748e-05 0.000163849 -1.13317e-05 0.999997 0.00237564 -0.000164423 -0.00237568 0.999997 0.0444815 -0.00758577 0.157681
FixedParameters: 0 0 0

#Transform 103
Transform: AffineTransform_float_3_3
Parameters: 1 1.2904e-05 -0.00099034 -9.8488e-06 0.999997 0.0024728 0.000990762 -0.00247267 0.999997 0.0735375 -0.101709 0.166633
FixedParameters: 0 0 0

#Transform 104
Transform: AffineTransform_float_3_3
Parameters: 1 -0.000280246 0.00062869 0.000278808 0.999995 0.00295727 -0.000628746 -0.0029571 0.999996 0.0235014 -0.0156165 0.135469
FixedParameters: 0 0 0

#Transform 105
Transform: AffineTransform_float_3_3
Parameters: 1 -0.00017025 -0.000278323 0.000170806 0.999997 0.00239802 0.000278861 -0.0023981 0.999997 0.0641231 -0.0739351 0.156393
FixedParameters: 0 0 0

#Transform 106
Transform: AffineTransform_float_3_3
Parameters: 1 -7.14295e-05 -8.52818e-05 7.14568e-05 0.999995 0.00337542 8.45363e-05 -0.00337536 0.999995 0.051137 -0.0192428 0.140005
FixedParameters: 0 0 0

#Transform 107
Transform: AffineTransform_float_3_3
Parameters: 1 -0.000150533 -0.000439795 0.000152427 0.999995 0.00295055 0.000439387 -0.00295064 0.999995 0.0755074 -0.0207467 0.0857528
FixedParameters: 0 0 0

#Transform 108
Transform: AffineTransform_float_3_3
Parameters: 1 -0.000507216 0.000347182 0.000505472 0.999996 0.00303013 -0.000348652 -0.00302984 0.999996 0.0328545 -0.0203653 0.142881
FixedParameters: 0 0 0

#Transform 109
Transform: AffineTransform_float_3_3
Parameters: 1 -0.000529158 -0.00010962 0.000529909 0.999997 0.00245097 0.00010838 -0.00245113 0.999997 0.0733094 -0.060658 0.162735
FixedParameters: 0 0 0

#Transform 110
Transform: AffineTransform_float_3_3
Parameters: 0.999999 -0.000532779 0.000660214 0.00053171 0.999997 0.00243254 -0.000661487 -0.00243301 0.999997 0.0283159 0.0376119 0.146257
FixedParameters: 0 0 0

#Transform 111
Transform: AffineTransform_float_3_3
Parameters: 1 -0.000295389 -0.000247834 0.00029588 0.999996 0.00255864 0.000246686 -0.00255874 0.999996 0.0689953 -0.080303 0.164437
FixedParameters: 0 0 0

#Transform 112
Transform: AffineTransform_float_3_3
Parameters: 1 -0.000146514 -6.59744e-06 0.000146924 0.999995 0.00313427 6.28416e-06 -0.00313429 0.999995 0.0484779 -0.0172579 0.158375
FixedParameters: 0 0 0

#Transform 113
Transform: AffineTransform_float_3_3
Parameters: 1 -0.000328731 0.000221791 0.000327797 0.999996 0.00259744 -0.000223132 -0.00259731 0.999996 0.0343077 -0.0448168 0.177782
FixedParameters: 0 0 0

#Transform 114
Transform: AffineTransform_float_3_3
Parameters: 1 -0.00030952 -3.79885e-05 0.00030892 0.999998 0.00230845 3.69255e-05 -0.00230843 0.999998 0.0575294 -0.0601132 0.176183
FixedParameters: 0 0 0

#Transform 115
Transform: AffineTransform_float_3_3
Parameters: 1 -0.000333868 0.000489116 0.000332555 0.999997 0.00265443 -0.000489409 -0.00265422 0.999997 0.0202893 -0.0658012 0.19238
FixedParameters: 0 0 0

#Transform 116
Transform: AffineTransform_float_3_3
Parameters: 1 -0.000292607 -0.000212799 0.000292628 0.999998 0.00204624 0.000211845 -0.00204631 0.999998 0.0549441 0.0241336 0.207752
FixedParameters: 0 0 0

#Transform 117
Transform: AffineTransform_float_3_3
Parameters: 1 -8.98759e-05 -9.70902e-06 9.03077e-05 0.999996 0.00304361 8.77516e-06 -0.0030436 0.999996 0.0296136 -0.0620626 0.23993
FixedParameters: 0 0 0

#Transform 118
Transform: AffineTransform_float_3_3
Parameters: 1 -0.000368196 -4.46068e-05 0.000367537 0.999997 0.00213668 4.32781e-05 -0.00213666 0.999997 0.0462338 -0.0368463 0.17795
FixedParameters: 0 0 0

#Transform 119
Transform: AffineTransform_float_3_3
Parameters: 1 0.000230047 1.98431e-06 -0.000229603 0.999995 0.00331738 -1.8368e-06 -0.00331733 0.999994 0.00873903 -0.117731 0.255525
FixedParameters: 0 0 0

#Transform 120
Transform: AffineTransform_float_3_3
Parameters: 1 0.000450648 0.000238583 -0.000450753 0.999995 0.00295801 -0.000237416 -0.00295823 0.999995 -0.000576609 -0.0441539 0.180807
FixedParameters: 0 0 0

#Transform 121
Transform: AffineTransform_float_3_3
Parameters: 1 0.000322646 -1.64399e-05 -0.000322245 0.999996 0.00281744 1.67581e-05 -0.00281737 0.999996 0.00243454 -0.0581703 0.250473
FixedParameters: 0 0 0

#Transform 122
Transform: AffineTransform_float_3_3
Parameters: 1 0.000192508 -1.58233e-05 -0.00019311 0.999996 0.00284862 1.64158e-05 -0.00284854 0.999996 0.0127762 -0.0674087 0.209452
FixedParameters: 0 0 0

#Transform 123
Transform: AffineTransform_float_3_3
Parameters: 1 0.000223358 -0.000137203 -0.000222329 0.999996 0.00286399 0.000137935 -0.00286491 0.999996 0.0140854 -0.038226 0.2225
FixedParameters: 0 0 0

#Transform 124
Transform: AffineTransform_float_3_3
Parameters: 1 -0.000313234 -7.323e-05 0.000314015 0.999995 0.00295107 7.28935e-05 -0.00295018 0.999995 0.0183967 -0.024693 0.22617
FixedParameters: 0 0 0

#Transform 125
Transform: AffineTransform_float_3_3
Parameters: 1 0.00027617 0.000201808 -0.000277049 0.999995 0.00293178 -0.000200693 -0.00293187 0.999995 -0.00628654 -0.0398405 0.233778
FixedParameters: 0 0 0

#Transform 126
Transform: AffineTransform_float_3_3
Parameters: 1 -0.000184497 -0.000172777 0.000184537 0.999997 0.00235816 0.000172271 -0.00235818 0.999997 0.0445034 -0.0497935 0.206121
FixedParameters: 0 0 0

#Transform 127
Transform: AffineTransform_float_3_3
Parameters: 1 -0.000321888 -0.00020573 0.000322521 0.999995 0.00307477 0.000205348 -0.0030749 0.999995 0.0357185 -0.0348468 0.22276
FixedParameters: 0 0 0

#Transform 128
Transform: AffineTransform_float_3_3
Parameters: 1 -1.03419e-05 0.000472139 9.1094e-06 0.999997 0.00267367 -0.000471707 -0.00267374 0.999997 0.012889 -0.032141 0.213946
FixedParameters: 0 0 0

#Transform 129
Transform: AffineTransform_float_3_3
Parameters: 1 -0.000132023 -0.000437782 0.000133739 0.999996 0.00276014 0.000437535 -0.00276021 0.999996 0.0386289 -0.0729912 0.224549
FixedParameters: 0 0 0

#Transform 130
Transform: AffineTransform_float_3_3
Parameters: 1 -0.000457142 0.000454351 0.000456338 0.999997 0.00213491 -0.000455068 -0.0021346 0.999997 0.0204033 -0.0383827 0.131919
FixedParameters: 0 0 0

#Transform 131
Transform: AffineTransform_float_3_3
Parameters: 1 -0.000144686 -0.000263356 0.000145187 0.999997 0.00242109 0.000263018 -0.00242112 0.999997 0.0544474 -0.0880483 0.167458
FixedParameters: 0 0 0

#Transform 132
Transform: AffineTransform_float_3_3
Parameters: 1 -0.000284962 0.000241267 0.000283881 0.999996 0.00284702 -0.000242402 -0.0028469 0.999996 0.0423469 -0.00899356 0.12195
FixedParameters: 0 0 0

#Transform 133
Transform: AffineTransform_float_3_3
Parameters: 1 -8.46238e-05 -4.96194e-05 8.41045e-05 0.999996 0.00256525 4.95512e-05 -0.00256521 0.999996 0.0471781 -0.0716424 0.14474
FixedParameters: 0 0 0

#Transform 134
Transform: AffineTransform_float_3_3
Parameters: 1 -0.000290107 0.000175051 0.00028948 0.999997 0.00262657 -0.000176088 -0.00262649 0.999997 0.0435282 0.0276564 0.136496
FixedParameters: 0 0 0

#Transform 135
Transform: AffineTransform_float_3_3
Parameters: 1 -0.000286448 5.81265e-05 0.000286367 0.999996 0.00257796 -5.92395e-05 -0.00257794 0.999996 0.0432772 -0.0651479 0.0893847
FixedParameters: 0 0 0

#Transform 136
Transform: AffineTransform_float_3_3
Parameters: 1 0.000178096 -6.23251e-05 -0.000178663 0.999997 0.00219982 6.23612e-05 -0.00219971 0.999997 0.0285121 -0.0484537 0.141386
FixedParameters: 0 0 0

#Transform 137
Transform: AffineTransform_float_3_3
Parameters: 1 -0.000242198 -0.000286737 0.000242425 0.999998 0.00188262 0.00028706 -0.00188275 0.999998 0.0601112 -0.0730752 0.0835524
FixedParameters: 0 0 0

#Transform 138
Transform: AffineTransform_float_3_3
Parameters: 1 -0.000245203 0.000636624 0.000243992 0.999998 0.0018483 -0.000637287 -0.00184806 0.999998 0.0146122 -0.0124845 0.106136
FixedParameters: 0 0 0

#Transform 139
Transform: AffineTransform_float_3_3
Parameters: 1 -0.000229951 -0.00012867 0.000230448 0.999998 0.00166596 0.000129016 -0.00166606 0.999998 0.0657325 -0.059428 0.0913788
FixedParameters: 0 0 0

#Transform 140
Transform: AffineTransform_float_3_3
Parameters: 1 -0.00029507 0.000495024 0.000293707 0.999997 0.00267461 -0.000495122 -0.00267443 0.999997 0.0472305 -0.0347244 0.0395514
FixedParameters: 0 0 0

#Transform 141
Transform: AffineTransform_float_3_3
Parameters: 1 -0.00024345 9.60002e-05 0.000243238 0.999998 0.00186839 -9.66671e-05 -0.00186835 0.999998 0.0592108 -0.0447094 0.0746962
FixedParameters: 0 0 0

#Transform 142
Transform: AffineTransform_float_3_3
Parameters: 1 -0.000309411 0.000522508 0.000307659 0.999995 0.00290532 -0.000522825 -0.00290511 0.999995 0.0504826 0.0173918 0.0690741
FixedParameters: 0 0 0

#Transform 143
Transform: AffineTransform_float_3_3
Parameters: 1 -0.000246513 0.000193587 0.00024592 0.999998 0.00190972 -0.000194285 -0.00190963 0.999998 0.0542008 -0.0289314 0.0272316
FixedParameters: 0 0 0

#Transform 144
Transform: AffineTransform_float_3_3
Parameters: 1 -0.000242831 0.000347008 0.000242262 0.999997 0.00267119 -0.000346827 -0.00267114 0.999997 0.048179 0.00504422 0.0825534
FixedParameters: 0 0 0

#Transform 145
Transform: AffineTransform_float_3_3
Parameters: 1 -0.00030596 -0.000318754 0.000307191 0.999995 0.00294054 0.000317474 -0.0029397 0.999995 0.076323 -0.0642668 0.0579806
FixedParameters: 0 0 0

#Transform 146
Transform: AffineTransform_float_3_3
Parameters: 1 -0.000272696 0.000569335 0.000271286 0.999998 0.00230228 -0.000569233 -0.00230208 0.999997 0.0439515 -0.0273826 0.0260839
FixedParameters: 0 0 0

#Transform 147
Transform: AffineTransform_float_3_3
Parameters: 1 -0.000258816 8.33078e-05 0.000258608 0.999997 0.00212156 -8.41632e-05 -0.00212153 0.999997 0.077398 -0.0878937 0.0705595
FixedParameters: 0 0 0

#Transform 148
Transform: AffineTransform_float_3_3
Parameters: 1 -0.000281592 -0.000109287 0.000281365 0.999997 0.00251529 0.000108235 -0.00251531 0.999997 0.0738857 -0.0239756 0.0909199
FixedParameters: 0 0 0

#Transform 149
Transform: AffineTransform_float_3_3
Parameters: 1 -0.000246714 -0.000130415 0.000246372 0.999998 0.00194276 0.0001297 -0.00194277 0.999998 0.074209 -0.0422425 0.107319
FixedParameters: 0 0 0

#Transform 150
Transform: AffineTransform_float_3_3
Parameters: 1 -0.000228064 9.16357e-05 0.000227841 0.999998 0.00161584 -9.22513e-05 -0.00161581 0.999998 0.0570064 0.011624 0.0841827
FixedParameters: 0 0 0

#Transform 151
Transform: AffineTransform_float_3_3
Parameters: 1 4.15019e-05 -9.72519e-05 -4.17152e-05 0.999996 0.00280231 9.79339e-05 -0.00280326 0.999996 0.0331115 -0.043115 0.128215
FixedParameters: 0 0 0

#Transform 152
Transform: AffineTransform_float_3_3
Parameters: 0.999999 0.000220313 -0.000589696 -0.000218272 0.999995 0.00309832 0.000590671 -0.00309793 0.999995 0.0668027 -0.0210441 0.0467359
FixedParameters: 0 0 0

#Transform 153
Transform: AffineTransform_float_3_3
Parameters: 1 0.000278643 -0.000168215 -0.000277786 0.999998 0.00208855 0.000168628 -0.00208843 0.999998 0.0356021 -0.0683441 0.0971857
FixedParameters: 0 0 0

#Transform 154
Transform: AffineTransform_float_3_3
Parameters: 1 0.00056872 2.67902e-05 -0.000568378 0.999993 0.00374219 -2.46616e-05 -0.00374214 0.999993 -0.00425806 -0.0353239 0.134004
FixedParameters: 0 0 0

#Transform 155
Transform: AffineTransform_float_3_3
Parameters: 1 -0.00012926 -0.000175656 0.000129088 0.999998 0.00192655 0.000175402 -0.00192655 0.999998 0.0438431 -0.0384901 0.0379021
FixedParameters: 0 0 0

#Transform 156
Transform: AffineTransform_float_3_3
Parameters: 1 -0.000155686 -0.000265244 0.00015617 0.999997 0.00237136 0.000264869 -0.00237139 0.999997 0.0639433 -0.0492231 0.131886
FixedParameters: 0 0 0

#Transform 157
Transform: AffineTransform_float_3_3
Parameters: 1 -0.000238811 7.25294e-05 0.000238689 0.999999 0.00131713 -7.20452e-05 -0.00131714 0.999999 0.054514 -0.0389738 0.115843
FixedParameters: 0 0 0

#Transform 158
Transform: AffineTransform_float_3_3
Parameters: 1 -0.000145242 -0.000165968 0.00014512 0.999997 0.00218888 0.000165575 -0.00218888 0.999997 0.0609866 -0.00621852 0.10505
FixedParameters: 0 0 0

#Transform 159
Transform: AffineTransform_float_3_3
Parameters: 1 -0.000128956 -0.00017584 0.000128783 0.999998 0.00192157 0.000175589 -0.00192156 0.999998 0.0795825 0.000429059 0.100947
FixedParameters: 0 0 0

#Transform 160
Transform: AffineTransform_float_3_3
Parameters: 1 -4.69167e-06 4.73875e-07 3.99343e-06 0.999995 0.00295927 -1.00555e-06 -0.00295919 0.999995 0.0429679 0.0306273 0.0967461
FixedParameters: 0 0 0

#Transform 161
Transform: AffineTransform_float_3_3
Parameters: 1 -8.06333e-05 -0.000188145 8.0309e-05 0.999999 0.00158813 0.000188011 -0.00158811 0.999998 0.0690871 -0.0668681 0.0941897
FixedParameters: 0 0 0

#Transform 162
Transform: AffineTransform_float_3_3
Parameters: 1 -0.000340156 9.82422e-06 0.000340324 0.999996 0.00257645 -1.12137e-05 -0.00257646 0.999996 0.0693707 -0.0233756 0.110207
FixedParameters: 0 0 0

#Transform 163
Transform: AffineTransform_float_3_3
Parameters: 1 -8.71931e-05 -0.000184158 8.68958e-05 0.999998 0.00169586 0.000183984 -0.00169583 0.999998 0.0710452 0.0253061 0.0700694
FixedParameters: 0 0 0

#Transform 164
Transform: AffineTransform_float_3_3
Parameters: 1 -0.000146232 -0.000204932 0.000146627 0.999997 0.00267248 0.000204635 -0.00267249 0.999997 0.0419881 -0.067627 0.142396
FixedParameters: 0 0 0

#Transform 165
Transform: AffineTransform_float_3_3
Parameters: 1 -0.000102527 -0.000174762 0.00010236 0.999998 0.00194821 0.000174607 -0.00194819 0.999998 0.0509428 -0.0299051 0.0887234
FixedParameters: 0 0 0

#Transform 166
Transform: AffineTransform_float_3_3
Parameters: 1 0.000413548 -0.000163811 -0.000413669 0.999997 0.00219296 0.000164876 -0.00219273 0.999997 0.0290401 0.0133642 0.156324
FixedParameters: 0 0 0

#Transform 167
Transform: AffineTransform_float_3_3
Parameters: 1 -8.37601e-06 -0.000419714 9.55049e-06 0.999998 0.00231995 0.000420037 -0.00231991 0.999997 0.0695625 -0.00501356 0.0913517
FixedParameters: 0 0 0

#Transform 168
Transform: AffineTransform_float_3_3
Parameters: 1 0.000385354 0.000327079 -0.000385833 0.999996 0.00260684 -0.000325698 -0.00260713 0.999996 0.00772335 -0.00439285 0.0994952
FixedParameters: 0 0 0

#Transform 169
Transform: AffineTransform_float_3_3
Parameters: 1 -0.000288369 0.000290699 0.000288444 0.999998 0.00170002 -0.000290568 -0.00169995 0.999998 0.0440769 -0.0112837 0.0876054
FixedParameters: 0 0 0

#Transform 170
Transform: AffineTransform_float_3_3
Parameters: 1 -0.000172999 -3.52422e-05 0.000172193 0.999998 0.001644 3.47966e-05 -0.00164395 0.999998 0.0700514 -0.0386175 0.0207416
FixedParameters: 0 0 0

#Transform 171
Transform: AffineTransform_float_3_3
Parameters: 1 3.59966e-05 0.000313794 -3.59951e-05 0.999998 0.00170184 -0.000313551 -0.00170192 0.999998 0.0416651 -0.0352269 0.0783003
FixedParameters: 0 0 0

#Transform 172
Transform: AffineTransform_float_3_3
Parameters: 1 -0.000238408 -5.46669e-05 0.000238881 0.999998 0.00231035 5.39279e-05 -0.00231039 0.999998 0.072085 -0.00820289 0.0465489
FixedParameters: 0 0 0

#Transform 173
Transform: AffineTransform_float_3_3
Parameters: 1 -0.000399672 0.000493225 0.000398797 0.999998 0.00204374 -0.000494615 -0.00204341 0.999998 0.0417829 0.0348285 0.0257334
FixedParameters: 0 0 0

#Transform 174
Transform: AffineTransform_float_3_3
Parameters: 1 -0.00010309 -0.000248517 0.000104157 0.999999 0.00184858 0.000248376 -0.00184864 0.999999 0.0686564 -0.0483216 0.048798
FixedParameters: 0 0 0

#Transform 175
Transform: AffineTransform_float_3_3
Parameters: 1 -8.10966e-05 0.000369355 8.05083e-05 0.999997 0.0024486 -0.000370379 -0.00244858 0.999997 0.034615 -0.0282764 0.0324406
FixedParameters: 0 0 0

#Transform 176
Transform: AffineTransform_float_3_3
Parameters: 1 1.63371e-05 0.000129366 -1.57064e-05 0.999998 0.00169546 -0.000129191 -0.00169552 0.999998 0.0573318 -0.0617574 0.0234428
FixedParameters: 0 0 0

#Transform 177
Transform: AffineTransform_float_3_3
Parameters: 1 -0.000155619 0.000474484 0.000155016 0.999999 0.00183966 -0.000474814 -0.00183958 0.999998 0.0461279 -0.0695668 0.0353665
FixedParameters: 0 0 0

#Transform 178
Transform: AffineTransform_float_3_3
Parameters: 1 -0.000375434 -0.000306676 0.000376388 0.999999 0.00143702 0.000305716 -0.00143725 0.999999 0.0816781 0.0283948 0.0673208
FixedParameters: 0 0 0

#Transform 179
Transform: AffineTransform_float_3_3
Parameters: 1 -0.000404733 0.000449267 0.000403915 0.999998 0.00226159 -0.000450733 -0.0022613 0.999998 0.0355416 0.0222881 0.0395417
FixedParameters: 0 0 0

#Transform 180
Transform: AffineTransform_float_3_3
Parameters: 1 -0.000293685 -0.000348272 0.000294179 0.999998 0.00192784 0.000347382 -0.001928 0.999998 0.0736898 -0.0402263 0.0556772
FixedParameters: 0 0 0

#Transform 181
Transform: AffineTransform_float_3_3
Parameters: 1 -0.000583332 6.98591e-05 0.000583223 0.999997 0.00230276 -7.11897e-05 -0.00230273 0.999998 0.0629037 0.0255226 0.0399416
FixedParameters: 0 0 0

#Transform 182
Transform: AffineTransform_float_3_3
Parameters: 1 -0.000399835 3.8852e-05 0.00039979 0.999999 0.0014469 -3.8896e-05 -0.00144691 0.999999 0.0683371 -0.00283973 0.015123
FixedParameters: 0 0 0

#Transform 183
Transform: AffineTransform_float_3_3
Parameters: 1 -0.00044444 -0.000210443 0.000445586 0.999998 0.0022042 0.000208845 -0.0022044 0.999998 0.0778229 0.00408904 0.0411114
FixedParameters: 0 0 0

#Transform 184
Transform: AffineTransform_float_3_3
Parameters: 1 -0.000373661 -0.000522932 0.000375097 0.999997 0.00218999 0.000522648 -0.00219037 0.999998 0.0862279 -0.000750907 0.0513837
FixedParameters: 0 0 0

#Transform 185
Transform: AffineTransform_float_3_3
Parameters: 1 -0.000165302 3.30816e-05 0.000165319 0.999998 0.00197272 -3.34914e-05 -0.00197272 0.999998 0.0600916 -0.0131745 0.0445121
FixedParameters: 0 0 0

#Transform 186
Transform: AffineTransform_float_3_3
Parameters: 1 -0.000105073 -0.000323655 0.00010579 0.999998 0.00230244 0.000323534 -0.00230246 0.999998 0.0576706 -0.0160795 0.0975257
FixedParameters: 0 0 0

#Transform 187
Transform: AffineTransform_float_3_3
Parameters: 1 -0.00027168 -0.000191542 0.000271865 0.999997 0.0025089 0.000190542 -0.00250896 0.999997 0.0655511 -0.0327187 0.0322813
FixedParameters: 0 0 0

#Transform 188
Transform: AffineTransform_float_3_3
Parameters: 1 -0.000258493 -8.58451e-05 0.000259101 0.999998 0.00228119 8.602e-05 -0.00228129 0.999998 0.0648966 0.0144011 0.0446229
FixedParameters: 0 0 0

#Transform 189
Transform: AffineTransform_float_3_3
Parameters: 1 -0.000230106 -0.000311505 0.0002304 0.999999 0.00183415 0.000310904 -0.00183424 0.999999 0.0691796 -0.0655662 0.0693959
FixedParameters: 0 0 0

#Transform 190
Transform: AffineTransform_float_3_3
Parameters: 1 -0.000443529 -9.5262e-05 0.000444059 0.999998 0.00204565 9.46806e-05 -0.00204578 0.999998 0.0594106 0.00528638 0.0425029
FixedParameters: 0 0 0

#Transform 191
Transform: AffineTransform_float_3_3
Parameters: 0.999999 0.000112073 -0.000629246 -0.000111556 0.999999 0.00187105 0.000628917 -0.00187076 0.999998 0.0771983 -0.0102064 0.0845003
FixedParameters: 0 0 0

#Transform 192
Transform: AffineTransform_float_3_3
