#Insight Transform File V1.0
#Transform 0
Transform: AffineTransform_float_3_3
Parameters: 0.999999 1.07138e-05 -0.000900479 -1.0653e-05 1 0.00058803 0.000900456 -0.000588028 1 -0.0342728 0.0235469 0.14625
FixedParameters: 0 0 0

#Transform 1
Transform: AffineTransform_float_3_3
Parameters: 1 5.99422e-06 -0.0011802 -5.28926e-06 1 0.000323013 0.0011802 -0.000323001 1 -0.0114454 0.0162815 0.145515
FixedParameters: 0 0 0

#Transform 2
Transform: AffineTransform_float_3_3
Parameters: 0.999999 -0.000374378 -0.00092602 0.000373828 1 -0.000297459 0.000926242 0.000296766 0.999999 -0.00769916 0.0825576 0.136011
FixedParameters: 0 0 0

#Transform 3
Transform: AffineTransform_float_3_3
Parameters: 0.999999 -0.000435686 -0.000606375 0.000435777 1 7.47001e-05 0.000606309 -7.52285e-05 1 -0.0104112 0.0464178 0.193472
FixedParameters: 0 0 0

#Transform 4
Transform: AffineTransform_float_3_3
Parameters: 1 -0.000443909 -0.000479449 0.000443536 1 -0.000389013 0.000479794 0.000388588 1 -0.0279851 0.00866698 0.131514
FixedParameters: 0 0 0

#Transform 5
Transform: AffineTransform_float_3_3
Parameters: 0.999999 -0.000171568 -0.000912123 0.00017191 1 0.000187118 0.000912059 -0.000187432 0.999999 -0.00688714 0.0123019 0.12902
FixedParameters: 0 0 0

#Transform 6
Transform: AffineTransform_float_3_3
Parameters: 0.999999 -0.000218317 -0.000914902 0.000218484 1 9.09042e-05 0.000914862 -9.13036e-05 0.999999 -0.000326255 -9.1335e-05 0.0947652
FixedParameters: 0 0 0

#Transform 7
Transform: AffineTransform_float_3_3
Parameters: 0.999999 -0.000351176 -0.000919439 0.000351055 1 -6.58925e-05 0.000919485 6.52469e-05 0.999999 0.00284862 0.043542 0.0397985
FixedParameters: 0 0 0

#Transform 8
Transform: AffineTransform_float_3_3
Parameters: 0.999999 -0.00039019 -0.00078108 0.000391042 1 0.000545163 0.000780654 -0.000545773 0.999999 -0.00657242 0.0343375 0.0990289
FixedParameters: 0 0 0

#Transform 9
Transform: AffineTransform_float_3_3
Parameters: 0.999999 -0.000225398 -0.000692035 0.000224979 1 -0.000302559 0.000692171 0.000302247 0.999999 -0.00758001 0.00709256 0.0399871
FixedParameters: 0 0 0

#Transform 10
Transform: AffineTransform_float_3_3
Parameters: 0.999999 -0.000309085 -0.000718928 0.00030972 1 0.000441007 0.000718655 -0.000441451 0.999999 -0.00420483 0.047719 0.0519658
FixedParameters: 0 0 0

#Transform 11
Transform: AffineTransform_float_3_3
Parameters: 1 -0.000212763 -0.000629828 0.000213273 1 0.000404857 0.000629655 -0.000405126 0.999999 -0.00219156 0.0322077 0.0512861
FixedParameters: 0 0 0

#Transform 12
Transform: AffineTransform_float_3_3
Parameters: 1 -0.000218134 -0.000656437 0.00021827 1 0.000103535 0.000656392 -0.000103822 1 0.0132244 -0.0303132 -0.0172145
FixedParameters: 0 0 0

#Transform 13
Transform: AffineTransform_float_3_3
Parameters: 0.999999 -0.000219701 -0.000815026 0.000219726 1 1.50347e-05 0.00081502 -1.53927e-05 0.999999 0.0581539 -0.00510435 0.0220128
FixedParameters: 0 0 0

#Transform 14
Transform: AffineTransform_float_3_3
Parameters: 1 0.000265185 -0.000282654 -0.00026457 0.999999 -0.000678734 0.000282296 0.0006789 0.999999 0.0230887 0.0572017 -0.010617
FixedParameters: 0 0 0

#Transform 15
Transform: AffineTransform_float_3_3
Parameters: 1 1.28744e-05 -0.000261403 -1.2789e-05 1 0.000163388 0.000261408 -0.000163381 1 0.0235413 0.0180671 0.0166023
FixedParameters: 0 0 0

#Transform 16
Transform: AffineTransform_float_3_3
Parameters: 1 9.71326e-05 0.000136949 -9.71026e-05 1 -0.000109682 -0.00013697 0.000109655 1 0.00843159 0.0168576 0.00327678
FixedParameters: 0 0 0

#Transform 17
Transform: AffineTransform_float_3_3
Parameters: 1 -0.000169982 0.000136702 0.000170013 1 -0.000114046 -0.000136663 0.000114092 1 0.0114365 0.0327415 -0.0357294
FixedParameters: 0 0 0

#Transform 18
Transform: AffineTransform_float_3_3
Parameters: 1 -0.000157097 0.000158311 0.000156894 1 0.000641531 -0.000158513 -0.000641482 1 0.00851746 -0.0315866 0.0281227
FixedParameters: 0 0 0

#Transform 19
Transform: AffineTransform_float_3_3
Parameters: 1 3.52473e-05 7.9789e-05 -3.52403e-05 1 -4.39271e-05 -7.97921e-05 4.39214e-05 1 0.0138046 -0.0241149 -0.0634364
FixedParameters: 0 0 0

#Transform 20
Transform: AffineTransform_float_3_3
Parameters: 1 3.09663e-05 -4.44048e-05 -3.09768e-05 1 -0.000118321 4.43975e-05 0.000118324 1 0.00879715 -0.000773758 -0.0332997
FixedParameters: 0 0 0

#Transform 21
Transform: AffineTransform_float_3_3
Parameters: 1 1.1745e-05 0.000153141 -1.18843e-05 1 0.000454648 -0.00015313 -0.000454652 1 0.00765989 -0.00155424 0.0535824
FixedParameters: 0 0 0

#Transform 22
Transform: AffineTransform_float_3_3
Parameters: 1 -0.000174562 0.000149129 0.000174466 1 0.000320919 -0.000149241 -0.000320867 1 0.0108919 0.0422164 0.0198285
FixedParameters: 0 0 0

#Transform 23
Transform: AffineTransform_float_3_3
Parameters: 1 -5.42454e-05 0.000153106 5.41058e-05 1 0.000455794 -0.000153156 -0.000455778 1 0.00847696 0.000939675 0.0433709
FixedParameters: 0 0 0

#Transform 24
Transform: AffineTransform_float_3_3
Parameters: 1 -6.69599e-05 0.000359728 6.6172e-05 1 -0.000292343 -0.00035969 0.000292374 1 0.00821243 0.00934354 -0.0331709
FixedParameters: 0 0 0

#Transform 25
Transform: AffineTransform_float_3_3
Parameters: 1 -6.14377e-05 0.000483203 6.14027e-05 1 3.62175e-05 -0.000483207 -3.61582e-05 1 -0.00445847 -0.0273225 0.0252564
FixedParameters: 0 0 0

#Transform 26
Transform: AffineTransform_float_3_3
Parameters: 1 -6.34247e-05 0.000297721 6.24756e-05 1 -8.25109e-05 -0.000297711 8.25312e-05 1 0.0038769 0.0232626 0.0111013
FixedParameters: 0 0 0

#Transform 27
Transform: AffineTransform_float_3_3
Parameters: 1 -6.02103e-05 0.000143064 6.018e-05 1 0.000105991 -0.000143077 -0.000105974 1 0.0110777 0.0620073 -0.00632572
FixedParameters: 0 0 0

#Transform 28
Transform: AffineTransform_float_3_3
Parameters: 1 -5.70565e-05 0.000148372 5.69702e-05 1 0.000290887 -0.000148405 -0.00029087 1 0.0081633 -0.0280648 0.0129827
FixedParameters: 0 0 0

#Transform 29
Transform: AffineTransform_float_3_3
Parameters: 1 -6.71643e-05 0.000436381 6.64328e-05 1 -0.000305545 -0.000436341 0.000305586 1 0.000690459 0.0611119 -0.048159
FixedParameters: 0 0 0

#Transform 30
Transform: AffineTransform_float_3_3
Parameters: 1 -5.28114e-05 0.000505033 5.22531e-05 1 0.000552723 -0.000505091 -0.00055267 0.999999 0.0116808 0.0151855 0.0624188
FixedParameters: 0 0 0

#Transform 31
Transform: AffineTransform_float_3_3
Parameters: 1 -0.000126763 0.000648444 0.000126661 1 7.86669e-05 -0.000648464 -7.85026e-05 1 0.00289475 -0.0184711 -0.034146
FixedParameters: 0 0 0

#Transform 32
Transform: AffineTransform_float_3_3
Parameters: 1 -5.67667e-05 0.000499232 5.64513e-05 1 0.000315829 -0.000499267 -0.000315772 1 0.0106395 -0.00106709 0.0121064
FixedParameters: 0 0 0

#Transform 33
Transform: AffineTransform_float_3_3
Parameters: 1 -5.42624e-05 0.000153077 5.41231e-05 1 0.000454795 -0.000153127 -0.000454778 1 0.0201488 -0.0197136 0.0456181
FixedParameters: 0 0 0

#Transform 34
Transform: AffineTransform_float_3_3
Parameters: 1 5.11701e-05 0.000510754 -5.13658e-05 1 0.000191519 -0.000510735 -0.000191572 1 -0.0034268 0.0810932 0.0512482
FixedParameters: 0 0 0

#Transform 35
Transform: AffineTransform_float_3_3
Parameters: 1 -4.88069e-05 0.000346617 4.82631e-05 0.999999 0.000784327 -0.000346693 -0.000784294 0.999999 0.0210699 0.00555346 0.112021
FixedParameters: 0 0 0

#Transform 36
Transform: AffineTransform_float_3_3
Parameters: 0.999999 -4.96036e-05 0.000949351 4.81472e-05 0.999999 0.000767028 -0.00094946 -0.000766935 1 -0.0041011 -0.00758782 0.0683479
FixedParameters: 0 0 0

#Transform 37
Transform: AffineTransform_float_3_3
Parameters: 0.999999 -4.87394e-05 0.000923826 4.72266e-05 0.999999 0.000818773 -0.000923939 -0.000818685 0.999999 -0.00295097 -0.000991115 0.0689376
FixedParameters: 0 0 0

#Transform 38
Transform: AffineTransform_float_3_3
Parameters: 0.999999 -5.75615e-05 0.00123567 5.67982e-05 1 0.000285696 -0.0012357 -0.000285556 0.999999 -0.014433 0.00617804 0.063191
FixedParameters: 0 0 0

#Transform 39
Transform: AffineTransform_float_3_3
Parameters: 0.999999 -5.73701e-05 0.00123599 5.65953e-05 1 0.00029669 -0.00123605 -0.00029755 0.999999 -0.0310957 0.0184083 0.0513238
FixedParameters: 0 0 0

#Transform 40
Transform: AffineTransform_float_3_3
Parameters: 0.999999 -5.22515e-05 0.00124523 5.06538e-05 1 0.000618502 -0.00124529 -0.000618375 0.999999 -0.0268975 0.00660704 0.0951873
FixedParameters: 0 0 0

#Transform 41
Transform: AffineTransform_float_3_3
Parameters: 1 0.000349909 0.000612822 -0.000350363 1 0.000356352 -0.000612544 -0.000355782 0.999999 -0.0272837 0.0490821 0.041487
FixedParameters: 0 0 0

#Transform 42
Transform: AffineTransform_float_3_3
Parameters: 1 -4.43692e-05 0.000520513 4.33257e-05 1 0.00105741 -0.000520641 -0.00105736 1 -0.0300149 -0.0367847 0.0715714
FixedParameters: 0 0 0

#Transform 43
Transform: AffineTransform_float_3_3
Parameters: 0.999999 0.00058195 0.000623102 -0.000581695 0.999999 0.000597074 -0.000622406 -0.000597782 0.999999 -0.0532101 -0.0385304 0.0688498
FixedParameters: 0 0 0

#Transform 44
Transform: AffineTransform_float_3_3
Parameters: 1 0.000910168 0.000614033 -0.00090986 1 0.000547472 -0.000613971 -0.000547544 0.999999 -0.0766199 0.0134314 0.105139
FixedParameters: 0 0 0

#Transform 45
Transform: AffineTransform_float_3_3
Parameters: 0.999999 0.000706532 0.000274566 -0.000706942 1 0.000851255 -0.000274396 -0.000851613 1 -0.0669787 -0.0218529 0.152682
FixedParameters: 0 0 0

#Transform 46
Transform: AffineTransform_float_3_3
Parameters: 1 0.000915119 0.000515683 -0.000915005 0.999999 0.000840471 -0.00051508 -0.000840369 0.999999 -0.100429 0.00941766 0.082806
FixedParameters: 0 0 0

#Transform 47
Transform: AffineTransform_float_3_3
Parameters: 0.999999 0.00136142 0.000504097 -0.00136188 0.999999 0.000434667 -0.000503849 -0.000435012 1 -0.0672878 -0.0325424 0.152634
FixedParameters: 0 0 0

#Transform 48
Transform: AffineTransform_float_3_3
Parameters: 1 0.000820992 0.000871606 -0.000821161 1 0.000668511 -0.000871505 -0.000669896 1 -0.0882615 0.0286277 0.0964164
FixedParameters: 0 0 0

#Transform 49
Transform: AffineTransform_float_3_3
Parameters: 1 0.000912175 0.000670717 -0.000912093 1 0.000670826 -0.000669429 -0.000671031 0.999999 -0.0749616 -0.0524063 0.105707
FixedParameters: 0 0 0

#Transform 50
Transform: AffineTransform_float_3_3
Parameters: 1 0.000661752 0.000971651 -0.000662875 0.999999 0.000539349 -0.000970908 -0.000539638 1 -0.0756411 -0.0488389 0.090933
FixedParameters: 0 0 0

#Transform 51
Transform: AffineTransform_float_3_3
Parameters: 0.999999 0.000771887 0.00108751 -0.000772892 0.999999 0.000426866 -0.00108782 -0.000427519 1 -0.0809014 0.0489172 0.101378
FixedParameters: 0 0 0

#Transform 52
Transform: AffineTransform_float_3_3
Parameters: 1 0.000646554 0.00103182 -0.000647105 0.999999 0.000714973 -0.00103087 -0.000715292 0.999999 -0.0792726 0.00358164 0.121543
FixedParameters: 0 0 0

#Transform 53
Transform: AffineTransform_float_3_3
Parameters: 0.999999 0.000712037 0.00114715 -0.000711835 0.999999 0.000314157 -0.00114667 -0.000314775 1 -0.0840748 0.00508523 0.100217
FixedParameters: 0 0 0

#Transform 54
Transform: AffineTransform_float_3_3
Parameters: 0.999998 0.000914982 0.00145845 -0.000915607 0.999999 0.000886542 -0.00145776 -0.000887149 0.999998 -0.0968993 -0.00376779 0.126519
FixedParameters: 0 0 0

#Transform 55
Transform: AffineTransform_float_3_3
Parameters: 0.999999 0.000908885 0.0012106 -0.000909109 1 0.000490767 -0.00120964 -0.000490951 0.999999 -0.0879615 0.0192037 0.146507
FixedParameters: 0 0 0

#Transform 56
Transform: AffineTransform_float_3_3
Parameters: 0.999998 0.000912529 0.00184063 -0.000913394 1 0.000752172 -0.00183919 -0.0007535 0.999998 -0.110189 0.021724 0.134739
FixedParameters: 0 0 0

#Transform 57
Transform: AffineTransform_float_3_3
Parameters: 0.999998 0.000619676 0.00184632 -0.000621299 1 0.000959687 -0.0018451 -0.000960945 0.999998 -0.105481 0.0260221 0.163827
FixedParameters: 0 0 0

#Transform 58
Transform: AffineTransform_float_3_3
Parameters: 0.999998 0.000625352 0.00164791 -0.00062621 0.999999 0.000540161 -0.00164724 -0.000541208 0.999999 -0.102155 -0.0223733 0.0949782
FixedParameters: 0 0 0

#Transform 59
Transform: AffineTransform_float_3_3
Parameters: 0.999998 0.000697098 0.00183772 -0.000697689 0.999999 0.000663305 -0.00183673 -0.000663836 0.999998 -0.108307 0.0338685 0.138425
FixedParameters: 0 0 0

#Transform 60
Transform: AffineTransform_float_3_3
Parameters: 0.999999 0.000513267 0.00148615 -0.000513299 0.999999 0.000657088 -0.00148544 -0.000657581 0.999998 -0.0950194 -0.0124304 0.0932669
FixedParameters: 0 0 0

#Transform 61
Transform: AffineTransform_float_3_3
Parameters: 0.999998 0.000372626 0.00170491 -0.000374263 0.999999 0.000755375 -0.00170437 -0.000756633 0.999999 -0.100315 0.0436909 0.105831
FixedParameters: 0 0 0

#Transform 62
Transform: AffineTransform_float_3_3
Parameters: 0.999998 0.000911377 0.00137648 -0.000912195 1 0.000652892 -0.00137526 -0.000654385 0.999999 -0.0943744 -0.0118368 0.125596
FixedParameters: 0 0 0

#Transform 63
Transform: AffineTransform_float_3_3
Parameters: 0.999998 0.000907757 0.0018314 -0.000908469 1 0.000441346 -0.00183054 -0.000442657 0.999998 -0.111504 -0.0389067 0.103642
FixedParameters: 0 0 0

#Transform 64
Transform: AffineTransform_float_3_3
Parameters: 0.999998 0.000911396 0.00136048 -0.000912195 1 0.000653366 -0.00136026 -0.000654802 0.999999 -0.0925949 0.0412246 0.147534
FixedParameters: 0 0 0

#Transform 65
Transform: AffineTransform_float_3_3
Parameters: 0.999999 0.000911145 0.00155042 -0.000912233 1 0.000647732 -0.00155017 -0.000649515 0.999998 -0.109825 0.0417204 0.114076
FixedParameters: 0 0 0

#Transform 66
Transform: AffineTransform_float_3_3
Parameters: 0.999998 0.000915533 0.00184644 -0.000917132 0.999999 0.00094805 -0.00184564 -0.000949373 0.999998 -0.110759 -0.00470254 0.120338
FixedParameters: 0 0 0

#Transform 67
Transform: AffineTransform_float_3_3
Parameters: 0.999998 0.000902108 0.00165746 -0.000902505 0.999999 7.43885e-05 -0.00165723 -7.53829e-05 0.999998 -0.103313 0.0439586 0.115083
FixedParameters: 0 0 0

#Transform 68
Transform: AffineTransform_float_3_3
Parameters: 0.999998 0.000910796 0.00183728 -0.00091224 1 0.000639223 -0.00183605 -0.000640557 0.999998 -0.109592 0.0294896 0.110429
FixedParameters: 0 0 0

#Transform 69
Transform: AffineTransform_float_3_3
Parameters: 0.999998 0.000776036 0.00182995 -0.000776626 0.999999 0.000396869 -0.0018293 -0.000398695 0.999998 -0.0966399 0.0429666 0.142123
FixedParameters: 0 0 0

#Transform 70
Transform: AffineTransform_float_3_3
Parameters: 0.999997 0.000910635 0.00197621 -0.000911244 1 0.000635121 -0.00197599 -0.000636661 0.999998 -0.115206 0.0283958 0.142737
FixedParameters: 0 0 0

#Transform 71
Transform: AffineTransform_float_3_3
Parameters: 0.999998 0.000637839 0.00173231 -0.00063919 1 0.000960695 -0.00173209 -0.000961844 0.999998 -0.105614 -0.0134879 0.162769
FixedParameters: 0 0 0

#Transform 72
Transform: AffineTransform_float_3_3
Parameters: 0.999998 0.00086415 0.00195577 -0.00087283 0.999988 0.00464795 -0.00195103 -0.0046501 0.999988 -0.116566 -0.0730192 0.418893
FixedParameters: 0 0 0

#Transform 73
Transform: AffineTransform_float_3_3
Parameters: 0.999998 0.000707382 0.00194196 -0.000715336 0.999991 0.00420608 -0.00193824 -0.00420764 0.99999 -0.139152 -0.0556183 0.397925
FixedParameters: 0 0 0

#Transform 74
Transform: AffineTransform_float_3_3
Parameters: 0.999997 0.000521721 0.00211204 -0.00052731 0.999996 0.00276481 -0.00211024 -0.00276589 0.999994 -0.138903 -0.033541 0.311535
FixedParameters: 0 0 0

#Transform 75
Transform: AffineTransform_float_3_3
Parameters: 0.999997 0.000693954 0.00241484 -0.000701893 0.999995 0.00310777 -0.0024126 -0.00310896 0.999992 -0.1594 0.0136065 0.297891
FixedParameters: 0 0 0

#Transform 76
Transform: AffineTransform_float_3_3
Parameters: 0.999997 0.000677954 0.00242603 -0.000684088 0.999997 0.00250341 -0.00242466 -0.00250455 0.999994 -0.154643 -0.0191973 0.282496
FixedParameters: 0 0 0

#Transform 77
Transform: AffineTransform_float_3_3
Parameters: 0.999998 0.000525167 0.00227861 -0.000532722 0.999995 0.00322612 -0.00227633 -0.00322738 0.999992 -0.147912 -0.0282819 0.308577
FixedParameters: 0 0 0

#Transform 78
Transform: AffineTransform_float_3_3
Parameters: 0.999998 0.000955091 0.00170547 -0.000960688 0.999994 0.00347797 -0.00170198 -0.00348005 0.999993 -0.148638 -0.0601453 0.392326
FixedParameters: 0 0 0

#Transform 79
Transform: AffineTransform_float_3_3
Parameters: 0.999998 0.000943335 0.00186304 -0.000948509 0.999995 0.00275408 -0.00186093 -0.00275643 0.999995 -0.152709 -0.0110488 0.325779
FixedParameters: 0 0 0

#Transform 80
Transform: AffineTransform_float_3_3
Parameters: 0.999998 0.000961987 0.00180347 -0.000968913 0.999991 0.0039472 -0.00179902 -0.00394847 0.99999 -0.160259 -0.0168599 0.430279
FixedParameters: 0 0 0

#Transform 81
Transform: AffineTransform_float_3_3
Parameters: 0.999998 0.00094235 0.00171433 -0.000946412 0.999996 0.00266448 -0.00171233 -0.00266554 0.999995 -0.157964 0.00345181 0.355099
FixedParameters: 0 0 0

#Transform 82
Transform: AffineTransform_float_3_3
Parameters: 0.999998 0.000950794 0.00175164 -0.000955861 0.999995 0.00321353 -0.00174862 -0.00321468 0.999994 -0.163587 0.015863 0.439283
FixedParameters: 0 0 0

#Transform 83
Transform: AffineTransform_float_3_3
Parameters: 0.999998 0.0009431 0.00168356 -0.000947121 0.999996 0.0027064 -0.00168051 -0.00270843 0.999995 -0.172776 0.018114 0.393553
FixedParameters: 0 0 0

#Transform 84
Transform: AffineTransform_float_3_3
Parameters: 0.999998 0.000954323 0.00144014 -0.00095876 0.999994 0.00336981 -0.00143686 -0.00337138 0.999994 -0.182894 -0.0210411 0.399013
FixedParameters: 0 0 0

#Transform 85
Transform: AffineTransform_float_3_3
Parameters: 0.999998 0.000812925 0.00154661 -0.000818078 0.999994 0.00336927 -0.00154328 -0.00337064 0.999993 -0.152246 0.0120315 0.415624
FixedParameters: 0 0 0

#Transform 86
Transform: AffineTransform_float_3_3
Parameters: 0.999998 0.000647797 0.00163113 -0.000651824 0.999996 0.00248836 -0.00163 -0.00248935 0.999996 -0.172134 -0.0190168 0.341289
FixedParameters: 0 0 0

#Transform 87
Transform: AffineTransform_float_3_3
Parameters: 0.999999 0.000945735 0.00166646 -0.000950174 0.999996 0.00287195 -0.00166409 -0.00287294 0.999995 -0.167605 0.0126322 0.417842
FixedParameters: 0 0 0

#Transform 88
Transform: AffineTransform_float_3_3
Parameters: 0.999998 0.000938739 0.00143092 -0.000941474 0.999996 0.0023858 -0.0014285 -0.00238736 0.999996 -0.161471 -0.0350883 0.329842
FixedParameters: 0 0 0

#Transform 89
Transform: AffineTransform_float_3_3
Parameters: 0.999998 0.00094175 0.00143656 -0.000945001 0.999996 0.00257568 -0.00143477 -0.00257723 0.999995 -0.166409 0.0391113 0.350196
FixedParameters: 0 0 0

#Transform 90
Transform: AffineTransform_float_3_3
Parameters: 0.999997 0.000936862 0.00240545 -0.000942507 0.999997 0.00242292 -0.00240293 -0.00242528 0.999994 -0.187704 -0.0223675 0.324547
FixedParameters: 0 0 0

#Transform 91
Transform: AffineTransform_float_3_3
Parameters: 0.999997 8.31556e-05 0.00251255 -8.79444e-05 0.999997 0.00213335 -0.00251225 -0.00213367 0.999994 -0.165029 0.0421943 0.464245
FixedParameters: 0 0 0

#Transform 92
Transform: AffineTransform_float_3_3
Parameters: 0.999998 8.37743e-05 0.00228865 -8.85804e-05 0.999998 0.00213979 -0.00228934 -0.00214007 0.999995 -0.176436 -0.0122147 0.413063
FixedParameters: 0 0 0

#Transform 93
Transform: AffineTransform_float_3_3
Parameters: 0.999998 -0.00023784 0.002059 0.00023526 0.999999 0.00134414 -0.00205869 -0.00134415 0.999997 -0.145513 0.077101 0.422832
FixedParameters: 0 0 0

#Transform 94
Transform: AffineTransform_float_3_3
Parameters: 0.999997 -0.00048545 0.00219708 0.000480636 0.999998 0.00224849 -0.00219838 -0.00224731 0.999995 -0.148804 0.0526342 0.445169
FixedParameters: 0 0 0

#Transform 95
Transform: AffineTransform_float_3_3
Parameters: 0.999998 -0.000264279 0.0022554 0.000260944 0.999998 0.0016032 -0.00225531 -0.00160298 0.999996 -0.158725 0.0226601 0.363808
FixedParameters: 0 0 0

#Transform 96
Transform: AffineTransform_float_3_3
Parameters: 0.999998 -0.000138443 0.00234239 0.00013394 0.999999 0.00180137 -0.00234291 -0.00180066 0.999995 -0.155145 0.0726912 0.359871
FixedParameters: 0 0 0

#Transform 97
Transform: AffineTransform_float_3_3
Parameters: 0.999997 8.55677e-05 0.00251727 -9.11589e-05 0.999998 0.00229725 -0.00251693 -0.00229659 0.999994 -0.154848 0.00173967 0.369661
FixedParameters: 0 0 0

#Transform 98
Transform: AffineTransform_float_3_3
Parameters: 0.999997 -0.000356094 0.00250127 0.000352145 0.999999 0.0017791 -0.00250263 -0.00177825 0.999996 -0.160429 0.00567064 0.296958
FixedParameters: 0 0 0

#Transform 99
Transform: AffineTransform_float_3_3
Parameters: 0.999997 -0.000465763 0.00253056 0.000458526 0.999996 0.00282499 -0.00253233 -0.00282355 0.999993 -0.161086 -0.0136336 0.36763
FixedParameters: 0 0 0

#Transform 100
Transform: AffineTransform_float_3_3
Parameters: 0.999997 -0.000485241 0.00249308 0.00048166 0.999998 0.00149971 -0.00249459 -0.00149824 0.999996 -0.156515 0.0572834 0.332264
FixedParameters: 0 0 0

#Transform 101
Transform: AffineTransform_float_3_3
Parameters: 0.999996 -0.000485363 0.00255405 0.000481607 0.999998 0.00149799 -0.00255556 -0.00149645 0.999995 -0.161442 0.034298 0.33188
FixedParameters: 0 0 0

#Transform 102
Transform: AffineTransform_float_3_3
Parameters: 0.999997 -0.000261298 0.00249531 0.000257401 0.999998 0.00156128 -0.00249618 -0.00156092 0.999995 -0.160566 0.0739708 0.387642
FixedParameters: 0 0 0

#Transform 103
Transform: AffineTransform_float_3_3
Parameters: 0.999997 -0.000151189 0.00250151 0.000146285 0.999999 0.00177005 -0.00250213 -0.00177024 0.999996 -0.162215 0.0263722 0.354682
FixedParameters: 0 0 0

#Transform 104
Transform: AffineTransform_float_3_3
Parameters: 0.999997 -0.000288288 0.00249909 0.000283759 0.999999 0.00169677 -0.00250016 -0.00169628 0.999996 -0.159472 0.0865353 0.354014
FixedParameters: 0 0 0

#Transform 105
Transform: AffineTransform_float_3_3
Parameters: 0.999997 -0.000203011 0.00249598 0.000199018 0.999998 0.00158013 -0.00249667 -0.00158006 0.999995 -0.159361 0.0354109 0.375853
FixedParameters: 0 0 0

#Transform 106
Transform: AffineTransform_float_3_3
Parameters: 0.999997 -0.000313556 0.00248115 0.000311157 1 0.00106745 -0.00248188 -0.00106685 0.999997 -0.157355 0.0406668 0.335422
FixedParameters: 0 0 0

#Transform 107
Transform: AffineTransform_float_3_3
Parameters: 0.999997 -0.000336517 0.00242697 0.000332033 0.999998 0.00194392 -0.00242737 -0.00194324 0.999995 -0.159382 -0.0138088 0.373516
FixedParameters: 0 0 0

#Transform 108
Transform: AffineTransform_float_3_3
Parameters: 0.999997 -0.000343433 0.00249296 0.000339925 0.999999 0.00148492 -0.00249404 -0.00148415 0.999996 -0.152584 0.0443006 0.391169
FixedParameters: 0 0 0

#Transform 109
Transform: AffineTransform_float_3_3
Parameters: 0.999996 -0.00034794 0.00259153 0.000344687 0.999999 0.00118704 -0.00259142 -0.00118623 0.999996 -0.162955 0.0984752 0.372032
FixedParameters: 0 0 0

#Transform 110
Transform: AffineTransform_float_3_3
Parameters: 0.999997 -0.000341542 0.00249666 0.000337359 0.999998 0.00161484 -0.00249778 -0.00161308 0.999995 -0.161303 0.0442208 0.4178
FixedParameters: 0 0 0

#Transform 111
Transform: AffineTransform_float_3_3
Parameters: 0.999997 -0.000347574 0.00253912 0.00034432 0.999999 0.00120854 -0.00253999 -0.00120673 0.999996 -0.16262 0.0532531 0.391503
FixedParameters: 0 0 0

#Transform 112
Transform: AffineTransform_float_3_3
Parameters: 0.999997 -0.000349332 0.00248154 0.000346854 1 0.00108314 -0.00248235 -0.00108237 0.999997 -0.159123 0.0632175 0.306789
FixedParameters: 0 0 0

#Transform 113
Transform: AffineTransform_float_3_3
Parameters: 0.999996 -0.000683879 0.00256707 0.000678881 0.999998 0.00194177 -0.00256784 -0.00194025 0.999995 -0.158906 0.0629574 0.312682
FixedParameters: 0 0 0

#Transform 114
Transform: AffineTransform_float_3_3
Parameters: 0.999998 0.000924186 0.00197284 -0.000940251 0.999967 0.00808931 -0.00196484 -0.00809153 0.999966 -0.156272 -0.240878 0.216226
FixedParameters: 0 0 0

#Transform 115
Transform: AffineTransform_float_3_3
Parameters: 0.999997 0.00251805 0.000696936 -0.0025231 0.999966 0.0078589 -0.000676225 -0.00786074 0.999968 -0.132785 -0.204239 0.454548
FixedParameters: 0 0 0

#Transform 116
Transform: AffineTransform_float_3_3
Parameters: 0.999996 0.00262397 0.000338493 -0.0026256 0.999983 0.00516656 -0.000324732 -0.00516789 0.999987 -0.145546 -0.106785 0.468968
FixedParameters: 0 0 0

#Transform 117
Transform: AffineTransform_float_3_3
Parameters: 0.999996 0.00248974 0.000898524 -0.00249577 0.999978 0.00624307 -0.000882902 -0.00624499 0.99998 -0.163741 -0.0918274 0.51286
FixedParameters: 0 0 0

#Transform 118
Transform: AffineTransform_float_3_3
Parameters: 0.999997 0.00209466 0.000867459 -0.00210001 0.999984 0.00532153 -0.00085651 -0.00532276 0.999986 -0.159365 -0.0563946 0.487777
FixedParameters: 0 0 0

#Transform 119
Transform: AffineTransform_float_3_3
Parameters: 0.999997 0.00241509 0.000737684 -0.00241961 0.999981 0.00578413 -0.000723125 -0.00578522 0.999983 -0.180715 -0.0578102 0.512134
FixedParameters: 0 0 0

#Transform 120
Transform: AffineTransform_float_3_3
Parameters: 0.999996 0.00281326 0.000800362 -0.00281661 0.999983 0.00508765 -0.000785973 -0.00509063 0.999986 -0.209806 -0.0883929 0.485977
FixedParameters: 0 0 0

#Transform 121
Transform: AffineTransform_float_3_3
Parameters: 0.999996 0.00282042 0.000498679 -0.0028229 0.999982 0.00541925 -0.000483451 -0.00542154 0.999985 -0.21674 -0.0418848 0.489636
FixedParameters: 0 0 0

#Transform 122
Transform: AffineTransform_float_3_3
Parameters: 0.999996 0.00282034 0.000643124 -0.00282345 0.999981 0.00546272 -0.00062762 -0.00546481 0.999984 -0.211865 -0.0853057 0.501076
FixedParameters: 0 0 0

#Transform 123
Transform: AffineTransform_float_3_3
Parameters: 0.999997 0.00252891 0.000148195 -0.0025296 0.999984 0.00504908 -0.000134986 -0.00504944 0.999987 -0.232198 -0.0671857 0.522548
FixedParameters: 0 0 0

#Transform 124
Transform: AffineTransform_float_3_3
Parameters: 0.999995 0.00297017 -3.49526e-05 -0.00296998 0.999983 0.00506331 5.07049e-05 -0.00506366 0.999987 -0.240753 -0.052991 0.595904
FixedParameters: 0 0 0

#Transform 125
Transform: AffineTransform_float_3_3
Parameters: 0.999995 0.00322625 0.00053424 -0.00322961 0.999984 0.00476356 -0.000518677 -0.0047655 0.999989 -0.275431 -0.0432408 0.642828
FixedParameters: 0 0 0

#Transform 126
Transform: AffineTransform_float_3_3
Parameters: 0.999995 0.00323369 0.000384826 -0.0032358 0.999982 0.00515948 -0.000368707 -0.0051604 0.999987 -0.273432 -0.0385928 0.71103
FixedParameters: 0 0 0

#Transform 127
Transform: AffineTransform_float_3_3
Parameters: 0.999995 0.00323707 0.000152766 -0.00323779 0.999981 0.00528592 -0.000134832 -0.00528638 0.999986 -0.272479 -0.0966251 0.738427
FixedParameters: 0 0 0

#Transform 128
Transform: AffineTransform_float_3_3
Parameters: 0.999995 0.00320944 0.000157428 -0.00321016 0.999988 0.00368019 -0.000145858 -0.00368081 0.999993 -0.302864 0.0407866 0.70632
FixedParameters: 0 0 0

#Transform 129
Transform: AffineTransform_float_3_3
Parameters: 0.999994 0.00342972 0.000194753 -0.00343091 0.999982 0.00481294 -0.000177896 -0.00481275 0.999989 -0.299249 0.014081 0.714799
FixedParameters: 0 0 0

#Transform 130
Transform: AffineTransform_float_3_3
Parameters: 0.999994 0.00337615 0.000689696 -0.00337797 0.999987 0.00378231 -0.000677138 -0.00378449 0.999993 -0.326464 -0.0703672 0.629226
FixedParameters: 0 0 0

#Transform 131
Transform: AffineTransform_float_3_3
Parameters: 0.999994 0.00355136 0.000131243 -0.00355191 0.999986 0.00378421 -0.000118382 -0.00378469 0.999992 -0.322081 0.0380363 0.677057
FixedParameters: 0 0 0

#Transform 132
Transform: AffineTransform_float_3_3
Parameters: 0.999994 0.00344185 0.000952517 -0.00344575 0.999986 0.00382569 -0.000939124 -0.00382877 0.999992 -0.339529 0.00519087 0.734316
FixedParameters: 0 0 0

#Transform 133
Transform: AffineTransform_float_3_3
Parameters: 0.999994 0.00318293 0.000774995 -0.00318524 0.999993 0.00221697 -0.000768708 -0.00221863 0.999997 -0.308183 0.0334184 0.67074
FixedParameters: 0 0 0

#Transform 134
Transform: AffineTransform_float_3_3
Parameters: 0.999995 0.00317738 0.000471985 -0.00317903 0.999993 0.00184549 -0.000467085 -0.00184627 0.999998 -0.297222 0.114511 0.771275
FixedParameters: 0 0 0

#Transform 135
Transform: AffineTransform_float_3_3
Parameters: 0.999995 0.00317232 0.000344935 -0.00317333 0.999994 0.00153243 -0.000340036 -0.00153346 0.999998 -0.308007 0.0692792 0.782289
FixedParameters: 0 0 0

#Transform 136
Transform: AffineTransform_float_3_3
Parameters: 0.999995 0.0029372 0.000226053 -0.00293759 0.999995 0.000985963 -0.000223151 -0.000987194 1 -0.306958 0.0922891 0.782442
FixedParameters: 0 0 0

#Transform 137
Transform: AffineTransform_float_3_3
Parameters: 0.999995 0.0029075 0.000424293 -0.00290801 0.999994 0.00190881 -0.000418085 -0.0019101 0.999998 -0.304562 0.0641087 0.788474
FixedParameters: 0 0 0

#Transform 138
Transform: AffineTransform_float_3_3
Parameters: 0.999996 0.00273819 0.000763382 -0.00273861 0.999996 0.000902462 -0.000761269 -0.000904535 1 -0.310194 0.0904365 0.763077
FixedParameters: 0 0 0

#Transform 139
Transform: AffineTransform_float_3_3
Parameters: 0.999997 0.00264732 0.00043633 -0.00264751 0.999997 0.000176887 -0.000436197 -0.000177169 1 -0.31629 0.119271 0.794634
FixedParameters: 0 0 0

#Transform 140
Transform: AffineTransform_float_3_3
Parameters: 0.999996 0.00275412 0.000609015 -0.00275516 0.999996 0.000828977 -0.000606282 -0.000830268 1 -0.32145 0.10742 0.83672
FixedParameters: 0 0 0

#Transform 141
Transform: AffineTransform_float_3_3
Parameters: 0.999995 0.00287518 0.000651017 -0.00287576 0.999996 0.00041123 -0.000649451 -0.000412941 0.999999 -0.314247 0.100178 0.763179
FixedParameters: 0 0 0

#Transform 142
Transform: AffineTransform_float_3_3
Parameters: 0.999996 0.00274497 0.000610844 -0.00274654 0.999996 0.00130038 -0.000607535 -0.00130161 0.999999 -0.305898 0.105001 0.793913
FixedParameters: 0 0 0

#Transform 143
Transform: AffineTransform_float_3_3
Parameters: 0.999996 0.00284483 0.000574221 -0.00284531 0.999996 0.000388183 -0.000572812 -0.000389418 1 -0.315486 0.0994175 0.725316
FixedParameters: 0 0 0

#Transform 144
Transform: AffineTransform_float_3_3
Parameters: 0.999996 0.00285019 0.000166323 -0.00285048 0.999995 0.000809248 -0.000164541 -0.000809105 0.999999 -0.302248 0.14068 0.744842
FixedParameters: 0 0 0

#Transform 145
Transform: AffineTransform_float_3_3
Parameters: 0.999996 0.00275894 0.000407846 -0.00275976 0.999995 0.000985331 -0.000405271 -0.000986489 1 -0.303166 0.0268945 0.749305
FixedParameters: 0 0 0

#Transform 146
Transform: AffineTransform_float_3_3
Parameters: 0.999996 0.0027579 0.000493132 -0.00275885 0.999996 0.000929626 -0.00048984 -0.00093028 1 -0.314253 0.0689594 0.72998
FixedParameters: 0 0 0

#Transform 147
Transform: AffineTransform_float_3_3
Parameters: 0.999996 0.00275799 0.000545422 -0.00275905 0.999996 0.000937981 -0.000543081 -0.000938899 1 -0.321867 0.078194 0.7907
FixedParameters: 0 0 0

#Transform 148
Transform: AffineTransform_float_3_3
Parameters: 0.999995 0.00308039 0.000691094 -0.0030816 0.999995 0.000846574 -0.000687674 -0.000848765 1 -0.331312 0.0809227 0.753873
FixedParameters: 0 0 0

#Transform 149
Transform: AffineTransform_float_3_3
Parameters: 0.999996 0.00275322 0.00064756 -0.00275408 0.999996 0.000654669 -0.00064578 -0.000657173 0.999999 -0.312534 0.0893032 0.709279
FixedParameters: 0 0 0

#Transform 150
Transform: AffineTransform_float_3_3
Parameters: 0.999996 0.0028775 0.000362185 -0.00287867 0.999995 0.00178221 -0.000356847 -0.00178413 0.999999 -0.322298 0.0286611 0.816501
FixedParameters: 0 0 0

#Transform 151
Transform: AffineTransform_float_3_3
Parameters: 0.999996 0.00299748 0.000373817 -0.00299799 0.999996 0.000657009 -0.000371671 -0.000658186 0.999999 -0.330765 0.0886115 0.757976
FixedParameters: 0 0 0

#Transform 152
Transform: AffineTransform_float_3_3
Parameters: 0.999994 0.00325136 0.000247317 -0.00325169 0.999995 0.000758669 -0.000245178 -0.000759183 0.999999 -0.344806 0.130236 0.775735
FixedParameters: 0 0 0

#Transform 153
Transform: AffineTransform_float_3_3
Parameters: 0.999994 0.0032519 0.000289874 -0.00325249 0.999994 0.00108851 -0.000285622 -0.0010893 1 -0.340625 0.0787839 0.792398
FixedParameters: 0 0 0

#Transform 154
Transform: AffineTransform_float_3_3
Parameters: 0.999996 0.00298054 0.000596169 -0.00298152 0.999995 0.000791335 -0.000594214 -0.000792798 0.999999 -0.33858 0.107867 0.726353
FixedParameters: 0 0 0

#Transform 155
Transform: AffineTransform_float_3_3
Parameters: 0.999996 0.00299424 0.000767445 -0.00299512 0.999995 0.00120694 -0.000764009 -0.00120939 0.999999 -0.336813 0.069512 0.776457
FixedParameters: 0 0 0

#Transform 156
Transform: AffineTransform_float_3_3
Parameters: 0.999995 0.00288554 0.000966966 -0.00288679 0.999995 0.000626185 -0.000965179 -0.000629705 1 -0.357877 0.0777006 0.747358
FixedParameters: 0 0 0

#Transform 157
Transform: AffineTransform_float_3_3
Parameters: 0.999995 0.00282741 0.000838734 -0.00282806 0.999996 0.000369128 -0.000838442 -0.000371814 0.999999 -0.334648 0.148358 0.791181
FixedParameters: 0 0 0

#Transform 158
Transform: AffineTransform_float_3_3
Parameters: 0.999995 0.00286826 0.000761007 -0.00286932 0.999995 0.000663035 -0.000759008 -0.000664339 1 -0.325944 0.14601 0.828536
FixedParameters: 0 0 0

#Transform 159
Transform: AffineTransform_float_3_3
Parameters: 0.999995 0.00283856 0.00124968 -0.0028385 0.999996 0.000328938 -0.00124858 -0.000332986 0.999999 -0.343594 0.089307 0.768155
FixedParameters: 0 0 0

#Transform 160
Transform: AffineTransform_float_3_3
Parameters: 0.999995 0.00279972 0.00111115 -0.00280126 0.999996 0.00114053 -0.00110856 -0.00114362 0.999998 -0.330495 0.0881696 0.847596
FixedParameters: 0 0 0

#Transform 161
Transform: AffineTransform_float_3_3
Parameters: 0.999996 0.0027256 0.00100018 -0.00272654 0.999996 0.000447931 -0.000999566 -0.000451326 1 -0.333406 0.101374 0.834741
FixedParameters: 0 0 0

#Transform 162
Transform: AffineTransform_float_3_3
Parameters: 0.999996 0.00272646 0.00125537 -0.00272788 0.999996 0.000512922 -0.00125431 -0.000515711 0.999999 -0.352008 0.147557 0.837553
FixedParameters: 0 0 0

#Transform 163
Transform: AffineTransform_float_3_3
Parameters: 0.999995 0.00272819 0.00114749 -0.00272866 0.999996 0.000614368 -0.00114594 -0.000617552 0.999999 -0.345878 0.103426 0.856422
FixedParameters: 0 0 0

#Transform 164
Transform: AffineTransform_float_3_3
Parameters: 0.999996 0.00271897 0.00103732 -0.00271908 0.999997 3.86275e-05 -0.00103693 -4.22682e-05 1 -0.355233 0.105432 0.79015
FixedParameters: 0 0 0

#Transform 165
Transform: AffineTransform_float_3_3
Parameters: 0.999995 0.00272657 0.00125548 -0.00272792 0.999996 0.00051692 -0.00125446 -0.000520709 0.999999 -0.364871 0.147503 0.837846
FixedParameters: 0 0 0

#Transform 166
Transform: AffineTransform_float_3_3
Parameters: 0.999997 0.00254821 0.000901791 -0.00254829 0.999997 -5.04586e-06 -0.000901615 2.44856e-06 0.999999 -0.341455 0.09819 0.822285
FixedParameters: 0 0 0

#Transform 167
Transform: AffineTransform_float_3_3
Parameters: 0.999995 0.00271655 0.00116069 -0.00271635 0.999997 -0.000110303 -0.00116109 0.000106994 1 -0.374113 0.117458 0.795702
FixedParameters: 0 0 0

#Transform 168
Transform: AffineTransform_float_3_3
Parameters: 0.999995 0.00272177 0.00109186 -0.00272229 0.999997 0.000213969 -0.0010915 -0.000216885 1 -0.362076 0.0905 0.823922
FixedParameters: 0 0 0

#Transform 169
Transform: AffineTransform_float_3_3
Parameters: 0.999995 0.00283226 0.00124131 -0.00283159 0.999996 -0.000316101 -0.00124186 0.000312038 0.999999 -0.378522 0.0951326 0.777569
FixedParameters: 0 0 0

#Transform 170
Transform: AffineTransform_float_3_3
Parameters: 0.999996 0.0027184 0.000939216 -0.00271847 0.999997 4.70303e-06 -0.00093996 -6.78391e-06 0.999999 -0.383195 0.147862 0.775904
FixedParameters: 0 0 0

#Transform 171
Transform: AffineTransform_float_3_3
Parameters: 0.999996 0.0027245 0.000772758 -0.00272511 0.999996 0.000374063 -0.000771518 -0.000376243 0.999999 -0.37346 0.0457598 0.833507
FixedParameters: 0 0 0

#Transform 172
Transform: AffineTransform_float_3_3
Parameters: 0.999995 0.00271363 0.00151206 -0.00271387 0.999997 -0.000295434 -0.0015134 0.000291203 0.999999 -0.388314 0.137222 0.773606
FixedParameters: 0 0 0

#Transform 173
Transform: AffineTransform_float_3_3
Parameters: 0.999995 0.00272658 0.00111829 -0.00272778 0.999996 0.000513235 -0.00111729 -0.000516276 0.999999 -0.377366 0.133718 0.808041
FixedParameters: 0 0 0

#Transform 174
Transform: AffineTransform_float_3_3
Parameters: 0.999996 0.00272556 0.000464328 -0.00272597 0.999996 0.000428787 -0.000462819 -0.000430285 1 -0.351692 0.136738 0.846503
FixedParameters: 0 0 0

#Transform 175
Transform: AffineTransform_float_3_3
Parameters: 0.999995 0.00271899 0.00108042 -0.00271913 0.999997 4.12723e-05 -0.00108 -4.4148e-05 1 -0.368591 0.0828164 0.754264
FixedParameters: 0 0 0

#Transform 176
Transform: AffineTransform_float_3_3
Parameters: 0.999996 0.00273156 0.00104288 -0.00273232 0.999996 0.000818727 -0.0010402 -0.000821345 0.999999 -0.352076 0.127573 0.811418
FixedParameters: 0 0 0

#Transform 177
Transform: AffineTransform_float_3_3
Parameters: 0.999996 0.00271796 0.000733217 -0.00271796 0.999997 -2.38258e-05 -0.000733146 2.18397e-05 0.999999 -0.353291 0.0896563 0.830828
FixedParameters: 0 0 0

#Transform 178
Transform: AffineTransform_float_3_3
Parameters: 0.999996 0.00272082 0.000790728 -0.00272109 0.999997 0.000150423 -0.000790707 -0.000152698 0.999999 -0.360781 0.190337 0.828205
FixedParameters: 0 0 0

#Transform 179
Transform: AffineTransform_float_3_3
Parameters: 0.999996 0.00300361 -0.000311271 -0.00300281 0.999994 0.00126406 0.000314973 -0.00126306 0.999999 -0.329387 0.0754364 0.860099
FixedParameters: 0 0 0

#Transform 180
Transform: AffineTransform_float_3_3
Parameters: 0.999995 0.00294401 0.00020471 -0.00294425 0.999995 0.000564246 -0.000203219 -0.00056439 1 -0.340903 0.132036 0.835102
FixedParameters: 0 0 0

#Transform 181
Transform: AffineTransform_float_3_3
Parameters: 0.999995 0.00322349 0.00026646 -0.00322389 0.999995 0.000826587 -0.000263925 -0.000827209 0.999999 -0.359193 0.121232 0.844996
FixedParameters: 0 0 0

#Transform 182
Transform: AffineTransform_float_3_3
Parameters: 0.999995 0.0033738 -0.000129288 -0.00337336 0.999993 0.0014571 0.000134292 -0.00145607 0.999999 -0.339398 0.0764568 0.883086
FixedParameters: 0 0 0

#Transform 183
Transform: AffineTransform_float_3_3
Parameters: 0.999995 0.00230012 0.00185136 -0.00230213 0.999997 0.000777449 -0.00184958 -0.000781894 0.999998 -0.305015 0.0740809 0.323035
FixedParameters: 0 0 0

#Transform 184
Transform: AffineTransform_float_3_3
Parameters: 0.99999 0.00151097 0.00411615 -0.00152839 0.999991 0.00404989 -0.00410991 -0.00405595 0.999984 -0.252982 -0.138921 0.164904
FixedParameters: 0 0 0

#Transform 185
Transform: AffineTransform_float_3_3
Parameters: 0.999996 0.0028675 -0.00112275 -0.0028626 0.999985 0.00456612 0.00113659 -0.00456339 0.999989 -0.13861 0.0757704 0.748715
FixedParameters: 0 0 0

#Transform 186
Transform: AffineTransform_float_3_3
Parameters: 0.999993 0.00293999 -0.00201076 -0.00293077 0.999986 0.00437898 0.00202308 -0.00437291 0.999989 -0.140323 -0.0193477 0.82478
FixedParameters: 0 0 0

#Transform 187
Transform: AffineTransform_float_3_3
Parameters: 0.999994 0.00284454 -0.00203653 -0.00283836 0.999991 0.00316344 0.00204529 -0.00315769 0.999993 -0.169359 0.064698 0.858981
FixedParameters: 0 0 0

#Transform 188
Transform: AffineTransform_float_3_3
Parameters: 0.999994 0.00283685 -0.00192854 -0.0028319 0.999992 0.0027819 0.00193715 -0.00277584 0.999994 -0.16878 0.042262 0.863434
FixedParameters: 0 0 0

#Transform 189
Transform: AffineTransform_float_3_3
